100 1000 37
1 86 58 5 4 2
86 52 39 8 6 1
52 42 84 9 6 6
42 83 32 9 2 1
83 32 68 10 7 6
32 72 28 5 6 5
72 2 19 6 7 6
2 50 37 1 4 1
50 67 18 8 8 6
67 58 12 7 4 3
58 80 36 10 6 4
80 60 74 4 7 4
60 45 76 2 8 6
45 51 80 3 7 2
51 65 15 3 3 0
65 10 79 1 1 0
10 11 17 6 7 6
11 94 83 7 10 1
94 24 87 4 5 4
24 98 85 4 2 0
98 66 84 1 3 3
66 38 42 4 3 3
38 36 41 6 1 1
36 85 72 7 6 1
85 48 28 3 6 1
48 47 97 2 10 6
47 20 56 3 9 4
20 54 86 9 2 0
54 76 12 1 9 0
76 96 15 4 5 0
96 74 57 9 2 2
74 93 91 1 8 6
93 70 14 5 1 0
70 26 40 3 7 7
26 21 30 6 7 5
21 69 80 4 8 0
69 61 61 7 3 1
61 97 87 10 6 5
97 95 97 7 10 2
95 29 91 6 7 0
29 77 57 8 8 6
77 39 56 5 3 3
39 17 53 4 5 4
17 3 91 10 5 2
3 5 24 2 7 5
5 46 94 5 4 1
46 55 51 7 9 3
55 33 92 9 8 0
33 92 12 10 7 5
92 88 44 8 3 3
88 41 36 3 3 3
41 40 57 5 10 9
40 28 91 10 7 5
28 6 90 7 4 2
6 23 87 7 8 8
23 14 10 3 7 3
14 82 78 9 7 1
82 9 76 10 7 3
9 78 84 7 6 4
78 16 63 8 10 0
16 84 82 7 8 3
84 63 90 9 3 1
63 18 99 5 8 0
18 99 28 4 5 2
99 57 24 9 2 0
57 81 10 2 2 0
81 27 60 5 10 3
27 49 67 4 8 3
49 12 22 2 4 2
12 73 40 7 4 0
73 13 20 8 5 0
13 19 55 5 10 2
19 7 82 3 7 0
7 34 31 8 7 2
34 44 98 10 8 6
44 62 21 7 2 0
62 15 48 10 2 0
15 4 90 6 4 3
4 22 50 2 2 2
22 43 85 10 6 3
43 64 84 4 9 1
64 53 62 7 9 6
53 90 98 2 10 10
90 89 56 5 2 1
89 91 29 10 8 2
91 68 79 2 1 0
68 75 71 9 1 0
75 79 76 2 8 0
79 37 43 7 2 2
37 35 99 5 4 1
35 8 64 7 7 0
8 71 91 3 3 3
71 30 69 2 1 0
30 87 47 3 5 1
87 25 73 1 6 0
25 59 25 6 3 0
59 31 56 3 4 4
31 100 31 8 9 9
75 48 94 9 6 3
58 79 85 5 3 0
30 27 34 1 10 7
27 37 90 5 9 2
57 38 88 7 4 0
86 3 35 2 3 2
68 26 89 7 2 0
8 62 76 1 10 7
80 35 36 5 4 2
45 31 44 9 3 1
83 87 75 8 10 7
13 10 71 8 10 1
51 7 54 3 2 0
59 50 100 9 9 9
50 11 12 7 2 0
54 48 98 6 2 2
77 85 44 5 1 1
98 82 48 7 7 6
3 39 68 3 5 3
4 85 79 7 9 2
31 25 81 6 4 4
87 16 90 1 2 0
83 62 29 1 3 1
17 56 79 6 9 2
43 80 90 1 5 3
28 61 17 7 5 5
29 14 24 5 10 1
38 81 46 5 4 4
24 73 58 7 3 3
72 41 17 4 8 5
44 80 77 2 3 1
1 45 85 10 10 0
83 88 64 4 1 1
64 18 74 1 8 2
4 10 80 7 10 2
94 97 87 1 10 9
39 41 37 7 3 3
90 49 24 9 5 3
5 90 59 6 2 1
16 81 21 9 4 0
30 53 28 3 3 3
74 69 18 6 3 2
40 96 29 8 9 8
39 60 26 9 8 5
27 3 25 7 1 0
80 46 66 6 8 4
40 10 13 10 6 0
15 46 15 4 1 0
11 17 38 4 8 5
84 99 49 8 8 4
29 7 71 10 1 1
29 90 60 3 9 3
74 70 32 8 3 0
42 9 77 3 10 6
63 72 12 2 2 2
19 91 86 2 8 6
21 85 69 2 3 0
48 37 64 6 10 9
97 78 49 4 9 0
35 36 99 4 9 3
7 16 26 5 7 7
18 93 88 1 7 4
39 43 62 7 6 5
69 71 43 4 2 0
81 77 92 10 3 2
66 7 79 7 1 1
84 49 93 10 5 5
75 86 75 9 5 3
59 75 93 5 10 7
34 89 51 9 9 7
77 1 25 6 10 1
64 81 100 10 7 2
59 25 65 8 9 9
24 16 34 8 5 5
49 78 23 9 4 0
49 25 39 4 7 0
22 5 50 10 1 1
30 84 24 3 1 1
22 99 23 9 9 0
92 75 68 2 1 1
20 18 69 9 7 5
84 53 75 4 8 2
56 73 69 8 7 3
46 43 11 2 8 3
64 96 29 4 8 5
30 63 91 6 8 0
63 51 85 8 9 3
44 17 93 7 1 1
96 67 72 10 9 4
3 72 39 4 9 8
100 68 10 5 7 7
74 43 12 8 9 6
81 17 97 7 2 1
50 56 26 10 8 4
14 36 15 10 2 0
50 45 60 6 4 2
88 38 60 8 7 5
50 16 100 4 6 2
71 66 69 7 7 6
47 82 52 6 1 1
30 90 62 1 8 3
80 70 59 4 8 4
48 12 38 8 2 0
22 71 48 4 4 4
46 70 99 10 1 0
62 90 33 6 1 0
100 28 24 8 1 0
68 49 16 7 6 4
18 21 62 1 1 0
77 33 100 1 7 5
29 5 22 3 4 3
25 48 65 7 5 5
80 17 91 6 10 6
62 79 72 9 9 5
91 43 14 1 1 1
42 73 91 4 6 4
54 36 64 6 1 1
44 85 29 6 3 1
43 67 93 8 10 0
64 74 51 6 3 2
17 80 63 9 6 6
8 86 40 5 9 0
43 1 94 7 6 6
77 70 32 2 5 5
98 76 31 10 9 4
83 86 33 1 5 5
29 24 67 9 10 7
70 69 100 4 10 1
74 41 20 10 8 5
34 13 51 1 5 3
7 23 65 6 9 6
31 4 33 1 6 5
33 63 90 1 7 0
52 49 84 10 2 0
84 78 42 4 1 0
11 88 13 7 6 1
6 27 28 6 5 5
74 14 66 6 5 1
97 9 72 10 6 3
56 58 65 7 10 5
77 51 33 1 3 0
79 69 26 1 8 2
44 59 82 6 10 3
6 76 65 5 7 6
1 49 43 10 2 0
69 22 17 1 4 2
83 56 20 10 6 1
40 80 51 6 8 4
93 65 34 9 7 6
52 76 29 7 1 0
99 39 53 1 8 8
26 10 67 1 7 0
83 10 62 8 2 2
85 61 26 8 6 6
95 58 53 2 1 0
12 36 99 3 10 2
54 43 67 9 5 0
43 6 11 1 5 2
24 42 38 1 10 6
28 81 27 3 4 0
41 64 71 4 2 2
77 2 61 10 7 6
55 92 46 10 10 9
55 30 29 9 3 2
72 58 61 3 3 0
57 67 37 7 7 0
48 10 52 5 3 1
75 55 28 5 2 1
30 55 17 7 4 3
42 22 83 5 5 4
28 56 29 7 8 5
52 84 72 3 1 1
99 15 88 2 6 6
32 36 40 8 3 1
71 49 60 2 5 5
56 5 84 2 9 5
90 38 100 4 7 4
71 12 54 7 7 5
50 8 65 6 2 2
60 85 51 6 8 7
15 79 16 2 1 1
23 38 77 10 1 0
15 34 99 5 4 1
73 57 50 7 8 7
47 42 11 3 1 1
54 92 84 8 9 5
64 16 41 2 4 2
99 61 70 8 2 2
45 37 71 1 9 6
71 25 82 5 7 0
54 47 97 7 4 3
40 83 93 2 2 1
56 32 60 9 2 1
23 33 80 2 5 0
52 70 17 8 2 0
89 26 63 3 6 2
68 39 62 3 1 0
66 93 50 9 1 1
41 71 60 5 1 0
49 60 68 4 8 3
56 66 81 6 5 1
41 31 71 1 9 4
29 10 37 9 10 0
52 82 86 8 1 0
52 12 85 7 4 0
88 98 12 9 2 2
15 85 39 8 1 0
31 57 39 10 7 2
16 63 53 5 5 1
4 41 88 10 1 0
22 86 79 7 6 0
37 51 82 5 5 1
5 74 43 10 4 1
2 34 28 5 10 3
79 20 31 2 5 3
42 55 16 7 2 0
53 43 99 8 4 4
50 39 78 7 2 1
74 66 65 6 4 4
39 82 95 9 8 0
58 98 10 5 8 8
61 88 34 8 3 3
33 46 95 1 3 2
34 83 25 3 2 2
1 2 73 1 9 9
51 1 86 8 6 5
29 31 22 2 8 0
17 60 95 9 6 3
28 30 27 10 8 1
61 42 73 5 7 5
64 34 74 3 7 0
58 84 65 2 2 0
25 28 22 1 9 9
20 100 74 9 7 1
96 61 49 10 8 6
3 47 88 4 9 6
45 26 27 5 9 4
21 84 25 8 4 0
7 55 45 8 1 0
59 100 81 1 1 0
35 29 61 7 2 1
71 43 16 8 4 1
50 2 11 3 5 4
50 53 71 2 2 0
17 10 51 4 3 0
35 58 18 5 7 5
63 79 49 6 5 0
3 21 66 10 3 0
48 86 27 6 2 2
66 45 46 5 8 2
65 80 45 5 6 4
15 55 19 10 2 0
77 83 17 2 4 1
92 12 89 8 2 2
37 46 15 2 6 5
2 84 18 10 3 2
25 4 61 10 5 3
47 54 65 3 8 4
66 43 43 4 8 2
45 69 14 3 5 0
82 19 29 4 6 1
74 63 71 9 8 2
59 67 25 3 6 6
52 33 60 3 2 1
54 95 85 7 3 3
60 95 80 6 5 5
86 78 76 9 2 2
52 54 44 3 6 6
75 74 75 10 4 1
66 84 100 10 9 1
26 48 52 6 10 4
27 68 35 3 3 3
98 29 76 7 5 5
84 54 100 8 6 6
87 64 14 8 1 0
77 11 36 1 3 3
64 92 27 10 8 1
22 15 40 10 10 1
92 57 86 8 9 7
89 18 84 4 5 0
22 12 92 6 7 2
71 48 77 9 5 2
16 33 32 8 7 3
75 85 34 2 3 0
75 46 66 8 8 8
45 50 88 9 10 5
86 98 17 4 8 2
92 9 51 6 10 10
62 59 57 6 7 5
79 32 27 10 6 6
17 64 98 3 6 4
97 91 59 9 8 4
84 4 41 7 4 3
36 7 43 7 2 0
54 14 96 9 7 7
87 84 38 1 2 0
88 60 98 9 2 0
18 31 87 7 3 0
14 54 34 5 2 0
54 84 37 10 9 3
25 99 67 8 4 1
24 70 40 6 1 1
6 87 26 4 8 2
27 55 86 4 10 6
39 8 43 8 2 2
5 87 24 5 6 6
67 14 85 10 10 7
76 3 43 3 6 0
30 19 80 6 6 6
27 66 30 9 10 5
61 7 82 3 6 6
37 6 45 3 10 7
41 85 17 10 8 1
95 19 15 2 7 2
78 46 16 2 3 2
47 68 36 8 3 2
14 92 57 10 10 7
13 77 27 1 6 1
51 85 85 6 7 1
60 72 34 7 6 1
31 37 97 3 7 2
5 62 80 7 9 7
79 47 42 5 2 1
16 19 69 8 1 1
52 13 47 8 8 4
29 36 82 6 7 5
52 100 63 5 8 0
94 78 40 5 3 2
88 2 78 5 8 7
73 63 55 7 9 6
90 39 25 3 10 8
13 79 96 2 3 2
92 14 27 1 2 0
41 52 54 7 2 0
8 72 90 7 3 3
99 52 66 8 5 2
43 77 14 2 10 2
82 99 34 4 9 7
64 87 73 6 9 6
69 28 67 10 1 1
44 99 66 3 8 3
21 44 67 10 7 6
28 50 56 2 5 4
68 42 87 10 9 0
88 82 48 2 4 3
44 48 64 5 5 0
33 91 81 1 4 3
33 81 79 5 1 1
35 43 90 9 8 6
67 93 56 2 3 1
10 74 99 2 4 0
47 83 28 5 6 3
96 58 20 2 5 0
100 25 82 3 6 3
4 48 66 3 2 1
70 50 38 1 1 0
67 8 91 8 1 0
4 33 57 3 2 0
6 5 74 3 1 0
93 62 48 10 9 4
45 30 26 5 4 0
89 76 61 3 3 3
81 24 40 8 6 4
77 64 14 5 10 2
82 88 96 10 3 1
31 16 39 10 1 1
39 53 62 10 2 1
11 78 33 2 1 0
4 79 81 2 10 6
99 46 95 3 5 5
88 71 30 3 2 0
100 90 30 6 1 1
18 10 28 7 10 0
81 68 34 1 10 7
2 71 15 1 9 4
97 28 83 4 1 0
49 44 77 2 2 0
29 20 82 4 9 6
67 74 31 2 3 0
62 81 67 4 4 4
26 24 20 8 5 3
85 99 93 7 1 1
33 62 24 9 7 2
55 23 68 10 10 2
9 61 100 8 1 0
78 91 42 10 10 3
52 29 71 5 10 2
71 3 38 10 6 3
72 81 78 2 2 1
68 13 65 2 2 0
4 94 97 6 9 8
76 6 75 2 2 2
29 96 93 8 1 0
43 11 45 8 5 1
65 54 81 9 5 4
75 59 59 4 3 3
39 11 51 9 2 1
6 40 60 9 3 1
61 84 22 1 4 4
16 95 78 3 9 7
31 39 57 10 5 2
84 28 42 8 6 3
47 78 47 4 4 3
1 89 33 9 1 1
33 65 93 1 4 0
28 62 83 2 4 0
92 90 72 7 5 2
39 48 27 9 2 0
73 84 100 8 6 0
50 62 69 2 2 1
1 68 87 6 4 3
25 74 32 5 1 1
65 64 12 6 10 1
31 9 51 2 7 2
39 52 45 10 5 0
27 62 55 8 6 6
91 23 73 10 7 2
34 29 90 10 8 4
4 78 27 7 9 1
81 33 50 7 5 2
20 85 97 9 7 2
13 43 99 5 6 1
23 11 18 7 10 7
86 6 12 9 2 0
96 56 76 10 3 0
76 78 73 1 10 10
45 98 32 4 10 6
93 72 24 5 2 0
5 1 99 10 1 1
75 62 51 3 3 1
96 12 94 7 4 0
1 5 72 4 1 1
31 92 13 8 2 1
26 69 79 5 10 6
54 99 60 1 7 1
35 60 22 4 8 0
68 2 55 5 1 1
14 28 96 9 10 8
23 6 33 2 8 2
44 8 69 6 4 4
21 33 54 4 4 3
28 10 54 8 6 5
91 48 35 8 2 0
48 8 25 4 4 4
12 69 10 1 9 0
16 21 31 9 2 2
18 15 95 2 2 0
89 23 88 7 7 2
9 18 57 9 7 0
95 30 86 9 9 5
41 44 63 6 7 6
13 7 81 5 10 7
54 80 53 2 9 8
1 98 61 3 1 1
19 98 19 7 3 3
35 87 46 7 3 3
68 77 58 1 1 1
94 72 33 5 6 3
58 45 98 8 8 5
63 28 14 10 2 0
31 1 21 2 1 1
68 79 65 5 6 0
87 44 79 6 8 3
81 3 91 8 8 8
43 46 13 9 3 1
33 38 87 7 3 2
99 63 67 4 5 2
79 74 80 7 4 0
83 30 61 4 5 2
44 40 74 5 6 0
36 33 36 3 9 9
40 67 72 5 6 6
32 43 39 8 7 1
22 56 97 1 9 4
53 100 64 8 7 7
59 5 21 6 6 6
78 7 98 4 10 3
22 63 86 8 2 1
47 45 75 8 5 3
74 67 72 4 6 5
30 60 72 10 3 0
69 89 33 2 7 1
84 33 85 2 9 0
15 66 50 2 3 3
18 97 33 10 2 0
94 41 41 1 3 3
83 11 80 6 2 2
22 1 86 7 9 2
48 31 40 1 5 2
45 7 23 2 5 1
55 98 22 2 3 3
41 32 72 4 1 1
39 34 88 2 3 0
12 31 63 7 9 2
22 80 25 3 7 5
40 24 86 4 6 0
53 12 16 7 7 5
30 21 42 10 5 4
71 33 92 9 7 4
85 40 56 5 9 8
2 81 35 10 8 4
57 86 65 6 1 0
38 98 42 7 1 0
72 44 58 2 2 2
45 18 17 3 6 3
49 62 41 10 10 2
87 52 74 9 2 1
63 34 28 9 5 5
17 65 81 5 5 0
50 65 25 7 6 1
71 97 97 6 4 1
32 15 77 7 2 0
54 23 57 8 4 1
100 32 83 4 7 0
9 13 35 2 3 0
8 19 42 9 10 5
84 50 75 4 9 7
45 79 12 4 1 1
40 60 23 6 10 5
27 23 57 8 3 0
97 50 79 10 2 0
20 80 61 1 10 3
54 81 51 7 3 0
7 51 86 4 1 0
4 16 88 7 6 3
1 59 90 6 2 2
86 44 93 8 2 2
43 23 71 9 8 3
52 46 80 8 6 1
66 26 44 2 3 2
53 6 19 3 5 3
27 81 64 6 3 0
89 45 13 2 4 3
46 5 58 10 10 6
13 98 87 5 10 3
98 7 10 4 4 1
50 98 41 7 3 1
79 31 40 7 5 2
45 86 62 4 7 5
51 99 61 2 9 3
4 6 46 9 10 0
9 43 90 3 2 1
92 44 77 9 10 4
38 69 96 6 1 1
19 47 45 2 1 0
56 87 14 5 7 5
56 100 43 9 1 0
7 46 97 10 4 2
79 12 86 6 7 3
49 47 79 4 3 3
36 32 36 10 4 4
36 20 71 10 2 0
62 78 82 7 3 0
65 59 70 4 2 0
95 83 29 7 9 2
61 6 50 4 8 3
42 5 39 2 2 1
72 47 97 3 6 3
4 43 38 7 2 2
21 6 53 1 8 8
44 67 69 10 6 2
64 54 16 5 2 2
43 20 88 2 3 2
65 70 42 1 6 2
49 19 47 10 10 8
43 27 90 4 2 1
52 23 84 5 10 5
98 47 91 6 7 2
72 100 44 10 7 5
77 92 14 7 9 8
44 86 35 6 5 3
94 6 68 10 7 4
15 62 26 9 10 6
49 54 19 9 2 1
81 66 15 2 2 1
62 31 52 6 5 1
70 79 23 3 9 4
24 78 82 7 1 1
38 61 49 2 8 7
92 28 89 4 1 1
51 34 35 9 6 4
59 11 40 9 2 1
35 68 16 5 1 0
85 1 43 6 10 3
33 82 97 7 9 8
45 57 34 4 10 10
68 9 49 7 3 0
83 9 72 9 4 1
35 23 82 3 3 0
3 59 11 1 3 3
42 41 36 1 6 1
93 63 46 9 4 4
23 65 99 1 8 1
31 20 22 5 10 8
67 4 41 4 9 7
3 41 100 7 10 5
28 14 29 3 5 3
53 27 71 2 4 4
44 97 84 7 9 9
69 42 61 4 3 3
100 30 20 7 4 1
73 74 63 7 1 0
57 66 16 8 7 0
81 86 98 2 5 2
7 82 82 10 1 0
55 72 39 8 6 0
99 45 20 4 4 3
39 73 41 2 9 7
34 48 49 3 5 5
75 26 15 1 6 1
67 87 19 9 3 3
98 31 84 6 9 0
16 55 95 3 6 4
58 25 85 1 7 6
83 47 80 10 7 5
57 9 54 6 9 9
82 12 10 7 6 5
75 34 40 4 10 1
51 95 37 4 7 3
15 72 83 8 9 9
53 2 71 7 8 6
37 93 49 2 1 1
80 72 85 7 4 2
72 17 37 4 7 6
70 93 88 7 9 0
80 33 66 1 3 0
35 67 31 9 5 3
45 66 68 8 3 0
8 27 31 9 6 2
49 4 86 2 5 3
36 9 83 3 7 0
17 33 29 5 8 0
80 62 51 1 6 0
19 21 36 7 8 5
13 12 26 3 6 5
71 57 14 5 10 0
46 56 83 5 7 0
24 54 65 10 10 6
69 38 43 8 8 8
55 7 58 1 8 4
11 90 57 1 1 0
55 15 92 9 5 3
36 79 92 7 8 5
23 44 11 2 4 0
57 10 10 1 4 0
8 42 80 9 6 1
39 12 42 10 7 3
8 94 100 1 6 3
25 3 78 5 4 0
47 70 33 5 6 4
3 92 36 7 9 1
45 43 52 9 7 3
58 71 94 7 1 1
26 61 47 8 5 5
96 2 40 5 5 5
6 13 100 2 9 1
48 14 79 7 9 2
67 28 56 2 5 1
38 45 93 5 8 6
37 96 81 6 4 4
77 21 93 8 2 1
10 31 27 7 10 9
5 70 98 8 5 0
54 33 58 2 1 0
14 18 65 1 10 5
50 51 99 2 10 8
9 17 35 3 6 3
70 23 60 3 7 2
9 42 33 3 6 0
11 3 13 8 7 0
34 94 63 10 2 1
73 49 56 8 6 5
97 80 41 7 7 4
50 27 37 5 7 6
52 31 69 10 10 6
27 91 71 6 1 0
67 15 43 2 5 2
4 64 65 1 2 1
76 1 21 3 4 0
57 98 38 6 2 2
56 7 45 4 5 4
13 86 12 5 4 2
11 38 50 5 1 1
74 48 34 8 2 2
79 83 59 5 5 3
60 88 42 10 4 2
38 23 39 7 8 8
84 51 95 2 5 5
16 87 68 8 5 5
66 18 39 6 3 1
67 73 39 8 10 5
46 4 39 1 3 0
62 4 20 6 5 0
53 62 70 1 7 4
5 45 58 9 2 1
98 5 53 7 4 1
18 75 82 8 1 0
5 50 19 8 3 3
86 26 91 7 1 0
88 86 14 1 3 2
21 56 60 8 9 9
65 5 78 4 10 7
57 92 38 10 7 0
10 100 11 5 3 0
29 87 24 6 5 1
71 61 98 8 7 3
3 96 96 8 7 3
99 88 68 5 10 7
85 21 87 6 7 3
10 93 94 7 7 4
41 65 70 4 6 4
2 75 74 3 5 5
54 53 47 1 7 4
58 43 22 3 7 2
51 67 44 5 7 7
45 1 70 4 4 3
59 18 85 1 6 4
37 31 74 2 3 0
35 77 12 2 10 5
82 41 79 3 8 6
45 6 44 4 10 2
73 99 27 1 1 1
25 87 99 7 5 1
98 58 18 7 7 0
86 29 78 4 3 3
61 33 59 4 9 2
25 24 65 1 7 4
1 62 45 9 4 4
41 46 38 2 2 1
98 40 98 9 9 6
3 48 69 2 4 4
74 50 100 3 9 3
32 22 44 4 2 2
23 55 12 1 3 3
45 73 29 4 2 1
40 3 50 7 7 1
79 80 97 2 2 1
96 19 87 10 8 0
12 37 86 10 2 0
71 53 66 6 8 3
99 69 52 8 5 1
44 26 63 4 9 5
38 95 33 7 10 6
100 86 58 3 3 0
88 95 16 6 8 2
90 25 39 2 7 5
97 90 55 4 8 5
71 14 100 10 3 2
25 96 36 10 1 1
40 45 97 3 2 1
29 33 39 4 6 4
93 86 39 10 7 5
89 9 84 2 2 2
73 69 33 7 3 1
21 30 47 5 1 0
22 62 55 9 8 1
17 93 29 10 6 4
96 40 93 5 1 1
87 63 60 3 5 0
85 15 41 10 9 5
68 94 92 5 5 3
83 90 70 5 5 1
45 61 61 9 7 6
22 21 31 2 10 9
64 3 91 8 10 2
83 49 11 7 10 0
45 67 19 5 8 6
70 21 59 10 5 4
91 70 65 7 4 0
82 48 50 4 3 2
77 20 44 9 10 10
9 70 83 1 10 8
2 40 96 1 1 0
70 96 73 9 1 1
92 21 70 8 8 3
69 29 27 3 5 4
25 8 72 3 9 9
78 11 73 5 1 0
51 56 80 9 9 4
22 64 93 7 1 0
73 98 10 8 4 4
20 63 41 4 7 4
74 28 85 5 6 3
87 73 43 2 7 4
60 40 57 9 9 7
70 85 15 9 5 1
67 31 81 2 8 1
95 68 56 4 4 0
3 10 22 1 3 0
64 76 45 6 6 1
9 4 29 4 7 7
40 27 44 3 7 1
66 9 23 6 2 0
78 70 61 7 10 2
4 27 69 6 8 4
99 58 55 8 10 1
51 90 58 7 1 1
66 39 97 5 10 9
22 84 51 10 5 4
76 88 14 8 6 4
18 64 10 10 2 1
94 28 96 1 3 3
20 91 90 3 4 0
91 65 49 1 5 1
80 52 69 5 10 0
58 14 34 8 5 4
51 41 99 7 7 4
70 25 45 9 1 1
38 55 82 4 1 1
99 65 93 3 5 5
20 47 84 8 5 2
89 96 75 8 9 6
80 23 96 3 7 6
4 57 89 3 5 0
75 4 23 7 6 3
54 98 80 4 4 4
56 24 51 2 2 0
79 60 35 7 1 0
25 22 70 3 10 1
22 20 59 7 4 1
4 17 54 10 2 1
41 18 60 9 6 5
42 50 28 2 2 2
28 97 21 10 4 2
28 23 61 7 4 1
74 16 96 9 9 1
78 67 30 10 5 1
41 87 36 4 9 4
96 71 80 1 10 2
6 74 23 6 10 8
82 60 64 5 2 0
53 40 57 4 10 9
14 59 86 8 6 3
37 56 30 3 4 2
3 58 83 9 4 1
81 75 83 8 8 4
47 37 91 3 4 4
48 38 15 10 8 7
89 86 32 5 9 1
54 26 52 10 6 6
71 80 15 7 6 6
33 93 11 2 10 1
25 16 64 3 1 0
51 84 59 5 2 2
4 8 93 1 9 8
88 57 45 5 6 6
81 47 67 8 5 2
3 85 52 1 5 5
22 40 64 7 9 9
29 2 16 8 1 1
36 3 54 5 8 0
70 60 84 7 9 8
2 43 13 4 1 0
64 4 10 1 7 6
38 73 100 10 1 1
64 84 57 6 6 3
9 10 53 6 10 8
96 42 42 5 4 4
70 86 52 1 7 1
43 89 17 1 6 6
69 47 91 10 4 4
29 57 27 6 1 1
77 93 22 2 10 2
47 7 100 4 3 0
31 7 24 7 8 6
85 58 44 3 7 6
41 54 59 10 10 9
56 29 60 6 3 3
29 89 91 4 3 1
15 6 88 8 9 5
67 82 60 7 7 2
76 82 18 1 5 3
48 78 88 10 4 4
98 10 18 8 9 9
38 89 58 2 2 1
12 19 80 6 5 0
4 91 37 10 1 1
50 69 69 10 7 2
40 17 60 8 3 0
93 4 69 5 4 3
38 66 31 4 1 0
46 24 69 3 9 7
1 33 67 1 1 0
91 9 73 4 10 10
61 76 100 3 10 4
93 64 54 7 4 3
55 32 17 5 7 7
20 71 42 8 6 2
32 67 78 9 5 4
96 66 96 2 1 0
71 11 32 8 1 0
100 9 12 3 3 0
17 79 53 10 1 0
69 75 99 3 10 7
31 90 73 7 10 7
71 7 32 3 10 9
34 6 14 2 8 2
81 97 41 8 5 3
43 63 59 5 9 0
81 65 44 8 10 8
32 58 18 3 8 2
88 62 37 10 5 1
