100 1000 91
1 63 80 10 6 5
63 96 86 9 7 0
96 29 60 3 8 4
29 86 99 8 7 4
86 90 24 4 1 1
90 78 89 4 1 1
78 34 33 6 5 1
34 19 44 1 4 4
19 97 38 4 6 2
97 13 84 3 2 2
13 72 34 8 10 10
72 2 49 8 6 0
2 75 43 4 3 1
75 62 33 5 4 2
62 50 36 8 9 3
50 98 38 8 2 0
98 77 70 1 4 0
77 28 48 3 6 6
28 66 84 1 5 2
66 79 65 9 1 0
79 16 34 1 5 1
16 33 63 7 4 3
33 87 45 7 10 8
87 51 53 9 2 0
51 58 97 3 6 4
58 70 49 5 4 1
70 45 30 5 10 9
45 93 37 8 7 4
93 6 81 4 5 3
6 42 90 5 9 7
42 47 42 6 6 3
47 95 55 1 2 2
95 8 83 7 5 2
8 84 83 6 5 1
84 20 19 2 9 7
20 7 11 3 5 3
7 53 11 8 3 0
53 55 88 8 10 0
55 49 48 7 3 2
49 23 33 4 3 2
23 41 21 2 10 1
41 44 15 8 7 1
44 17 45 2 6 5
17 35 100 6 7 6
35 69 63 3 7 1
69 61 18 4 2 2
61 12 49 4 7 4
12 26 97 1 8 2
26 15 73 6 8 1
15 40 59 8 1 1
40 65 52 5 1 0
65 67 58 9 10 7
67 43 16 8 4 3
43 14 71 3 8 8
14 36 44 5 4 4
36 88 66 2 3 3
88 21 21 1 7 5
21 52 13 4 5 4
52 25 75 9 6 5
25 80 87 1 4 0
80 4 73 5 1 1
4 27 36 1 6 2
27 5 75 3 8 6
5 32 65 4 5 1
32 18 82 7 1 0
18 99 42 5 4 2
99 38 47 10 7 1
38 74 89 8 1 1
74 94 92 3 10 9
94 31 64 2 8 0
31 56 26 9 1 0
56 57 28 9 3 2
57 85 90 4 9 4
85 30 80 5 9 6
30 91 53 3 6 4
91 39 80 4 2 0
39 59 41 7 9 5
59 10 16 10 5 4
10 81 83 8 4 1
81 46 96 2 2 2
46 60 58 1 9 3
60 37 79 1 8 8
37 73 60 6 3 2
73 71 93 3 10 1
71 82 29 1 2 2
82 89 80 6 3 2
89 83 22 7 3 2
83 76 98 1 4 0
76 3 58 3 10 9
3 54 65 8 2 0
54 9 66 7 4 3
9 48 64 5 3 1
48 68 98 8 2 1
68 22 82 2 2 2
22 24 65 9 10 1
24 92 10 10 2 1
92 11 100 6 3 3
11 100 22 5 3 3
84 54 77 3 4 0
38 70 66 4 5 5
44 75 26 9 4 1
13 12 69 6 6 5
11 50 84 8 2 0
31 14 64 8 1 1
93 59 43 6 4 2
77 11 70 7 4 3
84 23 66 9 1 0
27 89 82 4 3 2
21 22 98 9 8 5
81 53 20 10 2 2
33 37 87 6 9 3
89 45 98 10 5 4
55 3 26 9 2 2
29 93 52 2 3 1
16 69 80 10 8 6
33 18 61 4 5 4
43 99 76 6 9 5
26 4 62 6 10 0
4 84 96 8 3 3
41 95 65 1 10 9
25 13 77 9 5 3
13 1 16 7 10 0
28 4 30 1 10 10
94 85 15 3 10 7
75 29 43 1 6 1
53 28 68 4 3 3
65 14 71 8 7 0
72 95 10 7 4 4
3 47 76 2 5 4
9 7 76 5 2 2
99 37 75 7 3 1
89 75 12 8 2 0
13 11 41 7 6 6
98 19 91 6 7 2
71 60 22 9 3 3
60 55 34 3 8 6
4 30 80 5 2 0
74 15 99 3 8 1
28 95 77 2 7 1
37 60 78 1 4 3
19 75 45 10 4 2
36 89 81 6 10 9
76 33 23 6 5 4
1 17 27 1 1 0
79 54 93 9 2 1
36 42 54 7 3 0
63 50 11 7 8 0
88 33 89 5 8 3
2 20 76 10 3 2
4 20 43 4 5 5
32 78 98 4 2 0
80 61 27 8 3 2
99 15 77 8 2 0
59 92 12 1 8 3
63 95 13 5 4 2
89 78 55 2 4 3
95 79 50 4 5 5
2 81 47 2 6 2
63 37 26 6 9 3
96 96 92 9 6 6
85 63 49 4 8 7
46 3 87 3 1 0
40 27 29 7 8 0
8 3 43 3 3 1
29 53 96 1 4 0
40 66 97 1 4 2
76 45 14 6 9 2
17 19 13 10 2 1
71 75 95 2 6 2
7 98 43 2 7 4
67 30 73 7 10 4
51 66 30 10 5 4
97 91 15 4 6 0
53 7 90 5 1 0
99 1 37 3 6 6
12 96 97 4 7 0
71 57 84 2 8 6
38 98 43 1 2 0
97 33 65 10 1 1
18 96 90 9 3 3
26 60 62 5 8 5
72 74 94 2 9 1
30 88 25 10 6 2
80 9 18 5 7 4
88 9 76 9 8 0
25 4 24 4 9 8
27 22 54 10 5 1
82 59 34 10 4 1
85 82 34 1 4 2
97 96 36 7 1 0
1 65 39 7 8 7
7 18 10 5 6 5
24 77 54 4 3 1
30 62 27 2 6 2
73 29 15 1 6 6
50 61 69 2 1 0
11 97 94 5 7 1
78 73 18 8 10 4
92 38 49 9 1 1
8 38 64 7 4 3
24 61 100 10 10 1
67 85 37 5 8 5
43 94 97 1 10 4
18 29 73 4 7 7
24 80 58 8 4 3
16 25 77 6 5 5
100 23 51 3 1 0
59 62 37 2 2 0
34 85 57 9 4 3
73 91 74 9 9 7
55 80 97 6 1 0
3 95 43 8 6 6
82 85 35 1 5 2
3 90 85 5 4 2
88 28 49 1 1 0
81 12 16 2 6 0
13 58 77 1 4 1
19 7 65 9 7 7
15 4 43 1 10 1
33 40 17 2 3 3
99 10 17 1 6 5
51 99 34 6 3 2
17 59 65 2 2 2
47 5 78 2 6 4
89 34 27 8 9 9
44 13 100 1 8 7
37 95 58 3 9 2
80 66 73 6 2 0
30 89 80 2 6 5
72 6 85 3 2 1
92 35 37 1 7 6
55 68 34 7 10 1
85 100 69 7 10 7
13 48 76 10 6 3
100 68 24 8 1 1
76 93 23 10 6 3
10 27 58 4 2 0
9 44 19 8 3 2
37 71 47 8 2 1
73 74 87 3 2 2
69 33 82 4 6 0
81 43 13 7 8 1
43 60 60 2 2 2
20 39 16 8 3 2
81 18 72 3 7 4
89 48 95 2 7 3
78 47 10 7 2 0
1 37 20 7 8 3
11 26 45 10 2 1
33 14 17 6 6 4
32 22 62 6 6 4
71 69 87 7 1 0
91 68 20 9 1 1
72 34 95 5 6 3
25 83 77 7 3 1
57 33 28 3 10 5
32 74 63 8 10 2
87 70 36 6 4 2
77 24 28 7 6 1
63 31 91 8 8 3
66 15 46 4 3 2
72 13 37 1 10 2
9 31 84 3 7 7
99 21 58 4 3 0
75 14 97 3 6 2
83 79 17 2 10 3
67 82 20 7 1 0
8 78 96 6 6 0
15 21 80 4 2 2
72 4 49 9 4 0
58 86 91 9 5 3
4 50 70 7 7 6
72 81 83 8 5 0
6 66 100 7 3 1
4 99 82 1 9 2
22 16 31 4 3 3
26 87 75 3 10 5
34 82 77 4 1 0
37 59 93 4 4 1
59 83 69 3 6 4
59 54 48 2 9 0
32 90 24 9 10 7
7 85 93 9 4 4
59 65 59 9 1 0
8 68 92 1 4 0
58 38 98 3 4 2
29 87 60 5 4 1
56 7 22 1 7 7
38 6 87 9 6 1
48 21 88 10 5 4
42 9 15 3 8 8
95 20 74 8 1 1
67 6 59 1 7 5
18 22 77 5 3 1
70 77 33 7 10 8
92 22 60 9 10 1
77 39 86 6 9 5
61 20 89 4 10 1
100 43 46 5 10 2
56 1 65 1 1 0
92 74 70 5 5 4
79 90 35 4 5 4
20 14 42 6 9 4
61 34 52 7 8 8
38 49 37 3 4 3
22 82 84 6 2 2
87 52 84 1 4 2
33 99 38 7 4 2
38 55 18 3 2 2
8 76 17 9 3 0
14 70 50 3 9 2
98 5 22 2 6 1
18 32 20 10 1 1
89 59 42 7 1 1
56 37 72 1 7 1
48 57 80 1 6 2
68 79 88 4 2 1
41 70 89 3 2 1
39 22 82 4 3 0
5 78 56 2 5 5
97 52 47 10 6 3
25 27 46 5 9 0
100 10 65 10 1 1
12 17 27 5 10 6
4 18 17 5 8 5
84 33 40 3 10 6
13 15 98 2 8 5
33 32 90 3 2 2
48 99 57 4 10 7
39 75 20 7 5 3
41 25 72 9 6 0
77 15 15 10 7 0
86 54 68 3 8 8
38 89 24 1 4 2
73 45 42 5 6 2
98 34 38 6 2 1
32 66 83 6 4 3
79 30 63 3 4 1
32 10 93 7 9 5
12 97 99 7 8 2
46 28 35 9 5 1
45 10 61 2 1 1
100 80 68 5 5 4
99 43 71 4 9 8
84 15 72 3 7 2
14 48 82 8 1 0
5 33 18 9 1 1
69 76 46 1 5 3
22 89 91 7 9 3
96 21 85 2 1 1
26 48 49 1 1 1
37 29 65 5 9 9
58 96 35 8 6 4
45 67 39 8 7 6
33 53 19 1 3 0
57 17 78 1 10 10
9 69 52 6 5 2
46 74 79 4 6 3
27 28 67 8 6 2
92 60 47 5 2 0
43 1 47 9 6 3
16 26 63 2 10 7
10 48 12 3 4 4
69 77 80 5 7 2
19 66 12 3 8 0
13 39 82 10 5 0
5 63 58 10 4 4
98 32 37 9 2 2
3 71 80 6 8 3
34 52 86 7 7 2
90 32 76 5 9 3
74 83 73 5 7 0
25 46 64 8 9 8
31 68 92 10 6 2
65 85 48 4 2 2
45 52 94 1 1 1
2 25 40 9 9 1
55 53 70 3 10 4
48 11 39 1 1 0
20 93 61 6 2 2
80 75 59 2 2 1
61 91 14 3 4 2
94 32 89 10 5 0
61 56 79 8 2 2
84 97 54 2 5 4
74 21 74 6 5 4
18 79 52 6 3 3
19 31 66 5 7 2
94 14 51 5 2 1
77 73 97 1 4 1
55 9 73 4 5 3
64 47 84 1 1 1
66 100 19 5 7 0
52 97 85 10 6 6
81 22 76 2 3 1
91 25 73 10 10 5
41 14 81 8 4 2
89 67 65 8 9 4
45 88 38 4 5 5
86 1 94 3 9 0
25 89 45 10 7 7
100 73 54 8 6 3
56 26 72 2 3 3
77 36 54 10 2 0
94 29 65 9 7 1
11 19 14 9 9 9
54 45 79 8 1 1
25 25 92 1 5 1
8 52 44 4 3 1
18 36 72 3 2 2
8 48 45 3 5 0
3 83 58 10 3 0
26 32 20 8 3 2
78 54 70 3 10 9
76 99 60 8 1 1
24 29 56 10 3 3
40 43 54 4 9 1
90 69 56 2 1 1
92 90 64 6 9 0
94 60 76 8 2 2
78 26 39 4 4 0
46 42 64 2 9 6
41 79 79 8 8 2
92 96 55 7 9 0
51 83 46 9 3 0
4 49 61 3 9 6
62 26 51 10 9 4
100 100 81 8 9 0
1 88 54 10 1 0
89 37 76 5 1 0
82 17 100 7 10 4
59 90 86 4 7 4
3 72 35 2 6 2
9 91 20 4 10 3
69 29 79 2 10 4
28 5 12 8 3 3
58 19 10 9 1 0
60 18 42 3 5 5
27 54 41 2 10 10
1 49 12 7 8 8
59 73 85 9 7 1
34 47 44 7 2 2
36 44 72 10 4 3
11 46 49 4 5 2
70 21 23 5 2 1
60 24 76 4 7 6
91 69 12 3 2 2
64 77 30 5 8 7
44 59 49 7 9 8
24 24 11 4 3 2
98 67 66 6 7 2
93 95 54 3 3 3
11 64 44 9 1 0
11 17 56 3 3 1
95 48 63 4 2 0
42 15 49 8 8 4
69 23 99 4 9 4
67 45 58 4 3 3
36 76 73 3 10 6
84 44 74 7 1 1
59 96 89 5 6 6
7 87 77 1 5 3
71 89 25 4 10 8
69 17 21 6 3 0
27 27 27 5 9 0
48 81 66 4 7 2
58 15 42 5 9 8
42 45 89 10 6 2
16 78 78 1 2 2
10 2 99 8 5 1
90 90 64 7 8 7
44 96 40 6 9 5
84 12 92 5 5 3
77 40 98 9 2 1
4 71 34 4 9 2
70 92 17 9 7 1
62 19 89 5 4 2
54 59 100 1 8 1
52 66 46 6 8 6
10 20 24 6 7 5
75 95 53 3 7 0
18 40 59 1 2 0
46 15 38 5 3 1
92 8 27 3 10 2
86 48 47 4 9 4
81 73 81 4 2 1
84 45 76 7 2 0
3 11 90 1 6 3
74 16 83 1 10 6
40 51 24 6 6 5
58 7 99 5 8 4
91 27 79 5 6 0
27 97 68 10 7 7
76 6 15 9 6 1
66 85 38 2 1 1
89 81 69 2 4 2
74 95 77 2 4 1
71 31 46 1 5 1
13 23 99 9 4 2
46 95 21 3 5 1
85 65 88 10 2 1
89 15 70 9 1 0
44 33 71 3 5 4
38 26 18 6 10 7
21 88 18 8 5 2
54 19 72 2 9 7
47 59 82 4 2 1
21 21 23 5 10 5
88 77 21 4 2 0
1 77 90 1 9 2
61 77 42 7 5 2
1 67 30 10 1 1
97 16 67 3 8 0
7 47 47 2 2 2
46 81 75 4 8 1
59 72 69 10 7 5
96 72 56 1 2 0
11 67 14 2 9 2
37 83 80 3 9 2
50 92 94 6 8 1
71 53 89 5 10 1
98 57 98 3 2 2
1 72 13 1 1 0
30 95 86 8 10 10
70 57 87 9 2 1
1 98 21 7 9 5
78 77 78 8 3 3
95 14 48 9 9 0
38 38 97 10 6 2
4 61 40 8 4 2
66 10 38 8 8 0
92 7 38 10 5 0
77 72 32 10 3 0
61 96 28 5 9 5
40 46 93 7 5 2
56 50 72 4 8 2
59 8 10 6 7 2
52 3 72 6 5 2
92 82 17 6 4 0
76 87 65 6 3 0
41 62 49 10 10 6
72 50 76 10 3 3
84 84 52 7 6 5
17 48 16 6 1 1
59 55 38 10 1 0
48 94 72 4 5 5
30 97 70 10 9 2
4 13 58 10 8 0
96 22 88 3 3 2
49 97 47 9 2 2
9 53 41 2 3 0
29 51 69 2 2 1
4 11 56 1 2 0
40 55 41 8 4 3
63 74 83 1 2 1
29 22 40 8 6 5
28 46 68 10 6 4
65 22 82 10 5 1
95 46 64 7 10 10
32 34 44 6 8 1
90 9 37 7 6 2
10 61 44 10 9 3
64 27 85 1 5 3
99 23 89 2 2 0
60 72 66 2 10 2
45 77 59 5 5 2
83 74 17 2 1 0
52 35 71 9 10 7
81 32 66 5 2 0
65 87 14 7 7 4
70 31 85 10 8 7
40 10 23 9 5 1
89 86 30 3 8 6
15 16 85 9 9 9
34 66 10 5 3 1
75 37 22 2 10 2
68 68 14 8 8 4
83 66 57 2 9 8
74 13 54 6 1 1
9 23 74 5 2 0
48 15 14 3 9 7
22 43 86 3 2 2
39 82 24 7 8 8
63 100 35 7 10 9
10 51 34 5 7 2
63 69 70 6 5 2
49 50 11 1 4 2
89 12 39 8 4 0
64 69 76 6 6 1
27 96 31 2 10 7
87 20 13 6 8 2
83 89 53 5 3 3
8 26 57 3 10 1
43 2 86 5 9 7
55 45 64 2 3 2
2 11 22 3 10 4
66 95 62 5 7 0
67 65 74 8 5 2
28 37 13 3 1 0
54 89 28 1 6 2
53 38 42 9 6 4
33 13 72 10 10 8
3 74 75 9 2 2
29 13 38 3 8 8
65 62 26 5 3 2
3 94 99 4 3 3
65 80 100 2 8 2
36 21 95 7 10 4
1 52 17 4 5 0
75 66 21 5 4 4
71 16 93 7 1 0
98 85 51 4 2 0
8 20 14 4 7 6
12 70 59 4 1 1
93 16 82 4 2 1
55 8 93 7 7 2
99 26 25 4 1 1
78 55 19 1 6 2
12 4 49 7 9 3
33 78 31 8 4 4
86 18 76 2 4 4
68 83 31 4 6 1
72 96 94 8 1 0
63 55 79 1 2 1
25 86 72 6 7 2
44 57 14 6 8 1
74 1 73 1 8 4
9 24 76 5 8 2
63 36 90 2 9 1
3 57 28 6 4 1
1 15 38 5 4 3
45 82 78 7 8 5
13 69 73 7 7 5
59 37 16 6 10 9
9 2 36 3 5 5
59 7 85 2 1 1
13 79 63 9 3 2
38 42 25 5 10 6
55 72 58 7 4 1
87 19 55 8 10 8
62 96 68 7 10 1
73 61 50 8 1 1
83 43 40 8 5 4
1 33 37 1 8 4
98 66 69 3 8 8
35 60 17 3 1 1
18 86 22 10 5 5
64 19 43 4 10 2
52 37 46 3 7 1
41 21 83 10 10 5
28 93 87 3 3 3
24 9 77 5 1 1
2 47 32 10 6 3
3 16 64 10 7 4
24 4 28 1 9 5
51 11 10 5 10 9
97 7 87 3 6 0
59 17 57 1 9 3
41 47 82 7 8 0
16 53 85 7 1 0
38 52 18 5 6 1
10 30 50 4 6 1
99 3 57 5 5 3
29 96 27 5 4 1
19 51 75 10 5 4
12 46 60 2 5 5
65 74 59 7 5 5
6 41 33 5 4 4
51 43 81 1 6 6
79 73 10 5 7 2
96 69 73 5 3 3
91 85 27 5 7 6
94 68 16 4 9 8
64 60 98 1 9 7
81 62 43 9 6 6
27 29 23 1 9 2
30 23 29 6 4 3
44 83 98 5 5 1
48 52 27 6 5 2
68 27 76 8 8 7
88 82 81 9 6 3
71 1 62 8 6 0
85 79 97 10 9 4
3 44 27 6 9 0
22 64 40 8 7 0
88 12 72 5 8 3
26 68 89 1 6 5
5 20 87 5 4 2
35 43 61 7 10 3
31 2 71 7 4 3
66 92 35 6 3 2
87 66 87 10 2 2
30 70 47 1 5 3
69 54 85 3 8 3
45 53 29 9 3 3
43 58 79 3 8 8
43 65 68 4 8 8
48 77 63 4 1 0
76 96 16 2 5 5
73 41 37 1 3 1
4 97 96 10 1 1
40 48 60 3 6 6
72 43 67 2 2 2
88 74 80 6 8 2
17 51 93 8 2 0
49 78 46 4 1 1
53 87 24 6 10 9
41 12 66 10 2 1
60 30 23 9 7 5
90 75 33 1 5 1
81 3 40 4 1 0
19 3 86 10 7 5
30 54 75 9 2 1
45 66 16 3 3 1
24 26 95 1 1 1
85 17 10 3 6 3
54 42 68 10 1 0
46 58 81 4 5 2
16 48 45 3 6 3
51 87 42 9 1 1
71 21 61 5 8 2
72 8 12 3 7 1
9 13 84 1 5 1
45 70 18 9 1 1
64 52 70 6 4 0
54 4 33 1 3 2
31 48 36 10 7 5
46 12 50 8 5 0
31 44 88 6 3 1
67 59 67 7 5 3
51 7 65 6 7 3
26 16 77 10 7 3
88 17 57 2 10 8
50 66 79 7 7 1
37 23 56 5 5 0
63 85 73 1 2 0
40 23 59 2 10 9
68 47 94 10 9 0
78 5 34 10 5 0
13 26 22 9 4 0
76 47 98 3 4 0
54 56 18 7 1 1
43 6 48 2 3 0
45 78 37 5 2 1
77 85 50 2 7 7
87 40 97 9 3 0
55 83 43 5 1 1
62 52 16 3 3 1
7 11 90 3 9 5
96 54 49 5 4 1
27 82 90 7 3 1
79 39 66 6 7 1
21 13 52 8 7 6
93 23 56 2 8 5
11 83 11 2 2 2
59 28 41 6 5 1
49 80 52 6 5 0
18 17 93 2 5 5
80 18 66 2 1 0
41 7 62 3 4 2
90 34 62 10 6 6
76 65 36 7 1 1
32 64 83 6 2 1
96 73 80 10 8 3
71 83 91 6 1 1
97 90 32 5 3 3
4 56 64 9 8 2
26 10 47 6 4 2
16 19 32 9 4 2
84 70 75 8 3 3
99 45 16 9 7 6
20 1 17 9 10 0
2 46 92 1 1 1
44 98 15 6 10 4
11 69 67 2 2 2
39 88 22 10 4 3
85 25 63 7 9 4
60 75 24 4 3 1
55 91 30 2 4 4
88 100 16 6 6 0
18 65 23 3 10 5
15 25 86 4 1 0
4 7 84 9 4 1
18 53 22 4 5 5
65 57 82 3 8 2
13 22 54 6 1 1
56 47 18 6 6 5
26 43 68 3 4 0
66 80 87 5 8 8
11 30 24 1 1 1
65 40 70 2 9 5
46 6 45 5 2 0
24 51 75 10 10 8
73 43 76 8 2 0
85 64 92 1 6 3
89 85 46 8 1 1
43 3 80 1 6 6
20 72 78 3 10 3
14 77 88 8 9 3
72 35 34 1 9 8
59 57 65 8 9 9
86 92 78 7 1 1
76 78 68 7 1 0
71 94 22 6 7 5
29 61 27 7 9 3
54 2 69 8 3 0
96 13 96 6 4 2
67 54 29 3 2 2
24 13 90 2 2 2
29 1 66 3 2 0
31 37 100 9 9 8
17 77 21 2 5 2
55 61 72 9 6 5
25 22 33 4 8 0
63 87 60 3 2 2
65 83 99 1 9 7
95 49 35 9 10 9
53 90 91 10 2 0
7 77 33 8 9 9
45 4 71 6 2 0
64 71 25 6 4 4
82 12 47 6 6 5
54 84 34 9 2 0
58 91 51 2 5 1
26 31 90 2 2 0
40 52 58 3 5 0
66 83 30 5 3 0
57 19 14 4 5 0
79 52 50 4 7 3
32 40 73 8 6 0
52 57 51 10 3 2
61 26 40 1 6 6
76 42 42 10 9 6
60 41 60 2 9 2
23 13 29 9 7 4
5 18 93 9 3 1
8 89 45 4 1 0
19 54 47 3 8 1
94 26 81 9 1 1
8 2 71 2 2 0
60 94 84 9 10 1
32 60 96 9 9 5
73 12 46 1 9 4
57 6 50 9 5 5
79 49 60 10 10 4
81 6 33 7 4 4
85 16 21 9 10 2
98 17 10 10 1 1
9 74 61 5 10 4
6 85 31 5 1 0
73 81 62 8 10 7
22 99 83 6 9 7
96 99 97 6 5 1
55 90 100 3 5 5
85 56 66 4 7 2
88 54 48 2 10 3
86 37 39 1 9 0
23 45 93 6 8 2
22 86 11 1 1 0
95 54 67 3 8 0
3 3 54 3 1 1
9 38 74 4 10 0
44 28 51 2 6 6
11 39 42 2 1 0
89 5 50 4 8 0
57 59 10 9 5 1
91 2 33 3 6 2
98 90 16 1 7 0
26 57 29 4 1 0
44 72 82 1 1 1
83 75 95 1 5 5
38 54 25 3 8 3
56 9 27 4 6 0
55 18 93 10 3 1
60 31 69 10 6 3
81 96 89 2 2 2
49 11 39 1 10 1
28 65 17 5 3 1
46 38 78 7 6 3
42 62 16 9 7 7
35 38 54 2 1 0
1 5 13 5 2 2
32 91 38 7 1 1
89 39 30 10 1 1
49 16 75 9 6 6
31 12 43 9 7 3
70 62 92 2 5 0
14 67 50 6 7 6
55 43 51 2 2 0
27 49 76 5 8 1
68 54 10 10 3 1
53 66 62 6 7 4
87 87 18 10 3 2
14 17 75 1 3 0
65 2 97 8 2 2
17 93 35 7 3 3
60 33 51 9 1 1
36 57 83 6 1 0
87 16 52 6 1 0
19 98 59 1 6 3
15 80 69 2 10 3
23 24 21 7 9 6
67 26 15 1 7 2
64 88 83 7 4 2
67 34 39 1 9 6
30 83 37 6 7 1
74 100 100 10 9 5
31 28 63 2 1 0
7 29 20 8 5 2
57 1 17 5 3 2
25 100 99 4 9 8
63 22 35 1 6 1
55 25 74 8 10 4
20 33 16 5 9 0
4 54 13 8 4 4
67 68 17 5 5 3
36 40 95 1 4 1
27 34 31 5 1 1
51 90 39 6 3 2
59 80 28 3 2 0
95 33 44 7 7 5
99 98 59 4 8 8
84 25 26 6 6 5
43 64 10 5 8 5
53 10 62 4 9 2
39 91 82 4 2 2
54 28 33 4 3 0
16 34 73 6 2 1
94 5 22 1 2 1
32 75 33 3 2 0
40 89 52 5 7 2
29 66 68 10 4 2
68 98 51 10 7 4
3 73 50 7 4 1
9 90 30 10 7 4
42 13 20 8 9 7
52 79 53 7 3 1
97 61 76 6 4 3
32 48 56 4 5 2
14 96 49 6 6 5
85 14 38 9 10 10
34 81 73 5 5 3
64 42 85 2 2 0
39 43 88 7 6 0
92 37 65 7 9 0
83 86 96 10 5 0
81 17 45 1 10 7
13 49 51 8 4 3
83 28 87 5 7 7
75 64 70 7 1 1
12 62 63 10 6 0
97 54 10 9 6 5
72 53 28 5 7 5
67 17 25 1 9 6
89 38 54 6 1 1
34 80 62 9 1 1
84 17 15 7 7 1
57 98 80 3 4 4
27 59 30 7 3 0
73 99 71 2 7 1
41 87 20 6 7 4
87 10 97 8 5 2
83 36 43 7 10 4
63 64 60 9 6 3
100 95 41 4 10 2
98 10 70 9 7 3
12 47 79 9 10 5
99 64 73 9 3 1
57 47 38 1 2 2
52 74 45 6 4 2
96 55 85 7 7 7
99 83 24 4 3 1
74 9 64 9 6 5
36 37 25 7 7 0
48 22 95 8 2 2
84 31 10 2 5 3
63 79 38 6 6 6
89 90 42 10 2 2
17 12 35 6 8 2
63 18 23 2 7 5
16 97 76 9 2 1
54 26 56 5 4 0
12 41 48 1 9 7
69 53 94 2 5 4
80 41 18 3 3 1
28 30 49 2 1 0
4 14 87 6 2 0
67 92 13 4 2 0
64 64 84 3 4 3
52 36 60 2 8 0
33 94 66 5 10 8
87 41 32 6 6 6
62 80 48 6 10 10
96 15 81 4 9 3
7 100 55 10 4 0
46 23 60 4 9 2
73 5 56 10 4 2
79 9 16 3 7 4
98 94 88 7 1 1
87 99 77 1 9 0
