100 1000 90
1 24 10 9 10 4
24 61 16 8 6 3
61 41 25 2 9 1
41 96 28 2 3 0
96 30 50 7 9 4
30 93 52 5 8 0
93 33 14 8 9 7
33 23 66 4 6 6
23 34 63 4 9 6
34 99 58 7 4 3
99 3 72 3 2 1
3 13 17 3 2 2
13 28 46 9 8 1
28 53 82 1 6 5
53 78 37 8 9 9
78 49 14 1 3 1
49 9 48 2 1 1
9 29 29 7 4 4
29 5 81 2 8 5
5 71 57 10 6 6
71 43 42 1 9 2
43 85 77 5 2 0
85 58 45 2 9 8
58 6 100 4 10 3
6 64 65 4 4 0
64 14 66 3 6 0
14 45 58 10 7 0
45 83 83 1 7 4
83 63 39 8 1 0
63 40 54 7 10 6
40 51 92 5 3 0
51 57 95 6 5 3
57 88 26 10 1 1
88 75 91 9 6 3
75 8 84 10 1 0
8 50 26 10 2 1
50 12 57 8 1 0
12 84 30 10 1 1
84 17 79 1 7 1
17 39 82 7 4 4
39 37 56 8 3 1
37 35 98 5 8 8
35 31 51 3 1 0
31 21 56 7 8 3
21 2 89 2 1 1
2 72 70 2 6 2
72 86 90 10 10 4
86 42 12 1 2 1
42 81 91 10 1 0
81 16 63 5 8 5
16 48 50 10 10 3
48 4 31 7 10 1
4 55 17 5 4 2
55 70 93 4 2 0
70 10 27 5 10 4
10 89 86 8 5 2
89 32 64 7 2 0
32 44 95 6 6 5
44 76 77 7 2 0
76 59 47 3 3 3
59 98 37 2 7 3
98 82 34 5 7 5
82 95 13 8 9 8
95 20 73 1 6 1
20 73 49 1 6 5
73 11 95 7 9 0
11 47 45 5 5 2
47 15 66 4 10 6
15 74 88 3 7 6
74 27 55 5 1 0
27 7 71 6 2 1
7 36 67 1 1 1
36 22 54 7 1 0
22 56 60 6 1 1
56 26 95 3 2 2
26 68 65 10 1 1
68 38 51 8 8 0
38 77 21 2 4 4
77 65 49 7 3 0
65 79 53 3 8 6
79 60 19 3 6 6
60 87 21 1 9 2
87 80 71 10 2 2
80 66 33 5 6 0
66 25 13 5 6 0
25 90 90 3 9 4
90 18 92 9 7 5
18 94 95 3 4 1
94 62 62 4 8 8
62 52 54 2 10 0
52 97 79 1 3 3
97 54 99 8 6 6
54 19 61 2 9 7
19 67 49 6 1 1
67 46 80 2 7 6
46 69 63 9 7 2
69 91 77 6 9 2
91 100 58 5 9 5
87 33 33 10 6 5
56 71 94 9 8 4
96 41 66 4 10 9
66 23 76 7 2 1
13 2 55 4 1 0
63 34 78 1 4 2
45 40 95 9 6 3
99 77 81 2 5 5
28 42 93 3 7 6
16 69 12 9 4 1
89 68 67 4 9 4
10 34 18 3 5 1
83 73 97 2 8 4
1 66 64 2 10 0
20 54 38 2 10 9
1 20 83 6 6 0
12 46 73 7 7 5
7 24 18 9 2 0
67 89 66 9 1 1
5 59 24 10 3 2
56 89 19 3 3 1
24 70 66 8 5 0
9 91 15 7 1 1
5 11 94 9 9 6
75 39 97 7 2 1
43 1 59 9 4 4
26 20 49 1 3 1
5 5 14 4 2 2
26 47 85 5 10 2
30 7 94 1 5 0
10 13 13 5 10 2
40 30 33 9 6 1
6 37 94 10 3 3
14 88 34 7 8 4
31 25 40 9 4 1
92 65 98 4 5 2
61 44 25 9 3 0
18 32 23 3 1 0
44 36 75 7 6 1
28 46 90 9 1 0
72 10 33 2 3 2
74 90 82 8 2 2
32 7 79 6 2 1
34 62 81 8 9 5
77 94 93 9 2 0
63 32 99 5 6 4
36 99 16 7 8 1
78 71 44 10 6 3
36 97 70 3 4 4
50 13 23 4 3 3
61 57 58 2 4 2
26 37 50 6 10 9
43 70 26 2 9 3
74 35 80 8 10 7
10 86 35 3 10 1
13 71 80 10 4 1
68 98 35 5 4 4
32 20 37 4 3 3
76 22 41 9 5 2
32 46 59 8 5 1
38 4 53 3 6 2
96 26 44 2 2 1
42 59 92 7 9 6
38 10 45 4 9 1
25 28 13 10 7 1
67 30 16 4 4 2
14 37 66 10 4 2
19 53 99 4 4 2
33 60 17 8 1 1
85 60 13 3 6 3
14 72 14 8 3 2
16 40 51 8 7 3
100 50 97 5 2 0
85 75 85 8 2 2
31 2 77 10 3 1
10 56 87 2 5 2
93 11 54 2 4 1
81 34 55 1 6 0
93 86 82 8 8 5
24 9 44 3 8 0
56 38 30 6 4 1
32 85 86 1 1 1
74 40 53 6 10 4
54 10 11 9 2 1
16 98 20 9 3 2
62 63 19 8 7 6
16 44 15 5 2 2
87 13 82 5 1 1
80 4 85 2 1 0
65 24 19 10 8 0
82 36 76 9 8 4
85 42 97 1 2 1
10 36 65 8 5 2
20 68 20 4 3 3
37 18 44 3 3 1
82 53 72 9 10 3
8 68 58 5 7 2
40 7 60 4 4 3
54 91 24 9 10 5
40 84 55 1 8 5
48 43 48 8 8 4
1 81 76 10 9 6
89 11 33 8 9 1
28 83 23 3 4 2
68 35 37 6 6 0
53 31 37 9 6 1
21 61 89 10 7 0
22 81 66 4 2 0
87 62 51 10 9 0
4 81 16 5 10 10
75 10 41 2 8 4
34 22 51 8 10 0
10 54 80 4 9 5
11 36 28 6 2 1
17 46 78 9 5 3
88 22 78 2 10 8
86 39 59 3 2 1
83 97 39 7 6 2
57 46 93 2 2 1
53 77 53 5 3 0
63 21 27 9 2 0
16 81 70 10 9 4
3 5 66 1 5 2
84 23 99 4 10 3
90 1 46 3 8 6
90 76 69 2 2 0
94 90 14 5 7 0
13 89 58 7 2 0
48 86 87 7 9 4
25 21 98 3 3 2
92 76 96 3 5 2
6 56 64 6 4 4
26 75 68 2 3 2
67 90 57 3 8 5
2 98 69 2 8 4
62 4 23 2 1 1
57 44 38 10 8 6
26 90 13 10 6 3
18 4 83 5 10 3
22 21 77 3 2 0
50 75 74 7 8 1
43 44 37 1 8 0
81 68 35 6 6 0
97 71 50 9 4 2
38 76 67 3 4 3
96 5 70 6 5 5
100 20 46 5 4 3
98 56 34 3 4 1
31 63 38 1 10 3
59 92 75 6 7 2
52 18 76 7 10 10
56 60 13 4 10 10
68 10 72 5 10 4
26 63 28 2 10 0
77 9 89 3 4 2
83 91 78 1 4 3
37 21 40 8 3 1
73 42 52 4 1 0
13 32 92 3 8 1
68 33 86 8 9 4
42 80 79 6 3 1
98 63 92 9 2 1
92 35 29 1 6 3
76 54 83 7 1 1
20 7 64 6 6 1
80 39 71 9 1 1
74 94 92 3 3 2
25 49 50 10 5 5
92 67 92 7 2 2
66 56 35 9 9 9
98 62 39 10 2 0
73 66 35 7 7 6
40 96 44 6 6 6
47 99 27 10 2 0
91 2 33 2 6 5
87 51 80 9 7 0
22 14 54 8 8 0
53 66 67 3 6 2
8 88 95 3 9 4
73 9 41 8 3 3
45 61 44 2 1 1
62 42 51 9 1 0
25 45 46 3 6 3
63 15 99 3 6 3
12 68 60 5 3 0
16 56 60 1 3 1
48 70 49 9 1 0
89 77 34 7 4 4
40 20 80 3 8 8
1 73 68 2 8 6
8 38 53 4 2 2
61 11 34 2 6 4
99 69 58 6 7 4
36 20 45 2 9 4
93 63 79 7 1 1
74 58 37 6 5 3
79 65 85 8 5 1
5 1 63 8 2 1
77 32 73 7 4 3
85 20 13 8 2 0
11 98 100 7 3 2
37 47 93 10 10 4
65 8 40 6 5 0
98 92 16 9 3 2
69 92 70 1 9 3
29 41 18 9 1 0
56 2 15 6 8 0
62 12 58 4 5 3
13 15 48 5 2 0
5 43 23 1 4 2
31 70 100 2 2 1
81 43 41 3 7 7
25 10 100 2 8 2
52 7 15 9 5 0
80 21 55 7 1 0
89 98 37 6 4 1
3 52 49 1 4 2
9 25 88 3 3 1
65 97 52 9 3 2
24 17 99 5 6 0
10 78 93 3 3 0
14 33 84 4 10 0
4 7 77 8 2 1
79 22 59 7 4 0
90 14 95 8 8 1
55 54 78 3 8 4
79 28 23 3 1 1
41 45 65 6 8 1
27 5 69 8 9 6
33 5 95 9 1 1
100 4 33 7 8 1
55 18 91 10 5 2
67 6 57 8 3 0
24 93 51 2 3 0
7 100 99 8 1 0
56 64 49 9 4 0
78 3 39 8 6 4
42 42 84 2 7 1
83 93 94 8 8 3
47 77 15 8 4 2
69 42 16 9 8 6
90 89 68 2 2 2
55 50 41 5 4 2
65 85 51 3 7 7
57 12 40 1 9 1
81 14 77 10 6 2
82 22 59 9 4 4
20 38 60 6 6 2
83 11 48 8 5 2
57 76 56 6 7 5
5 62 38 9 7 1
85 10 67 2 6 3
81 91 74 4 3 0
89 12 13 3 9 8
17 57 37 6 9 4
89 89 27 9 2 1
82 6 56 7 9 3
29 30 61 5 9 9
93 49 95 10 8 8
50 95 75 4 10 2
53 7 85 1 1 0
86 91 57 1 6 2
99 6 91 5 7 3
37 67 48 8 1 0
42 75 50 5 4 0
19 55 94 3 10 9
51 23 74 10 6 6
18 72 22 1 4 4
20 89 48 4 1 1
45 82 79 4 4 4
68 92 13 5 3 0
61 12 18 5 9 8
98 42 55 8 3 1
78 35 100 7 3 0
85 21 31 3 2 0
31 78 99 5 1 1
12 78 74 5 8 0
88 84 54 3 9 5
14 97 52 6 3 3
95 76 44 2 6 4
27 35 56 10 1 1
69 87 52 10 4 2
51 49 82 5 5 4
39 97 58 3 5 0
59 24 74 1 1 1
23 63 89 3 8 8
11 59 57 6 10 2
81 27 10 4 6 2
73 33 57 9 8 7
21 65 25 9 1 1
62 34 46 1 9 6
21 26 13 3 7 4
9 4 63 7 10 5
50 28 33 8 7 3
44 59 59 9 4 0
46 83 12 8 4 2
42 25 47 5 9 5
2 66 31 6 3 2
37 65 45 7 1 0
48 52 70 8 4 1
95 77 61 1 6 6
12 83 23 4 1 1
74 49 87 8 3 1
52 22 28 9 6 2
99 2 97 6 2 0
3 54 48 1 8 6
40 8 36 7 7 4
62 50 73 4 3 3
66 15 84 8 5 0
25 82 93 2 2 2
1 35 89 2 2 0
46 38 80 8 6 4
9 56 92 9 2 0
59 81 99 2 4 1
86 81 96 4 4 3
52 71 58 2 1 0
23 70 29 7 1 1
97 2 94 5 5 2
60 14 49 1 9 9
63 3 10 4 6 3
90 28 77 6 7 3
6 27 37 2 8 1
53 27 81 10 4 4
4 28 14 1 1 0
37 8 12 9 5 2
21 31 44 6 1 1
38 6 31 6 1 0
88 91 65 1 6 3
59 50 82 10 9 0
52 92 45 4 5 4
83 23 53 6 8 7
4 67 95 2 4 0
18 30 89 9 2 0
44 91 33 5 6 1
40 77 79 3 9 3
14 13 83 6 6 4
16 14 74 6 2 0
77 64 40 8 3 2
98 21 75 6 6 6
49 75 97 4 1 0
12 70 92 2 1 1
78 80 76 8 5 1
62 99 47 5 8 1
24 54 72 2 10 7
94 99 50 9 10 10
89 97 87 7 3 1
67 84 73 2 4 0
42 16 60 7 2 1
62 79 100 5 5 0
91 5 74 7 8 2
75 15 83 7 6 2
85 47 90 6 9 6
64 48 95 5 8 2
70 72 88 5 9 8
98 72 83 4 4 1
38 11 90 8 6 4
85 25 25 2 2 0
88 81 31 6 1 0
99 4 89 8 2 1
22 50 95 3 5 3
68 17 29 5 2 2
43 13 68 1 3 1
81 50 100 4 2 0
4 82 47 6 1 0
85 68 13 2 3 2
97 55 57 3 6 3
43 79 51 4 9 7
48 61 78 1 7 1
8 56 75 3 6 3
53 61 61 9 7 2
68 87 71 10 7 6
98 51 79 1 3 3
20 76 73 4 1 1
34 40 17 6 7 0
6 42 66 6 7 5
56 65 13 7 6 3
33 84 49 7 7 1
39 6 65 10 5 1
4 40 37 3 10 1
1 93 76 1 5 0
37 9 96 1 6 1
39 74 27 10 10 6
44 54 77 1 6 0
7 68 78 7 4 2
30 8 65 10 7 3
45 97 15 7 4 2
71 29 69 2 3 1
85 52 62 4 3 2
97 65 47 4 4 4
73 91 35 10 9 2
33 40 29 9 4 1
20 30 43 5 6 5
25 62 87 8 4 3
68 65 10 2 2 2
77 6 21 7 9 2
51 75 52 9 2 0
1 64 73 9 9 1
2 20 38 6 2 1
73 16 92 5 1 0
54 57 65 10 8 5
57 59 75 9 6 0
35 89 100 9 6 0
49 10 39 4 5 1
90 60 39 7 10 2
61 13 89 5 5 1
71 44 15 3 8 5
79 84 56 3 3 2
95 47 99 6 7 1
14 99 28 2 6 2
49 79 39 5 9 0
84 43 17 1 3 0
72 93 52 4 4 0
84 29 14 2 8 5
57 60 76 9 8 0
9 19 31 3 9 2
72 78 33 3 3 2
26 80 68 5 10 7
33 19 38 10 6 3
44 50 64 10 7 7
52 31 29 10 10 2
22 27 82 3 1 1
17 100 63 8 3 1
58 97 17 10 6 5
13 26 22 2 2 0
13 53 57 9 1 0
43 81 55 10 8 3
48 36 57 6 2 1
48 19 37 6 9 8
51 72 63 7 9 9
53 11 43 7 8 6
6 100 77 3 2 0
58 59 18 3 5 3
48 51 51 2 1 1
27 32 66 4 5 5
59 46 57 9 7 5
27 64 97 7 8 7
52 35 97 4 9 6
46 61 67 6 4 0
1 51 68 1 7 3
35 6 80 2 3 2
82 16 52 9 8 8
99 60 96 6 10 6
52 93 72 1 2 0
40 69 79 1 8 4
85 92 61 10 5 4
13 75 16 6 8 2
88 20 70 2 7 7
100 45 14 3 10 2
56 21 11 10 6 2
30 48 21 3 5 4
54 76 100 2 1 0
68 16 100 8 4 3
36 29 17 8 7 5
66 30 84 8 10 7
18 11 18 7 4 2
13 37 79 1 1 1
7 92 35 5 7 1
32 78 40 1 5 2
39 42 63 1 7 6
97 99 29 4 7 5
76 72 50 3 7 4
46 34 63 9 7 1
67 61 71 10 9 4
35 37 85 5 10 9
21 67 29 7 3 1
45 12 28 9 6 5
58 66 25 2 6 6
96 61 45 2 10 1
13 66 57 8 1 1
4 24 79 5 1 0
27 45 81 2 8 3
55 52 80 10 10 7
53 8 31 8 5 5
20 31 36 9 10 9
65 51 23 1 8 4
8 23 20 6 1 0
91 40 67 2 3 2
52 76 24 7 8 5
76 58 80 4 8 1
22 34 94 8 7 1
72 34 37 10 4 3
25 2 58 8 9 1
24 68 89 7 10 9
4 88 36 8 3 3
69 90 16 6 10 0
65 96 70 1 7 3
62 58 51 10 6 6
77 80 71 2 6 3
59 36 52 8 8 1
28 29 24 9 5 5
89 39 72 9 1 0
50 24 93 6 4 4
89 72 46 5 8 7
69 36 22 6 7 2
8 34 29 3 6 2
63 24 41 7 9 7
61 82 82 3 8 4
72 36 83 5 1 0
60 25 23 3 1 0
96 94 69 9 8 0
48 30 25 1 9 6
79 18 79 8 9 5
75 87 94 7 1 1
81 19 25 5 7 7
72 80 48 9 6 3
86 89 82 4 8 5
3 74 64 3 8 0
15 56 75 7 1 0
46 10 56 5 10 9
55 100 59 9 3 1
74 34 53 9 3 3
18 100 65 6 7 1
10 38 83 2 6 6
18 17 25 7 10 5
96 96 66 9 10 6
92 38 64 6 7 4
70 23 80 3 4 0
12 17 74 8 9 6
48 99 73 5 3 0
14 3 44 1 1 1
83 80 91 3 1 0
12 16 79 4 5 0
48 41 45 6 3 3
64 41 100 7 5 5
37 44 90 9 9 4
35 43 70 3 1 1
63 8 77 9 7 1
95 26 65 10 2 1
21 16 68 7 10 0
44 22 28 4 4 2
66 92 51 8 3 2
2 5 94 5 8 1
8 89 20 1 2 1
76 44 58 4 3 3
85 36 75 5 7 6
71 50 54 2 5 0
34 83 92 3 6 3
66 76 38 6 5 3
2 7 16 3 9 7
25 65 90 2 10 2
71 18 81 5 8 2
61 87 57 3 6 5
71 30 59 6 7 3
17 51 93 5 5 3
35 59 80 9 6 2
71 80 87 9 2 0
8 30 20 9 6 6
15 95 51 3 2 0
75 67 36 10 3 3
53 6 78 2 10 10
30 86 80 3 2 0
45 16 43 1 10 4
22 54 67 4 1 1
8 51 64 9 8 1
58 10 76 1 7 6
34 18 100 9 5 5
45 73 43 3 8 1
55 14 57 4 3 3
85 7 48 1 10 2
100 94 41 6 5 1
75 45 76 8 1 1
23 54 95 5 1 0
72 51 81 4 8 1
67 86 66 9 6 0
93 71 57 5 6 5
19 54 68 4 9 0
55 78 90 4 2 0
40 12 21 10 5 0
14 57 37 8 4 1
77 77 61 7 2 1
7 6 74 8 4 2
6 72 31 6 4 2
81 99 36 1 5 3
29 16 85 4 10 5
23 62 69 1 4 1
71 45 16 7 5 3
39 43 36 10 10 10
75 53 98 4 6 2
6 83 97 1 10 3
51 35 79 10 7 5
5 29 95 5 7 1
89 56 59 1 5 3
92 89 93 8 6 2
10 12 99 10 5 1
80 91 69 4 8 3
82 100 89 9 1 0
79 5 82 3 5 5
30 1 18 5 6 0
89 71 22 6 2 0
29 54 66 10 6 4
32 84 69 3 8 8
30 58 16 8 5 2
84 9 13 9 7 6
7 83 80 6 10 9
80 44 81 2 10 4
89 66 32 10 8 4
19 45 16 9 9 1
77 91 29 8 1 1
95 30 15 8 10 1
52 91 43 4 4 4
12 59 66 7 6 2
64 12 23 10 9 0
13 29 32 6 8 2
5 100 60 3 10 9
88 19 23 5 6 2
7 37 78 7 5 1
28 4 76 6 3 3
72 1 94 1 5 0
95 29 10 9 5 3
94 73 12 3 1 1
86 20 11 9 4 0
40 66 63 10 5 4
37 36 20 5 10 7
86 75 21 5 7 0
90 67 36 10 6 0
39 28 33 10 8 2
80 38 88 2 8 5
18 59 79 4 2 2
43 17 51 4 2 1
34 29 41 1 4 3
68 25 98 10 7 5
1 99 31 10 10 10
42 20 34 7 10 5
71 7 75 1 1 0
8 62 86 6 4 3
42 41 24 2 4 0
33 86 38 1 2 0
10 3 35 10 10 4
67 33 85 8 6 5
75 35 95 6 8 1
67 38 67 5 1 1
78 45 25 8 2 1
22 83 56 5 7 5
47 55 76 7 1 0
92 50 63 2 6 2
76 48 98 9 1 0
97 12 51 4 4 1
69 31 95 6 8 8
22 9 84 4 3 0
42 34 49 9 5 1
49 94 24 10 2 0
54 79 87 5 3 0
82 19 78 8 2 1
26 93 21 7 1 0
43 57 58 4 5 4
10 82 44 2 1 0
79 71 32 9 5 2
63 20 24 7 9 9
69 60 71 8 7 6
25 69 93 2 9 4
30 30 41 5 9 3
57 17 51 1 1 0
29 83 38 7 4 1
91 29 12 3 8 6
4 57 16 8 1 1
5 35 42 7 10 5
77 24 16 1 9 1
99 49 81 10 7 2
72 98 75 10 8 6
47 30 49 8 3 0
1 92 88 6 8 5
78 12 18 9 4 1
26 62 72 7 6 2
46 88 62 4 4 2
47 61 28 1 10 5
3 43 21 3 7 6
86 14 67 6 4 0
88 52 65 10 10 8
48 15 66 6 1 1
69 75 62 10 10 6
95 97 98 4 8 5
49 62 77 9 7 4
91 35 11 6 4 1
53 30 27 1 8 8
51 81 21 9 4 3
85 64 71 3 9 3
38 75 64 2 10 2
10 84 67 1 6 5
82 37 39 8 2 1
71 10 27 4 10 2
12 53 82 3 7 7
89 9 96 7 8 6
73 70 45 8 3 0
79 37 66 10 5 1
53 29 16 7 10 5
50 2 48 8 2 1
83 88 72 2 7 1
62 68 56 9 5 2
87 78 74 10 9 6
37 48 45 2 5 3
73 27 61 6 8 6
62 64 55 6 4 0
86 28 16 8 7 7
98 55 93 10 8 7
7 15 70 9 7 5
47 28 10 7 1 1
54 42 95 7 3 0
31 90 54 1 6 3
22 89 20 2 6 6
22 28 89 2 5 4
80 49 28 4 8 4
41 62 55 6 5 1
30 4 19 1 4 0
46 75 84 5 8 1
22 80 17 5 1 0
99 50 85 9 7 1
51 48 53 3 4 0
91 55 44 10 5 1
52 42 84 5 6 6
3 10 83 6 9 5
3 16 87 9 8 0
83 74 86 3 4 0
88 96 53 4 1 0
55 9 44 4 9 9
80 43 42 9 8 1
8 87 73 2 6 5
81 33 78 2 3 0
43 42 87 9 10 1
78 13 62 9 2 2
75 16 95 6 2 2
56 66 69 8 2 0
35 85 65 9 8 6
31 13 46 8 9 9
58 20 10 7 4 1
5 51 76 1 3 1
50 14 58 8 8 2
21 82 83 4 10 0
82 80 85 8 8 3
58 94 42 1 2 0
43 67 25 1 1 1
77 98 46 3 4 4
89 17 17 9 8 4
6 53 50 2 6 3
90 93 36 6 2 0
81 30 94 10 1 0
56 55 94 1 6 6
33 48 28 2 10 1
77 14 89 1 2 0
1 6 94 1 8 2
3 82 43 7 5 3
81 75 100 10 10 6
13 63 48 7 10 9
43 28 78 7 4 4
58 98 29 1 5 3
74 62 11 8 3 1
24 1 32 6 5 0
88 59 18 5 9 5
40 34 97 5 8 2
34 76 42 6 4 1
95 52 64 6 5 0
16 66 50 9 4 2
60 96 23 1 2 0
84 6 65 4 5 2
38 92 24 3 2 2
95 15 58 2 9 0
38 16 78 3 5 1
64 27 40 2 7 0
4 8 23 10 1 0
14 90 19 6 2 0
90 50 22 3 3 3
23 27 84 7 9 9
77 50 88 2 8 2
19 98 67 7 10 0
58 48 46 7 2 0
90 25 60 8 9 8
83 48 29 4 5 4
60 92 38 9 3 0
45 89 75 7 3 3
32 35 60 1 2 0
83 13 14 2 5 4
51 70 74 2 5 4
98 27 76 5 2 1
47 5 30 10 7 2
59 55 82 10 10 7
76 28 58 3 7 0
91 51 90 5 3 0
100 8 65 4 2 1
6 48 82 4 6 1
40 59 49 10 7 3
36 46 93 3 1 0
2 3 24 9 7 6
30 29 16 5 1 0
78 7 58 9 2 2
61 16 58 10 8 2
69 93 21 1 6 3
5 24 75 1 2 2
16 70 66 9 5 3
96 54 64 6 7 2
67 5 26 8 7 5
84 28 88 3 7 0
15 24 46 8 6 5
42 44 32 4 10 8
22 8 54 5 6 4
92 87 49 4 1 0
74 70 22 8 9 7
65 11 20 8 7 6
12 92 89 7 9 2
46 45 73 4 5 0
82 17 58 3 5 1
60 89 54 6 4 3
65 26 48 4 4 2
94 96 23 7 7 7
32 25 56 2 7 0
52 81 10 5 1 0
31 5 68 4 1 0
83 31 89 9 5 3
94 36 86 8 6 5
19 26 84 5 8 5
10 5 63 2 10 10
11 11 49 10 5 0
59 79 45 3 2 1
21 83 75 5 10 4
58 93 78 8 5 5
36 36 50 5 9 3
65 60 56 10 6 5
4 42 96 10 8 8
5 6 36 7 1 0
38 36 78 2 8 8
10 45 69 8 7 2
72 72 72 7 4 0
1 26 44 2 10 1
79 95 31 2 3 2
78 60 18 9 1 1
2 22 30 4 5 3
44 32 91 8 3 3
38 73 69 4 10 9
41 10 46 3 8 0
88 87 43 7 2 2
63 83 29 9 6 5
67 53 28 9 1 0
90 77 60 8 10 7
27 82 74 4 5 2
53 95 34 1 9 6
42 77 69 3 9 9
21 42 44 4 10 4
21 91 59 3 2 0
65 37 54 2 2 1
39 63 41 2 9 9
68 8 87 5 1 1
88 9 26 5 1 0
51 3 62 4 3 1
56 56 22 5 3 0
53 71 54 4 10 6
94 12 14 10 10 7
96 17 40 3 1 1
26 32 78 7 3 0
65 73 12 4 10 8
92 7 96 9 9 7
58 45 71 4 9 4
69 3 41 5 5 0
13 7 79 2 7 6
84 2 34 9 9 6
17 10 77 8 2 1
4 13 85 2 5 0
57 23 71 6 1 1
5 68 70 4 6 3
15 23 95 10 8 4
13 90 77 4 3 0
78 17 48 7 9 4
36 56 22 5 9 4
91 18 63 2 3 3
96 77 68 1 5 3
28 85 76 7 7 0
11 63 94 5 1 1
39 71 70 10 9 0
90 53 61 8 8 3
43 91 11 4 2 0
35 29 44 6 7 7
8 36 76 4 8 7
68 27 62 6 5 0
91 25 53 6 8 8
79 53 16 2 8 4
14 48 39 1 6 6
26 65 14 1 7 3
50 1 21 7 8 6
64 50 28 6 6 3
40 17 69 3 10 4
2 76 90 3 10 4
30 23 84 9 8 6
2 51 35 8 4 3
94 93 34 7 2 1
93 10 93 10 10 2
35 17 58 7 5 1
90 95 39 3 1 1
70 32 74 10 3 2
32 99 69 4 9 7
60 34 88 7 10 7
56 52 23 5 7 7
71 73 92 10 4 1
52 13 34 4 8 6
29 38 32 5 10 10
87 93 85 6 5 5
73 98 99 5 1 0
1 58 89 5 1 0
5 30 48 4 2 1
5 33 41 10 8 4
67 92 22 10 2 0
14 30 56 6 1 0
69 57 95 1 3 2
54 81 31 5 8 5
44 7 80 7 7 1
88 44 93 9 5 2
