10000
2 9865
3 979
4 224
5 164
6 137
7 36
8 29
9 21
10 16
11 12
0 0
13 15
14 0
0 0
0 0
17 18
0 0
19 0
20 0
0 0
22 28
23 27
24 26
25 0
0 0
0 0
0 0
0 0
30 32
31 0
0 0
33 0
34 35
0 0
0 0
37 126
38 120
39 102
40 52
41 0
42 46
43 0
44 0
45 0
0 0
47 51
48 0
49 50
0 0
0 0
0 0
53 76
54 62
55 0
56 61
57 58
0 0
59 60
0 0
0 0
0 0
63 64
0 0
65 70
66 68
67 0
0 0
69 0
0 0
71 72
0 0
73 74
0 0
75 0
0 0
77 101
78 97
79 92
80 81
0 0
82 89
83 88
84 85
0 0
86 87
0 0
0 0
0 0
90 0
91 0
0 0
93 96
94 0
95 0
0 0
0 0
98 100
99 0
0 0
0 0
0 0
103 109
104 106
105 0
0 0
107 0
108 0
0 0
110 115
111 112
0 0
113 0
114 0
0 0
116 119
117 118
0 0
0 0
0 0
121 123
122 0
0 0
124 0
125 0
0 0
127 136
128 131
129 130
0 0
0 0
132 133
0 0
134 0
135 0
0 0
0 0
138 145
139 143
140 0
141 142
0 0
0 0
144 0
0 0
146 163
147 156
148 149
0 0
150 155
151 152
0 0
153 154
0 0
0 0
0 0
157 160
158 159
0 0
0 0
161 0
162 0
0 0
0 0
165 219
166 169
167 168
0 0
0 0
170 193
171 192
172 177
173 174
0 0
175 0
176 0
0 0
178 183
179 0
180 181
0 0
182 0
0 0
184 186
185 0
0 0
187 190
188 0
189 0
0 0
191 0
0 0
0 0
194 202
195 196
0 0
197 200
198 0
199 0
0 0
201 0
0 0
203 206
204 205
0 0
0 0
207 210
208 0
209 0
0 0
211 214
212 213
0 0
0 0
215 0
216 217
0 0
218 0
0 0
220 223
221 222
0 0
0 0
0 0
225 433
226 410
227 303
228 299
229 256
230 247
231 246
232 234
233 0
0 0
235 243
236 239
237 238
0 0
0 0
240 242
241 0
0 0
0 0
244 245
0 0
0 0
0 0
248 252
249 0
250 0
251 0
0 0
253 254
0 0
255 0
0 0
257 261
258 260
259 0
0 0
0 0
262 294
263 287
264 274
265 267
266 0
0 0
268 269
0 0
270 0
271 272
0 0
273 0
0 0
275 276
0 0
277 284
278 282
279 0
280 0
281 0
0 0
283 0
0 0
285 286
0 0
0 0
288 289
0 0
290 0
291 292
0 0
293 0
0 0
295 0
296 297
0 0
298 0
0 0
300 302
301 0
0 0
0 0
304 340
305 330
306 313
307 310
308 0
309 0
0 0
311 312
0 0
0 0
314 326
315 317
316 0
0 0
318 320
319 0
0 0
321 325
322 323
0 0
324 0
0 0
0 0
327 329
328 0
0 0
0 0
331 332
0 0
333 337
334 0
335 336
0 0
0 0
338 0
339 0
0 0
341 358
342 351
343 346
344 345
0 0
0 0
347 350
348 349
0 0
0 0
0 0
352 355
353 354
0 0
0 0
356 357
0 0
0 0
359 362
360 0
361 0
0 0
363 392
364 388
365 380
366 379
367 371
368 369
0 0
370 0
0 0
372 374
373 0
0 0
375 376
0 0
377 0
378 0
0 0
0 0
381 385
382 0
383 384
0 0
0 0
386 0
387 0
0 0
389 391
390 0
0 0
0 0
393 407
394 397
395 0
396 0
0 0
398 404
399 403
400 0
401 402
0 0
0 0
0 0
405 406
0 0
0 0
408 0
409 0
0 0
411 426
412 418
413 417
414 416
415 0
0 0
0 0
0 0
419 423
420 0
421 422
0 0
0 0
424 0
425 0
0 0
427 431
428 430
429 0
0 0
0 0
432 0
0 0
434 937
435 658
436 456
437 454
438 445
439 442
440 441
0 0
0 0
443 444
0 0
0 0
446 448
447 0
0 0
449 452
450 0
451 0
0 0
453 0
0 0
455 0
0 0
457 558
458 552
459 493
460 492
461 485
462 481
463 478
464 473
465 468
466 0
467 0
0 0
469 471
470 0
0 0
472 0
0 0
474 477
475 476
0 0
0 0
0 0
479 0
480 0
0 0
482 484
483 0
0 0
0 0
486 487
0 0
488 489
0 0
490 491
0 0
0 0
0 0
494 539
495 530
496 526
497 518
498 500
499 0
0 0
501 502
0 0
503 512
504 508
505 507
506 0
0 0
0 0
509 510
0 0
511 0
0 0
513 514
0 0
515 517
516 0
0 0
0 0
519 0
520 521
0 0
522 524
523 0
0 0
525 0
0 0
527 529
528 0
0 0
0 0
531 0
532 533
0 0
534 536
535 0
0 0
537 538
0 0
0 0
540 547
541 542
0 0
543 0
544 0
545 0
546 0
0 0
548 550
549 0
0 0
551 0
0 0
553 557
554 555
0 0
556 0
0 0
0 0
559 586
560 579
561 562
0 0
563 572
564 569
565 568
566 567
0 0
0 0
0 0
570 571
0 0
0 0
573 0
574 577
575 0
576 0
0 0
578 0
0 0
580 582
581 0
0 0
583 0
584 0
585 0
0 0
587 603
588 0
589 593
590 0
591 0
592 0
0 0
594 596
595 0
0 0
597 599
598 0
0 0
600 601
0 0
602 0
0 0
604 0
605 643
606 641
607 620
608 617
609 616
610 0
611 613
612 0
0 0
614 0
615 0
0 0
0 0
618 0
619 0
0 0
621 637
622 626
623 624
0 0
625 0
0 0
627 0
628 633
629 0
630 631
0 0
632 0
0 0
634 636
635 0
0 0
0 0
638 639
0 0
640 0
0 0
642 0
0 0
644 657
645 650
646 648
647 0
0 0
649 0
0 0
651 653
652 0
0 0
654 655
0 0
656 0
0 0
0 0
659 767
660 0
661 699
662 665
663 664
0 0
0 0
666 686
667 673
668 670
669 0
0 0
671 672
0 0
0 0
674 0
675 679
676 677
0 0
678 0
0 0
680 685
681 684
682 683
0 0
0 0
0 0
0 0
687 697
688 692
689 691
690 0
0 0
0 0
693 694
0 0
695 696
0 0
0 0
698 0
0 0
700 730
701 729
702 708
703 0
704 705
0 0
706 707
0 0
0 0
709 724
710 722
711 712
0 0
713 715
714 0
0 0
716 0
717 721
718 719
0 0
720 0
0 0
0 0
723 0
0 0
725 727
726 0
0 0
728 0
0 0
0 0
731 744
732 738
733 736
734 735
0 0
0 0
737 0
0 0
739 0
740 0
741 0
742 0
743 0
0 0
745 749
746 747
0 0
748 0
0 0
750 762
751 753
752 0
0 0
754 756
755 0
0 0
757 759
758 0
0 0
760 0
761 0
0 0
763 764
0 0
765 0
766 0
0 0
768 839
769 799
770 779
771 774
772 0
773 0
0 0
775 0
776 0
777 778
0 0
0 0
780 782
781 0
0 0
783 791
784 0
785 788
786 0
787 0
0 0
789 790
0 0
0 0
792 795
793 0
794 0
0 0
796 0
797 0
798 0
0 0
800 824
801 0
802 811
803 808
804 806
805 0
0 0
807 0
0 0
809 810
0 0
0 0
812 820
813 0
814 818
815 0
816 817
0 0
0 0
819 0
0 0
821 0
822 0
823 0
0 0
825 838
826 837
827 831
828 0
829 0
830 0
0 0
832 833
0 0
834 835
0 0
836 0
0 0
0 0
0 0
840 846
841 0
842 843
0 0
844 845
0 0
0 0
847 882
848 869
849 0
850 851
0 0
852 861
853 857
854 856
855 0
0 0
0 0
858 859
0 0
860 0
0 0
862 868
863 867
864 866
865 0
0 0
0 0
0 0
0 0
870 871
0 0
872 878
873 876
874 875
0 0
0 0
877 0
0 0
879 880
0 0
881 0
0 0
883 897
884 888
885 886
0 0
887 0
0 0
889 892
890 0
891 0
0 0
893 0
894 895
0 0
896 0
0 0
898 927
899 907
900 906
901 904
902 903
0 0
0 0
905 0
0 0
0 0
908 922
909 911
910 0
0 0
912 916
913 915
914 0
0 0
0 0
917 921
918 0
919 920
0 0
0 0
0 0
923 0
924 0
925 0
926 0
0 0
928 930
929 0
0 0
931 935
932 0
933 934
0 0
0 0
936 0
0 0
938 967
939 953
940 0
941 945
942 0
943 0
944 0
0 0
946 949
947 948
0 0
0 0
950 0
951 0
952 0
0 0
954 961
955 960
956 959
957 0
958 0
0 0
0 0
0 0
962 963
0 0
964 0
965 966
0 0
0 0
968 0
969 978
970 974
971 0
972 973
0 0
0 0
975 977
976 0
0 0
0 0
0 0
980 6720
981 4292
982 3934
983 3896
984 3214
985 1998
986 1403
987 1009
988 0
989 1003
990 1001
991 1000
992 993
0 0
994 995
0 0
996 999
997 0
998 0
0 0
0 0
0 0
1002 0
0 0
1004 1006
1005 0
0 0
1007 1008
0 0
0 0
1010 1297
1011 1099
1012 1075
1013 1058
1014 1015
0 0
1016 0
1017 1041
1018 1026
1019 1022
1020 0
1021 0
0 0
1023 1025
1024 0
0 0
0 0
1027 1032
1028 1030
1029 0
0 0
1031 0
0 0
1033 1039
1034 1036
1035 0
0 0
1037 0
1038 0
0 0
1040 0
0 0
1042 1057
1043 1046
1044 1045
0 0
0 0
1047 1048
0 0
1049 1052
1050 1051
0 0
0 0
1053 1055
1054 0
0 0
1056 0
0 0
0 0
1059 1062
1060 1061
0 0
0 0
1063 1066
1064 0
1065 0
0 0
1067 1072
1068 1071
1069 0
1070 0
0 0
0 0
1073 0
1074 0
0 0
1076 1094
1077 1080
1078 0
1079 0
0 0
1081 1086
1082 1083
0 0
1084 0
1085 0
0 0
1087 1091
1088 0
1089 1090
0 0
0 0
1092 0
1093 0
0 0
1095 1098
1096 1097
0 0
0 0
0 0
1100 1224
1101 1113
1102 1104
1103 0
0 0
1105 1112
1106 1110
1107 0
1108 0
1109 0
0 0
1111 0
0 0
0 0
1114 1126
1115 1120
1116 0
1117 0
1118 0
1119 0
0 0
1121 1122
0 0
1123 0
1124 0
1125 0
0 0
1127 1158
1128 1140
1129 1134
1130 1133
1131 0
1132 0
0 0
0 0
1135 0
1136 1138
1137 0
0 0
1139 0
0 0
1141 1150
1142 1149
1143 1144
0 0
1145 1146
0 0
1147 1148
0 0
0 0
0 0
1151 1156
1152 1153
0 0
1154 0
1155 0
0 0
1157 0
0 0
1159 1193
1160 1172
1161 1169
1162 1163
0 0
1164 0
1165 1167
1166 0
0 0
1168 0
0 0
1170 1171
0 0
0 0
1173 1185
1174 1178
1175 1177
1176 0
0 0
0 0
1179 1183
1180 1182
1181 0
0 0
0 0
1184 0
0 0
1186 0
1187 1191
1188 0
1189 1190
0 0
0 0
1192 0
0 0
1194 1216
1195 0
1196 1198
1197 0
0 0
1199 1211
1200 1209
1201 1204
1202 1203
0 0
0 0
1205 1207
1206 0
0 0
1208 0
0 0
1210 0
0 0
1212 1214
1213 0
0 0
1215 0
0 0
1217 1220
1218 1219
0 0
0 0
1221 1223
1222 0
0 0
0 0
1225 1287
1226 1263
1227 1258
1228 1253
1229 1250
1230 1249
1231 0
1232 1247
1233 1236
1234 1235
0 0
0 0
1237 1245
1238 1241
1239 0
1240 0
0 0
1242 0
1243 0
1244 0
0 0
1246 0
0 0
1248 0
0 0
0 0
1251 0
1252 0
0 0
1254 1257
1255 1256
0 0
0 0
0 0
1259 1261
1260 0
0 0
1262 0
0 0
1264 1279
1265 1275
1266 1271
1267 0
1268 1270
1269 0
0 0
0 0
1272 1274
1273 0
0 0
0 0
1276 1278
1277 0
0 0
0 0
1280 1282
1281 0
0 0
1283 1285
1284 0
0 0
1286 0
0 0
1288 1291
1289 1290
0 0
0 0
1292 0
1293 1295
1294 0
0 0
1296 0
0 0
1298 1332
1299 1301
1300 0
0 0
1302 1326
1303 1304
0 0
1305 1322
1306 1315
1307 1310
1308 0
1309 0
0 0
1311 1313
1312 0
0 0
1314 0
0 0
1316 0
1317 0
1318 1320
1319 0
0 0
1321 0
0 0
1323 1324
0 0
1325 0
0 0
1327 1329
1328 0
0 0
1330 1331
0 0
0 0
1333 1362
1334 1360
1335 1341
1336 1337
0 0
1338 0
1339 0
1340 0
0 0
1342 0
1343 1350
1344 0
1345 1347
1346 0
0 0
1348 1349
0 0
0 0
1351 1352
0 0
1353 1357
1354 1355
0 0
1356 0
0 0
1358 1359
0 0
0 0
1361 0
0 0
1363 1385
1364 1370
1365 1367
1366 0
0 0
1368 0
1369 0
0 0
1371 1383
1372 1379
1373 1374
0 0
1375 1378
1376 0
1377 0
0 0
0 0
1380 0
1381 1382
0 0
0 0
1384 0
0 0
1386 1395
1387 1389
1388 0
0 0
1390 1392
1391 0
0 0
1393 1394
0 0
0 0
1396 0
1397 0
1398 1402
1399 0
1400 0
1401 0
0 0
0 0
1404 1604
1405 1501
1406 1464
1407 1455
1408 1452
1409 1430
1410 1419
1411 1413
1412 0
0 0
1414 0
1415 1418
1416 0
1417 0
0 0
0 0
1420 1423
1421 0
1422 0
0 0
1424 1426
1425 0
0 0
1427 1429
1428 0
0 0
0 0
1431 0
1432 1448
1433 1435
1434 0
0 0
1436 1446
1437 1444
1438 0
1439 0
1440 0
1441 1443
1442 0
0 0
0 0
1445 0
0 0
1447 0
0 0
1449 0
1450 1451
0 0
0 0
1453 1454
0 0
0 0
1456 0
1457 1462
1458 1459
0 0
1460 1461
0 0
0 0
1463 0
0 0
1465 1492
1466 1488
1467 1470
1468 1469
0 0
0 0
1471 1484
1472 1482
1473 1476
1474 0
1475 0
0 0
1477 0
1478 0
1479 0
1480 1481
0 0
0 0
1483 0
0 0
1485 1486
0 0
1487 0
0 0
1489 0
1490 1491
0 0
0 0
1493 1496
1494 1495
0 0
0 0
1497 1499
1498 0
0 0
1500 0
0 0
1502 1512
1503 1508
1504 1505
0 0
1506 0
1507 0
0 0
1509 0
1510 1511
0 0
0 0
1513 1557
1514 1549
1515 1532
1516 1527
1517 1522
1518 0
1519 0
1520 0
1521 0
0 0
1523 1524
0 0
1525 0
1526 0
0 0
1528 1531
1529 0
1530 0
0 0
0 0
1533 1542
1534 1540
1535 1537
1536 0
0 0
1538 0
1539 0
0 0
1541 0
0 0
1543 1544
0 0
1545 1547
1546 0
0 0
1548 0
0 0
1550 1555
1551 1553
1552 0
0 0
1554 0
0 0
1556 0
0 0
1558 1563
1559 1562
1560 1561
0 0
0 0
0 0
1564 1595
1565 1586
1566 1578
1567 1571
1568 0
1569 1570
0 0
0 0
1572 1573
0 0
1574 0
1575 0
1576 1577
0 0
0 0
1579 1581
1580 0
0 0
1582 0
1583 1585
1584 0
0 0
0 0
1587 1590
1588 1589
0 0
0 0
1591 1593
1592 0
0 0
1594 0
0 0
1596 1599
1597 1598
0 0
0 0
1600 1601
0 0
1602 0
1603 0
0 0
1605 1648
1606 1619
1607 1615
1608 0
1609 1612
1610 1611
0 0
0 0
1613 1614
0 0
0 0
1616 1618
1617 0
0 0
0 0
1620 1642
1621 1632
1622 0
1623 1627
1624 0
1625 1626
0 0
0 0
1628 1630
1629 0
0 0
1631 0
0 0
1633 1638
1634 1635
0 0
1636 1637
0 0
0 0
1639 0
1640 0
1641 0
0 0
1643 1644
0 0
1645 0
1646 1647
0 0
0 0
1649 1920
1650 1727
1651 1698
1652 1682
1653 1664
1654 1662
1655 1656
0 0
1657 1659
1658 0
0 0
1660 1661
0 0
0 0
1663 0
0 0
1665 1674
1666 1669
1667 0
1668 0
0 0
1670 1672
1671 0
0 0
1673 0
0 0
1675 1680
1676 0
1677 1679
1678 0
0 0
0 0
1681 0
0 0
1683 1685
1684 0
0 0
1686 1690
1687 0
1688 0
1689 0
0 0
1691 1692
0 0
1693 0
1694 1696
1695 0
0 0
1697 0
0 0
1699 1717
1700 1709
1701 1705
1702 0
1703 1704
0 0
0 0
1706 1707
0 0
1708 0
0 0
1710 1711
0 0
1712 1716
1713 0
1714 0
1715 0
0 0
0 0
1718 0
1719 1721
1720 0
0 0
1722 1726
1723 0
1724 1725
0 0
0 0
0 0
1728 1894
1729 1770
1730 1746
1731 1741
1732 1737
1733 1734
0 0
1735 1736
0 0
0 0
1738 1740
1739 0
0 0
0 0
1742 1745
1743 1744
0 0
0 0
0 0
1747 1763
1748 1759
1749 1750
0 0
1751 0
1752 1753
0 0
1754 1758
1755 0
1756 1757
0 0
0 0
0 0
1760 1761
0 0
1762 0
0 0
1764 1768
1765 0
1766 1767
0 0
0 0
1769 0
0 0
1771 1882
1772 1801
1773 1779
1774 1778
1775 0
1776 0
1777 0
0 0
0 0
1780 1787
1781 1786
1782 1785
1783 0
1784 0
0 0
0 0
0 0
1788 1789
0 0
1790 1796
1791 0
1792 1794
1793 0
0 0
1795 0
0 0
1797 1799
1798 0
0 0
1800 0
0 0
1802 1823
1803 1807
1804 1806
1805 0
0 0
0 0
1808 1817
1809 1813
1810 1812
1811 0
0 0
0 0
1814 1815
0 0
1816 0
0 0
1818 1819
0 0
1820 1822
1821 0
0 0
0 0
1824 1875
1825 1862
1826 1834
1827 1833
1828 0
1829 0
1830 0
1831 1832
0 0
0 0
0 0
1835 1839
1836 0
1837 0
1838 0
0 0
1840 1848
1841 1845
1842 0
1843 1844
0 0
0 0
1846 1847
0 0
0 0
1849 1860
1850 0
1851 1859
1852 1853
0 0
1854 1857
1855 1856
0 0
0 0
1858 0
0 0
0 0
1861 0
0 0
1863 1873
1864 1868
1865 1866
0 0
1867 0
0 0
1869 0
1870 1871
0 0
1872 0
0 0
1874 0
0 0
1876 0
1877 0
1878 0
1879 1880
0 0
1881 0
0 0
1883 1893
1884 1890
1885 0
1886 1887
0 0
1888 1889
0 0
0 0
1891 1892
0 0
0 0
0 0
1895 1899
1896 0
1897 1898
0 0
0 0
1900 1909
1901 1908
1902 1905
1903 0
1904 0
0 0
1906 1907
0 0
0 0
0 0
1910 1915
1911 1913
1912 0
0 0
1914 0
0 0
1916 0
1917 1918
0 0
1919 0
0 0
1921 1986
1922 1932
1923 1926
1924 0
1925 0
0 0
1927 1928
0 0
1929 1931
1930 0
0 0
0 0
1933 1943
1934 1938
1935 1937
1936 0
0 0
0 0
1939 0
1940 1941
0 0
1942 0
0 0
1944 1953
1945 1950
1946 1947
0 0
1948 0
1949 0
0 0
1951 0
1952 0
0 0
1954 1985
1955 1957
1956 0
0 0
1958 1966
1959 1961
1960 0
0 0
1962 1964
1963 0
0 0
1965 0
0 0
1967 1982
1968 1981
1969 1978
1970 1971
0 0
1972 0
1973 1977
1974 1976
1975 0
0 0
0 0
0 0
1979 1980
0 0
0 0
0 0
1983 0
1984 0
0 0
0 0
1987 1989
1988 0
0 0
1990 1991
0 0
1992 1994
1993 0
0 0
1995 0
1996 1997
0 0
0 0
1999 2057
2000 2056
2001 2049
2002 2010
2003 2008
2004 2005
0 0
2006 2007
0 0
0 0
2009 0
0 0
2011 2046
2012 2031
2013 2022
2014 2021
2015 2018
2016 2017
0 0
0 0
2019 2020
0 0
0 0
0 0
2023 2028
2024 2025
0 0
2026 0
2027 0
0 0
2029 0
2030 0
0 0
2032 2036
2033 2035
2034 0
0 0
0 0
2037 2042
2038 2041
2039 0
2040 0
0 0
0 0
2043 2045
2044 0
0 0
0 0
2047 2048
0 0
0 0
2050 0
2051 2054
2052 0
2053 0
0 0
2055 0
0 0
0 0
2058 2840
2059 2294
2060 2232
2061 2084
2062 2082
2063 2077
2064 2072
2065 2068
2066 0
2067 0
0 0
2069 2071
2070 0
0 0
0 0
2073 2075
2074 0
0 0
2076 0
0 0
2078 0
2079 2081
2080 0
0 0
0 0
2083 0
0 0
2085 2167
2086 2120
2087 2096
2088 2094
2089 2090
0 0
2091 0
2092 2093
0 0
0 0
2095 0
0 0
2097 2113
2098 2108
2099 2102
2100 2101
0 0
0 0
2103 2107
2104 0
2105 0
2106 0
0 0
0 0
2109 2111
2110 0
0 0
2112 0
0 0
2114 2119
2115 2116
0 0
2117 0
2118 0
0 0
0 0
2121 2152
2122 2134
2123 2132
2124 2127
2125 2126
0 0
0 0
2128 2130
2129 0
0 0
2131 0
0 0
2133 0
0 0
2135 2149
2136 2148
2137 2140
2138 2139
0 0
0 0
2141 0
2142 0
2143 0
2144 0
2145 2147
2146 0
0 0
0 0
0 0
2150 0
2151 0
0 0
2153 2157
2154 2155
0 0
2156 0
0 0
2158 0
2159 2166
2160 2161
0 0
2162 2165
2163 0
2164 0
0 0
0 0
0 0
2168 2229
2169 2176
2170 2175
2171 0
2172 0
2173 0
2174 0
0 0
0 0
2177 2186
2178 2179
0 0
2180 2184
2181 2183
2182 0
0 0
0 0
2185 0
0 0
2187 2222
2188 2221
2189 2192
2190 0
2191 0
0 0
2193 0
2194 2214
2195 2211
2196 2203
2197 2200
2198 2199
0 0
0 0
2201 0
2202 0
0 0
2204 2210
2205 2207
2206 0
0 0
2208 0
2209 0
0 0
0 0
2212 0
2213 0
0 0
2215 0
2216 2219
2217 2218
0 0
0 0
2220 0
0 0
0 0
2223 2228
2224 2225
0 0
2226 0
2227 0
0 0
0 0
2230 0
2231 0
0 0
2233 2267
2234 2251
2235 2236
0 0
2237 2246
2238 2245
2239 0
2240 2243
2241 0
2242 0
0 0
2244 0
0 0
0 0
2247 2249
2248 0
0 0
2250 0
0 0
2252 2258
2253 2254
0 0
2255 0
2256 0
2257 0
0 0
2259 2261
2260 0
0 0
2262 2266
2263 2264
0 0
2265 0
0 0
0 0
2268 2271
2269 0
2270 0
0 0
2272 2276
2273 2275
2274 0
0 0
0 0
2277 2280
2278 2279
0 0
0 0
2281 2283
2282 0
0 0
2284 2286
2285 0
0 0
2287 2291
2288 2290
2289 0
0 0
0 0
2292 2293
0 0
0 0
2295 2713
2296 2644
2297 2409
2298 2390
2299 2307
2300 2306
2301 2303
2302 0
0 0
2304 0
2305 0
0 0
0 0
2308 2340
2309 2329
2310 2317
2311 2312
0 0
2313 2316
2314 2315
0 0
0 0
0 0
2318 2323
2319 2321
2320 0
0 0
2322 0
0 0
2324 2325
0 0
2326 2327
0 0
2328 0
0 0
2330 2334
2331 2332
0 0
2333 0
0 0
2335 2336
0 0
2337 0
2338 2339
0 0
0 0
2341 2386
2342 2364
2343 2362
2344 2358
2345 2354
2346 2347
0 0
2348 2352
2349 0
2350 0
2351 0
0 0
2353 0
0 0
2355 2356
0 0
2357 0
0 0
2359 2361
2360 0
0 0
0 0
2363 0
0 0
2365 2371
2366 2367
0 0
2368 0
2369 0
2370 0
0 0
2372 2380
2373 2374
0 0
2375 2378
2376 2377
0 0
0 0
2379 0
0 0
2381 2385
2382 2384
2383 0
0 0
0 0
0 0
2387 2388
0 0
2389 0
0 0
2391 2398
2392 2393
0 0
2394 0
2395 2396
0 0
2397 0
0 0
2399 2401
2400 0
0 0
2402 2404
2403 0
0 0
2405 2406
0 0
2407 0
2408 0
0 0
2410 2634
2411 2509
2412 2481
2413 2438
2414 2423
2415 2421
2416 2418
2417 0
0 0
2419 2420
0 0
0 0
2422 0
0 0
2424 2430
2425 0
2426 2429
2427 2428
0 0
0 0
0 0
2431 2437
2432 2435
2433 0
2434 0
0 0
2436 0
0 0
0 0
2439 2447
2440 2444
2441 0
2442 0
2443 0
0 0
2445 2446
0 0
0 0
2448 2478
2449 2474
2450 2471
2451 2464
2452 0
2453 2456
2454 2455
0 0
0 0
2457 2462
2458 2459
0 0
2460 2461
0 0
0 0
2463 0
0 0
2465 2466
0 0
2467 2469
2468 0
0 0
2470 0
0 0
2472 2473
0 0
0 0
2475 2476
0 0
2477 0
0 0
2479 0
2480 0
0 0
2482 2503
2483 2491
2484 2488
2485 0
2486 2487
0 0
0 0
2489 2490
0 0
0 0
2492 2496
2493 2494
0 0
2495 0
0 0
2497 2498
0 0
2499 0
2500 2502
2501 0
0 0
0 0
2504 2507
2505 2506
0 0
0 0
2508 0
0 0
2510 2537
2511 2512
0 0
2513 2523
2514 2521
2515 2517
2516 0
0 0
2518 2520
2519 0
0 0
0 0
2522 0
0 0
2524 2525
0 0
2526 2530
2527 2529
2528 0
0 0
0 0
2531 2534
2532 0
2533 0
0 0
2535 0
2536 0
0 0
2538 2618
2539 2557
2540 2541
0 0
2542 2543
0 0
2544 2554
2545 2548
2546 2547
0 0
0 0
2549 2553
2550 0
2551 0
2552 0
0 0
0 0
2555 0
2556 0
0 0
2558 2592
2559 2573
2560 2570
2561 2566
2562 2565
2563 0
2564 0
0 0
0 0
2567 0
2568 0
2569 0
0 0
2571 2572
0 0
0 0
2574 2582
2575 2578
2576 2577
0 0
0 0
2579 2580
0 0
2581 0
0 0
2583 2591
2584 0
2585 2587
2586 0
0 0
2588 0
2589 2590
0 0
0 0
0 0
2593 2599
2594 2597
2595 2596
0 0
0 0
2598 0
0 0
2600 2615
2601 2603
2602 0
0 0
2604 2613
2605 2609
2606 2608
2607 0
0 0
0 0
2610 2611
0 0
2612 0
0 0
2614 0
0 0
2616 0
2617 0
0 0
2619 2631
2620 2621
0 0
2622 2629
2623 0
2624 2628
2625 2627
2626 0
0 0
0 0
0 0
2630 0
0 0
2632 2633
0 0
0 0
2635 2636
0 0
2637 2640
2638 0
2639 0
0 0
2641 2643
2642 0
0 0
0 0
2645 0
2646 2685
2647 0
2648 2681
2649 2658
2650 2654
2651 2652
0 0
2653 0
0 0
2655 2657
2656 0
0 0
0 0
2659 2677
2660 2672
2661 2669
2662 2668
2663 2667
2664 2665
0 0
2666 0
0 0
0 0
0 0
2670 2671
0 0
0 0
2673 2676
2674 0
2675 0
0 0
0 0
2678 2679
0 0
2680 0
0 0
2682 2684
2683 0
0 0
0 0
2686 2693
2687 2692
2688 2690
2689 0
0 0
2691 0
0 0
0 0
2694 2711
2695 2701
2696 2700
2697 0
2698 2699
0 0
0 0
0 0
2702 2707
2703 2706
2704 2705
0 0
0 0
0 0
2708 2709
0 0
2710 0
0 0
2712 0
0 0
2714 2836
2715 2751
2716 2735
2717 2725
2718 2724
2719 0
2720 2723
2721 2722
0 0
0 0
0 0
0 0
2726 2727
0 0
2728 2730
2729 0
0 0
2731 0
2732 2734
2733 0
0 0
0 0
2736 2750
2737 2738
0 0
2739 2747
2740 2744
2741 2742
0 0
2743 0
0 0
2745 0
2746 0
0 0
2748 2749
0 0
0 0
0 0
2752 2806
2753 2773
2754 2762
2755 2760
2756 2758
2757 0
0 0
2759 0
0 0
2761 0
0 0
2763 2770
2764 2766
2765 0
0 0
2767 0
2768 0
2769 0
0 0
2771 0
2772 0
0 0
2774 2775
0 0
2776 2788
2777 2779
2778 0
0 0
2780 2786
2781 0
2782 0
2783 0
2784 2785
0 0
0 0
2787 0
0 0
2789 2798
2790 2792
2791 0
0 0
2793 2794
0 0
2795 2797
2796 0
0 0
0 0
2799 2804
2800 2802
2801 0
0 0
2803 0
0 0
2805 0
0 0
2807 2818
2808 2814
2809 2812
2810 2811
0 0
0 0
2813 0
0 0
2815 2816
0 0
2817 0
0 0
2819 2825
2820 2824
2821 0
2822 0
2823 0
0 0
0 0
2826 2833
2827 2828
0 0
2829 2830
0 0
2831 2832
0 0
0 0
2834 2835
0 0
0 0
2837 0
2838 2839
0 0
0 0
2841 2854
2842 2846
2843 2844
0 0
2845 0
0 0
2847 2851
2848 2849
0 0
2850 0
0 0
2852 0
2853 0
0 0
2855 3209
2856 2859
2857 0
2858 0
0 0
2860 3039
2861 2909
2862 2905
2863 2896
2864 2865
0 0
2866 2871
2867 2870
2868 0
2869 0
0 0
0 0
2872 2874
2873 0
0 0
2875 2883
2876 0
2877 2882
2878 0
2879 2881
2880 0
0 0
0 0
0 0
2884 2895
2885 2888
2886 0
2887 0
0 0
2889 2892
2890 0
2891 0
0 0
2893 0
2894 0
0 0
0 0
2897 2900
2898 0
2899 0
0 0
2901 0
2902 2903
0 0
2904 0
0 0
2906 2908
2907 0
0 0
0 0
2910 2961
2911 2949
2912 2913
0 0
2914 2932
2915 2923
2916 2921
2917 2919
2918 0
0 0
2920 0
0 0
2922 0
0 0
2924 2929
2925 2926
0 0
2927 2928
0 0
0 0
2930 0
2931 0
0 0
2933 2942
2934 2939
2935 2937
2936 0
0 0
2938 0
0 0
2940 0
2941 0
0 0
2943 2948
2944 2946
2945 0
0 0
2947 0
0 0
0 0
2950 2957
2951 2956
2952 2955
2953 2954
0 0
0 0
0 0
0 0
2958 2960
2959 0
0 0
0 0
2962 3027
2963 3007
2964 2980
2965 2972
2966 2968
2967 0
0 0
2969 2971
2970 0
0 0
0 0
2973 2976
2974 2975
0 0
0 0
2977 2979
2978 0
0 0
0 0
2981 0
2982 2998
2983 2985
2984 0
0 0
2986 2991
2987 2990
2988 2989
0 0
0 0
0 0
2992 2997
2993 2994
0 0
2995 2996
0 0
0 0
0 0
2999 0
3000 3002
3001 0
0 0
3003 3005
3004 0
0 0
3006 0
0 0
3008 0
3009 3025
3010 3016
3011 3014
3012 0
3013 0
0 0
3015 0
0 0
3017 3023
3018 3019
0 0
3020 3021
0 0
3022 0
0 0
3024 0
0 0
3026 0
0 0
3028 3033
3029 3031
3030 0
0 0
3032 0
0 0
3034 0
3035 3037
3036 0
0 0
3038 0
0 0
3040 3098
3041 3077
3042 3050
3043 3049
3044 0
3045 3047
3046 0
0 0
3048 0
0 0
0 0
3051 3061
3052 3057
3053 3055
3054 0
0 0
3056 0
0 0
3058 3060
3059 0
0 0
0 0
3062 3073
3063 3068
3064 3066
3065 0
0 0
3067 0
0 0
3069 3071
3070 0
0 0
3072 0
0 0
3074 0
3075 0
3076 0
0 0
3078 3093
3079 3088
3080 3087
3081 3085
3082 0
3083 0
3084 0
0 0
3086 0
0 0
0 0
3089 3092
3090 3091
0 0
0 0
0 0
3094 3095
0 0
3096 0
3097 0
0 0
3099 3144
3100 3109
3101 3108
3102 0
3103 3105
3104 0
0 0
3106 0
3107 0
0 0
0 0
3110 3141
3111 3132
3112 3130
3113 3127
3114 3126
3115 3123
3116 3119
3117 3118
0 0
0 0
3120 3121
0 0
3122 0
0 0
3124 3125
0 0
0 0
0 0
3128 3129
0 0
0 0
3131 0
0 0
3133 3138
3134 3137
3135 3136
0 0
0 0
0 0
3139 3140
0 0
0 0
3142 3143
0 0
0 0
3145 3208
3146 3169
3147 3167
3148 3163
3149 3154
3150 3153
3151 0
3152 0
0 0
0 0
3155 0
3156 3158
3157 0
0 0
3159 3162
3160 0
3161 0
0 0
0 0
3164 3165
0 0
3166 0
0 0
3168 0
0 0
3170 3201
3171 3180
3172 0
3173 3179
3174 3177
3175 3176
0 0
0 0
3178 0
0 0
0 0
3181 3191
3182 3190
3183 3186
3184 3185
0 0
0 0
3187 0
3188 3189
0 0
0 0
0 0
3192 3195
3193 0
3194 0
0 0
3196 3199
3197 0
3198 0
0 0
3200 0
0 0
3202 3206
3203 3205
3204 0
0 0
0 0
3207 0
0 0
0 0
3210 3213
3211 0
3212 0
0 0
0 0
3215 3573
3216 3239
3217 3219
3218 0
0 0
3220 3229
3221 3222
0 0
3223 3225
3224 0
0 0
3226 3228
3227 0
0 0
0 0
3230 3236
3231 3234
3232 3233
0 0
0 0
3235 0
0 0
3237 0
3238 0
0 0
3240 3456
3241 3394
3242 3365
3243 0
3244 3286
3245 3248
3246 3247
0 0
0 0
3249 3257
3250 3255
3251 3253
3252 0
0 0
3254 0
0 0
3256 0
0 0
3258 3263
3259 3262
3260 3261
0 0
0 0
0 0
3264 3276
3265 3272
3266 3269
3267 0
3268 0
0 0
3270 3271
0 0
0 0
3273 3274
0 0
3275 0
0 0
3277 3283
3278 3281
3279 0
3280 0
0 0
3282 0
0 0
3284 3285
0 0
0 0
3287 3335
3288 3329
3289 3315
3290 3301
3291 3300
3292 3297
3293 3296
3294 3295
0 0
0 0
0 0
3298 3299
0 0
0 0
0 0
3302 3313
3303 3304
0 0
3305 3307
3306 0
0 0
3308 3311
3309 0
3310 0
0 0
3312 0
0 0
3314 0
0 0
3316 0
3317 3322
3318 3319
0 0
3320 3321
0 0
0 0
3323 3325
3324 0
0 0
3326 0
3327 0
3328 0
0 0
3330 3333
3331 0
3332 0
0 0
3334 0
0 0
3336 3363
3337 3342
3338 3341
3339 0
3340 0
0 0
0 0
3343 3345
3344 0
0 0
3346 3360
3347 3351
3348 3350
3349 0
0 0
0 0
3352 3357
3353 3355
3354 0
0 0
3356 0
0 0
3358 3359
0 0
0 0
3361 3362
0 0
0 0
3364 0
0 0
3366 3387
3367 3373
3368 0
3369 0
3370 3371
0 0
3372 0
0 0
3374 3380
3375 0
3376 3378
3377 0
0 0
3379 0
0 0
3381 3382
0 0
3383 3385
3384 0
0 0
3386 0
0 0
3388 3391
3389 3390
0 0
0 0
3392 3393
0 0
0 0
3395 3435
3396 3407
3397 3401
3398 0
3399 0
3400 0
0 0
3402 3404
3403 0
0 0
3405 3406
0 0
0 0
3408 3416
3409 3412
3410 3411
0 0
0 0
3413 0
3414 0
3415 0
0 0
3417 3432
3418 3422
3419 3421
3420 0
0 0
0 0
3423 3426
3424 3425
0 0
0 0
3427 3429
3428 0
0 0
3430 3431
0 0
0 0
3433 0
3434 0
0 0
3436 3439
3437 0
3438 0
0 0
3440 3451
3441 3446
3442 3445
3443 0
3444 0
0 0
0 0
3447 3449
3448 0
0 0
3450 0
0 0
3452 0
3453 3455
3454 0
0 0
0 0
3457 3462
3458 0
3459 0
3460 0
3461 0
0 0
3463 3567
3464 3521
3465 3506
3466 3475
3467 3470
3468 3469
0 0
0 0
3471 3474
3472 0
3473 0
0 0
0 0
3476 3502
3477 3480
3478 0
3479 0
0 0
3481 3495
3482 3484
3483 0
0 0
3485 3489
3486 0
3487 3488
0 0
0 0
3490 3493
3491 3492
0 0
0 0
3494 0
0 0
3496 3500
3497 3498
0 0
3499 0
0 0
3501 0
0 0
3503 3504
0 0
3505 0
0 0
3507 3516
3508 3512
3509 3511
3510 0
0 0
0 0
3513 0
3514 0
3515 0
0 0
3517 3518
0 0
3519 0
3520 0
0 0
3522 3536
3523 3525
3524 0
0 0
3526 3531
3527 0
3528 0
3529 3530
0 0
0 0
3532 3534
3533 0
0 0
3535 0
0 0
3537 3543
3538 3541
3539 0
3540 0
0 0
3542 0
0 0
3544 3561
3545 3556
3546 3555
3547 3550
3548 3549
0 0
0 0
3551 3554
3552 0
3553 0
0 0
0 0
0 0
3557 3560
3558 0
3559 0
0 0
0 0
3562 3565
3563 0
3564 0
0 0
3566 0
0 0
3568 3571
3569 0
3570 0
0 0
3572 0
0 0
3574 3784
3575 3587
3576 3579
3577 3578
0 0
0 0
3580 3583
3581 0
3582 0
0 0
3584 3586
3585 0
0 0
0 0
3588 3681
3589 3627
3590 3613
3591 3593
3592 0
0 0
3594 3602
3595 3599
3596 3598
3597 0
0 0
0 0
3600 0
3601 0
0 0
3603 3604
0 0
3605 3608
3606 0
3607 0
0 0
3609 3612
3610 0
3611 0
0 0
0 0
3614 0
3615 3621
3616 3620
3617 3619
3618 0
0 0
0 0
0 0
3622 3623
0 0
3624 3626
3625 0
0 0
0 0
3628 3632
3629 3631
3630 0
0 0
0 0
3633 3663
3634 3641
3635 3640
3636 3637
0 0
3638 3639
0 0
0 0
0 0
3642 3651
3643 3646
3644 3645
0 0
0 0
3647 3649
3648 0
0 0
3650 0
0 0
3652 3653
0 0
3654 0
3655 3660
3656 0
3657 0
3658 0
3659 0
0 0
3661 0
3662 0
0 0
3664 3670
3665 0
3666 3667
0 0
3668 0
3669 0
0 0
3671 3673
3672 0
0 0
3674 3677
3675 3676
0 0
0 0
3678 0
3679 0
3680 0
0 0
3682 3768
3683 3723
3684 3693
3685 3687
3686 0
0 0
3688 3689
0 0
3690 0
3691 0
3692 0
0 0
3694 3704
3695 3700
3696 3697
0 0
3698 0
3699 0
0 0
3701 3703
3702 0
0 0
0 0
3705 3720
3706 3713
3707 3710
3708 3709
0 0
0 0
3711 3712
0 0
0 0
3714 3716
3715 0
0 0
3717 0
3718 3719
0 0
0 0
3721 3722
0 0
0 0
3724 3731
3725 3730
3726 3729
3727 3728
0 0
0 0
0 0
0 0
3732 3757
3733 3750
3734 3735
0 0
3736 3738
3737 0
0 0
3739 3743
3740 0
3741 0
3742 0
0 0
3744 3745
0 0
3746 3749
3747 0
3748 0
0 0
0 0
3751 3755
3752 0
3753 0
3754 0
0 0
3756 0
0 0
3758 3765
3759 3760
0 0
3761 0
3762 3764
3763 0
0 0
0 0
3766 0
3767 0
0 0
3769 3781
3770 3776
3771 3773
3772 0
0 0
3774 0
3775 0
0 0
3777 3778
0 0
3779 0
3780 0
0 0
3782 0
3783 0
0 0
3785 3871
3786 3822
3787 3792
3788 3791
3789 0
3790 0
0 0
0 0
3793 3804
3794 0
3795 3801
3796 3797
0 0
3798 0
3799 0
3800 0
0 0
3802 0
3803 0
0 0
3805 3821
3806 3810
3807 3808
0 0
3809 0
0 0
3811 3816
3812 0
3813 0
3814 3815
0 0
0 0
3817 3820
3818 0
3819 0
0 0
0 0
0 0
3823 3869
3824 3826
3825 0
0 0
3827 3864
3828 3848
3829 3838
3830 3831
0 0
3832 3833
0 0
3834 3835
0 0
3836 3837
0 0
0 0
3839 3843
3840 3842
3841 0
0 0
0 0
3844 3846
3845 0
0 0
3847 0
0 0
3849 3850
0 0
3851 3855
3852 3853
0 0
3854 0
0 0
3856 3857
0 0
3858 3859
0 0
3860 3862
3861 0
0 0
3863 0
0 0
3865 0
3866 3867
0 0
3868 0
0 0
3870 0
0 0
3872 0
3873 3880
3874 0
3875 3877
3876 0
0 0
3878 3879
0 0
0 0
3881 3887
3882 0
3883 3885
3884 0
0 0
3886 0
0 0
3888 3891
3889 3890
0 0
0 0
3892 0
3893 3895
3894 0
0 0
0 0
3897 3917
3898 3910
3899 0
3900 3907
3901 0
3902 0
3903 3906
3904 0
3905 0
0 0
0 0
3908 3909
0 0
0 0
3911 3914
3912 3913
0 0
0 0
3915 3916
0 0
0 0
3918 3933
3919 3924
3920 3922
3921 0
0 0
3923 0
0 0
3925 3930
3926 3927
0 0
3928 0
3929 0
0 0
3931 0
3932 0
0 0
0 0
3935 3937
3936 0
0 0
3938 4086
3939 3943
3940 3941
0 0
3942 0
0 0
3944 3996
3945 3958
3946 3955
3947 3952
3948 3949
0 0
3950 0
3951 0
0 0
3953 3954
0 0
0 0
3956 0
3957 0
0 0
3959 3969
3960 3967
3961 3964
3962 3963
0 0
0 0
3965 0
3966 0
0 0
3968 0
0 0
3970 3991
3971 3974
3972 3973
0 0
0 0
3975 3977
3976 0
0 0
3978 3982
3979 0
3980 0
3981 0
0 0
3983 0
3984 3986
3985 0
0 0
3987 3988
0 0
3989 3990
0 0
0 0
3992 3995
3993 3994
0 0
0 0
0 0
3997 4041
3998 3999
0 0
4000 4009
4001 4003
4002 0
0 0
4004 4006
4005 0
0 0
4007 4008
0 0
0 0
4010 4038
4011 4015
4012 0
4013 0
4014 0
0 0
4016 4028
4017 4018
0 0
4019 4020
0 0
4021 4022
0 0
4023 4026
4024 4025
0 0
0 0
4027 0
0 0
4029 4036
4030 4035
4031 4033
4032 0
0 0
4034 0
0 0
0 0
4037 0
0 0
4039 4040
0 0
0 0
4042 4084
4043 4055
4044 4046
4045 0
0 0
4047 4053
4048 4051
4049 4050
0 0
0 0
4052 0
0 0
4054 0
0 0
4056 4061
4057 0
4058 0
4059 0
4060 0
0 0
4062 4080
4063 4066
4064 0
4065 0
0 0
4067 4079
4068 4076
4069 4071
4070 0
0 0
4072 4074
4073 0
0 0
4075 0
0 0
4077 0
4078 0
0 0
0 0
4081 0
4082 4083
0 0
0 0
4085 0
0 0
4087 4246
4088 4192
4089 4140
4090 4127
4091 4124
4092 4103
4093 0
4094 4096
4095 0
0 0
4097 0
4098 0
4099 4101
4100 0
0 0
4102 0
0 0
4104 4112
4105 0
4106 4109
4107 4108
0 0
0 0
4110 0
4111 0
0 0
4113 4122
4114 4117
4115 0
4116 0
0 0
4118 4120
4119 0
0 0
4121 0
0 0
4123 0
0 0
4125 0
4126 0
0 0
4128 4139
4129 4131
4130 0
0 0
4132 4133
0 0
4134 0
4135 4136
0 0
4137 4138
0 0
0 0
0 0
4141 4166
4142 4152
4143 4150
4144 4148
4145 4146
0 0
4147 0
0 0
4149 0
0 0
4151 0
0 0
4153 4163
4154 4161
4155 0
4156 4159
4157 4158
0 0
0 0
4160 0
0 0
4162 0
0 0
4164 4165
0 0
0 0
4167 4181
4168 4179
4169 4172
4170 4171
0 0
0 0
4173 4176
4174 0
4175 0
0 0
4177 0
4178 0
0 0
4180 0
0 0
4182 4191
4183 4190
4184 4189
4185 4188
4186 4187
0 0
0 0
0 0
0 0
0 0
0 0
4193 4240
4194 4199
4195 4197
4196 0
0 0
4198 0
0 0
4200 4224
4201 4208
4202 4205
4203 0
4204 0
0 0
4206 4207
0 0
0 0
4209 4215
4210 4212
4211 0
0 0
4213 4214
0 0
0 0
4216 0
4217 4222
4218 4219
0 0
4220 0
4221 0
0 0
4223 0
0 0
4225 4236
4226 0
4227 4229
4228 0
0 0
4230 4235
4231 4233
4232 0
0 0
4234 0
0 0
0 0
4237 4239
4238 0
0 0
0 0
4241 4244
4242 4243
0 0
0 0
4245 0
0 0
4247 4278
4248 4272
4249 0
4250 4268
4251 0
4252 4261
4253 4257
4254 4255
0 0
4256 0
0 0
4258 0
4259 4260
0 0
0 0
4262 0
4263 4264
0 0
4265 0
4266 0
4267 0
0 0
4269 4270
0 0
4271 0
0 0
4273 4277
4274 4276
4275 0
0 0
0 0
0 0
4279 4285
4280 4282
4281 0
0 0
4283 4284
0 0
0 0
4286 0
4287 0
4288 4289
0 0
4290 0
4291 0
0 0
4293 5718
4294 5153
4295 4818
4296 4591
4297 4303
4298 0
4299 4301
4300 0
0 0
4302 0
0 0
4304 4386
4305 4369
4306 4307
0 0
4308 4354
4309 4333
4310 4326
4311 4321
4312 4316
4313 4315
4314 0
0 0
0 0
4317 4319
4318 0
0 0
4320 0
0 0
4322 4324
4323 0
0 0
4325 0
0 0
4327 4330
4328 4329
0 0
0 0
4331 4332
0 0
0 0
4334 0
4335 4338
4336 0
4337 0
0 0
4339 4349
4340 4345
4341 4343
4342 0
0 0
4344 0
0 0
4346 0
4347 0
4348 0
0 0
4350 4351
0 0
4352 0
4353 0
0 0
4355 4358
4356 4357
0 0
0 0
4359 4367
4360 0
4361 4366
4362 4364
4363 0
0 0
4365 0
0 0
0 0
4368 0
0 0
4370 4378
4371 4373
4372 0
0 0
4374 4376
4375 0
0 0
4377 0
0 0
4379 4385
4380 4382
4381 0
0 0
4383 0
4384 0
0 0
0 0
4387 4466
4388 4405
4389 0
4390 4398
4391 4397
4392 4393
0 0
4394 4396
4395 0
0 0
0 0
0 0
4399 4401
4400 0
0 0
4402 4403
0 0
4404 0
0 0
4406 4434
4407 4431
4408 4428
4409 4420
4410 4412
4411 0
0 0
4413 4417
4414 4415
0 0
4416 0
0 0
4418 4419
0 0
0 0
4421 4423
4422 0
0 0
4424 0
4425 4426
0 0
4427 0
0 0
4429 4430
0 0
0 0
4432 4433
0 0
0 0
4435 4461
4436 4446
4437 4439
4438 0
0 0
4440 4441
0 0
4442 4445
4443 4444
0 0
0 0
0 0
4447 4453
4448 4452
4449 4450
0 0
4451 0
0 0
0 0
4454 4457
4455 0
4456 0
0 0
4458 0
4459 4460
0 0
0 0
4462 4463
0 0
4464 4465
0 0
0 0
4467 4500
4468 4497
4469 4479
4470 4472
4471 0
0 0
4473 4475
4474 0
0 0
4476 4477
0 0
4478 0
0 0
4480 4490
4481 4484
4482 4483
0 0
0 0
4485 4489
4486 4487
0 0
4488 0
0 0
0 0
4491 4493
4492 0
0 0
4494 0
4495 0
4496 0
0 0
4498 4499
0 0
0 0
4501 4503
4502 0
0 0
4504 4508
4505 4506
0 0
4507 0
0 0
4509 4520
4510 4512
4511 0
0 0
4513 4519
4514 4515
0 0
4516 4517
0 0
4518 0
0 0
0 0
4521 4583
4522 4541
4523 4524
0 0
4525 4533
4526 4529
4527 4528
0 0
0 0
4530 0
4531 0
4532 0
0 0
4534 4535
0 0
4536 4538
4537 0
0 0
4539 0
4540 0
0 0
4542 4549
4543 4544
0 0
4545 4546
0 0
4547 4548
0 0
0 0
4550 4574
4551 4560
4552 4553
0 0
4554 4556
4555 0
0 0
4557 4558
0 0
4559 0
0 0
4561 4565
4562 4563
0 0
4564 0
0 0
4566 4572
4567 4569
4568 0
0 0
4570 4571
0 0
0 0
4573 0
0 0
4575 4579
4576 4577
0 0
4578 0
0 0
4580 4581
0 0
4582 0
0 0
4584 4585
0 0
4586 4588
4587 0
0 0
4589 0
4590 0
0 0
4592 4629
4593 4620
4594 4604
4595 4597
4596 0
0 0
4598 4602
4599 4601
4600 0
0 0
0 0
4603 0
0 0
4605 4608
4606 4607
0 0
0 0
4609 4613
4610 4611
0 0
4612 0
0 0
4614 0
4615 4618
4616 0
4617 0
0 0
4619 0
0 0
4621 4628
4622 4623
0 0
4624 4627
4625 4626
0 0
0 0
0 0
0 0
4630 4782
4631 4693
4632 4641
4633 4637
4634 0
4635 0
4636 0
0 0
4638 4640
4639 0
0 0
0 0
4642 4666
4643 4649
4644 0
4645 4648
4646 0
4647 0
0 0
0 0
4650 4664
4651 4659
4652 0
4653 4654
0 0
4655 4656
0 0
4657 4658
0 0
0 0
4660 4662
4661 0
0 0
4663 0
0 0
4665 0
0 0
4667 4672
4668 4669
0 0
4670 4671
0 0
0 0
4673 4680
4674 4678
4675 4676
0 0
4677 0
0 0
4679 0
0 0
4681 0
4682 4690
4683 4684
0 0
4685 4688
4686 4687
0 0
0 0
4689 0
0 0
4691 4692
0 0
0 0
4694 4751
4695 4745
4696 4712
4697 4699
4698 0
0 0
4700 4704
4701 4703
4702 0
0 0
0 0
4705 4711
4706 4709
4707 0
4708 0
0 0
4710 0
0 0
0 0
4713 0
4714 4718
4715 4716
0 0
4717 0
0 0
4719 4738
4720 4734
4721 4733
4722 4732
4723 4728
4724 4726
4725 0
0 0
4727 0
0 0
4729 4731
4730 0
0 0
0 0
0 0
0 0
4735 4736
0 0
4737 0
0 0
4739 4744
4740 4742
4741 0
0 0
4743 0
0 0
0 0
4746 0
4747 4749
4748 0
0 0
4750 0
0 0
4752 4775
4753 4755
4754 0
0 0
4756 4766
4757 4761
4758 0
4759 0
4760 0
0 0
4762 4763
0 0
4764 4765
0 0
0 0
4767 4770
4768 0
4769 0
0 0
4771 4774
4772 4773
0 0
0 0
0 0
4776 4777
0 0
4778 0
4779 0
4780 4781
0 0
0 0
4783 4784
0 0
4785 4812
4786 4790
4787 4788
0 0
4789 0
0 0
4791 4807
4792 4793
0 0
4794 4799
4795 4798
4796 0
4797 0
0 0
0 0
4800 4804
4801 4803
4802 0
0 0
0 0
4805 4806
0 0
0 0
4808 4810
4809 0
0 0
4811 0
0 0
4813 4815
4814 0
0 0
4816 4817
0 0
0 0
4819 4965
4820 4835
4821 4822
0 0
4823 4830
4824 4825
0 0
4826 4827
0 0
4828 0
4829 0
0 0
4831 0
4832 4833
0 0
4834 0
0 0
4836 4878
4837 4858
4838 4843
4839 0
4840 4841
0 0
4842 0
0 0
4844 4856
4845 4852
4846 4849
4847 0
4848 0
0 0
4850 0
4851 0
0 0
4853 4855
4854 0
0 0
0 0
4857 0
0 0
4859 0
4860 4873
4861 4867
4862 4865
4863 0
4864 0
0 0
4866 0
0 0
4868 4870
4869 0
0 0
4871 0
4872 0
0 0
4874 4876
4875 0
0 0
4877 0
0 0
4879 4960
4880 4930
4881 4917
4882 4903
4883 4894
4884 4893
4885 4891
4886 4890
4887 4888
0 0
4889 0
0 0
0 0
4892 0
0 0
0 0
4895 4896
0 0
4897 4902
4898 4900
4899 0
0 0
4901 0
0 0
0 0
4904 4913
4905 4908
4906 4907
0 0
0 0
4909 4912
4910 4911
0 0
0 0
0 0
4914 0
4915 4916
0 0
0 0
4918 4920
4919 0
0 0
4921 4926
4922 4925
4923 0
4924 0
0 0
0 0
4927 4929
4928 0
0 0
0 0
4931 4938
4932 4935
4933 4934
0 0
0 0
4936 4937
0 0
0 0
4939 4955
4940 4952
4941 4951
4942 4945
4943 0
4944 0
0 0
4946 4948
4947 0
0 0
4949 0
4950 0
0 0
0 0
4953 4954
0 0
0 0
4956 4959
4957 4958
0 0
0 0
0 0
4961 0
4962 0
4963 0
4964 0
0 0
4966 5095
4967 5007
4968 4969
0 0
4970 4984
4971 4975
4972 0
4973 4974
0 0
0 0
4976 4981
4977 0
4978 0
4979 0
4980 0
0 0
4982 0
4983 0
0 0
4985 4996
4986 4993
4987 4992
4988 4989
0 0
4990 0
4991 0
0 0
0 0
4994 0
4995 0
0 0
4997 4999
4998 0
0 0
5000 5003
5001 0
5002 0
0 0
5004 5006
5005 0
0 0
0 0
5008 5059
5009 5036
5010 0
5011 5021
5012 5017
5013 0
5014 5015
0 0
5016 0
0 0
5018 0
5019 0
5020 0
0 0
5022 5032
5023 5029
5024 5027
5025 0
5026 0
0 0
5028 0
0 0
5030 0
5031 0
0 0
5033 0
5034 0
5035 0
0 0
5037 5048
5038 5045
5039 5042
5040 0
5041 0
0 0
5043 5044
0 0
0 0
5046 5047
0 0
0 0
5049 5054
5050 5051
0 0
5052 0
5053 0
0 0
5055 5056
0 0
5057 0
5058 0
0 0
5060 5061
0 0
5062 5070
5063 5066
5064 5065
0 0
0 0
5067 5069
5068 0
0 0
0 0
5071 5078
5072 5075
5073 0
5074 0
0 0
5076 5077
0 0
0 0
5079 5089
5080 5082
5081 0
0 0
5083 0
5084 0
5085 0
5086 5088
5087 0
0 0
0 0
5090 0
5091 5092
0 0
5093 0
5094 0
0 0
5096 5112
5097 5109
5098 5108
5099 5101
5100 0
0 0
5102 5103
0 0
5104 0
5105 0
5106 0
5107 0
0 0
0 0
5110 5111
0 0
0 0
5113 5134
5114 5133
5115 5123
5116 5117
0 0
5118 0
5119 0
5120 0
5121 0
5122 0
0 0
5124 5128
5125 5126
0 0
5127 0
0 0
5129 0
5130 0
5131 5132
0 0
0 0
0 0
5135 5147
5136 5142
5137 0
5138 0
5139 5141
5140 0
0 0
0 0
5143 5145
5144 0
0 0
5146 0
0 0
5148 0
5149 5150
0 0
5151 5152
0 0
0 0
5154 5242
5155 5220
5156 5207
5157 5175
5158 5160
5159 0
0 0
5161 5165
5162 0
5163 5164
0 0
0 0
5166 5171
5167 0
5168 5169
0 0
5170 0
0 0
5172 0
5173 5174
0 0
0 0
5176 5187
5177 5178
0 0
5179 5185
5180 5184
5181 5182
0 0
5183 0
0 0
0 0
5186 0
0 0
5188 5199
5189 5193
5190 5192
5191 0
0 0
0 0
5194 5195
0 0
5196 5198
5197 0
0 0
0 0
5200 5201
0 0
5202 5204
5203 0
0 0
5205 0
5206 0
0 0
5208 5209
0 0
5210 5217
5211 5214
5212 5213
0 0
0 0
5215 5216
0 0
0 0
5218 5219
0 0
0 0
5221 5229
5222 5227
5223 5226
5224 0
5225 0
0 0
0 0
5228 0
0 0
5230 0
5231 5235
5232 5233
0 0
5234 0
0 0
5236 5237
0 0
5238 5241
5239 0
5240 0
0 0
0 0
5243 5246
5244 0
5245 0
0 0
5247 5309
5248 5276
5249 5257
5250 5251
0 0
5252 0
5253 5256
5254 0
5255 0
0 0
0 0
5258 5260
5259 0
0 0
5261 5271
5262 0
5263 5265
5264 0
0 0
5266 5269
5267 5268
0 0
0 0
5270 0
0 0
5272 5273
0 0
5274 5275
0 0
0 0
5277 5305
5278 5281
5279 0
5280 0
0 0
5282 5292
5283 5290
5284 5287
5285 0
5286 0
0 0
5288 5289
0 0
0 0
5291 0
0 0
5293 5295
5294 0
0 0
5296 5302
5297 5299
5298 0
0 0
5300 5301
0 0
0 0
5303 0
5304 0
0 0
5306 5308
5307 0
0 0
0 0
5310 5612
5311 5362
5312 5326
5313 0
5314 5317
5315 0
5316 0
0 0
5318 5325
5319 5320
0 0
5321 5322
0 0
5323 0
5324 0
0 0
0 0
5327 5344
5328 5340
5329 5334
5330 0
5331 5333
5332 0
0 0
0 0
5335 0
5336 0
5337 5339
5338 0
0 0
0 0
5341 5342
0 0
5343 0
0 0
5345 0
5346 5353
5347 0
5348 5350
5349 0
0 0
5351 5352
0 0
0 0
5354 5356
5355 0
0 0
5357 5359
5358 0
0 0
5360 0
5361 0
0 0
5363 5440
5364 5417
5365 5407
5366 5394
5367 0
5368 5379
5369 5372
5370 5371
0 0
0 0
5373 0
5374 5377
5375 5376
0 0
0 0
5378 0
0 0
5380 5389
5381 5387
5382 0
5383 5386
5384 0
5385 0
0 0
0 0
5388 0
0 0
5390 5393
5391 0
5392 0
0 0
0 0
5395 5400
5396 5399
5397 5398
0 0
0 0
0 0
5401 0
5402 5405
5403 5404
0 0
0 0
5406 0
0 0
5408 5414
5409 5412
5410 0
5411 0
0 0
5413 0
0 0
5415 5416
0 0
0 0
5418 5431
5419 5421
5420 0
0 0
5422 5423
0 0
5424 5427
5425 0
5426 0
0 0
5428 0
5429 0
5430 0
0 0
5432 0
5433 5437
5434 5435
0 0
5436 0
0 0
5438 5439
0 0
0 0
5441 5521
5442 5472
5443 5469
5444 5459
5445 5453
5446 5450
5447 0
5448 5449
0 0
0 0
5451 5452
0 0
0 0
5454 5457
5455 0
5456 0
0 0
5458 0
0 0
5460 5467
5461 5462
0 0
5463 0
5464 5466
5465 0
0 0
0 0
5468 0
0 0
5470 0
5471 0
0 0
5473 5474
0 0
5475 5493
5476 5485
5477 5484
5478 5481
5479 5480
0 0
0 0
5482 5483
0 0
0 0
0 0
5486 5487
0 0
5488 5492
5489 0
5490 0
5491 0
0 0
0 0
5494 5502
5495 5498
5496 5497
0 0
0 0
5499 5501
5500 0
0 0
0 0
5503 5505
5504 0
0 0
5506 5519
5507 5514
5508 5509
0 0
5510 5511
0 0
5512 0
5513 0
0 0
5515 5517
5516 0
0 0
5518 0
0 0
5520 0
0 0
5522 5560
5523 5544
5524 0
5525 5541
5526 5532
5527 5529
5528 0
0 0
5530 0
5531 0
0 0
5533 5535
5534 0
0 0
5536 5538
5537 0
0 0
5539 5540
0 0
0 0
5542 0
5543 0
0 0
5545 5558
5546 5554
5547 5551
5548 5550
5549 0
0 0
0 0
5552 5553
0 0
0 0
5555 0
5556 5557
0 0
0 0
5559 0
0 0
5561 5586
5562 5567
5563 5564
0 0
5565 0
5566 0
0 0
5568 5570
5569 0
0 0
5571 5583
5572 5580
5573 5575
5574 0
0 0
5576 5579
5577 5578
0 0
0 0
0 0
5581 0
5582 0
0 0
5584 5585
0 0
0 0
5587 0
5588 5596
5589 5590
0 0
5591 5593
5592 0
0 0
5594 0
5595 0
0 0
5597 5611
5598 5607
5599 5602
5600 0
5601 0
0 0
5603 5606
5604 5605
0 0
0 0
0 0
5608 5609
0 0
5610 0
0 0
0 0
5613 5667
5614 5637
5615 5636
5616 5633
5617 5629
5618 5622
5619 5621
5620 0
0 0
0 0
5623 5625
5624 0
0 0
5626 5627
0 0
5628 0
0 0
5630 0
5631 0
5632 0
0 0
5634 5635
0 0
0 0
0 0
5638 5664
5639 5655
5640 5645
5641 0
5642 5644
5643 0
0 0
0 0
5646 5650
5647 0
5648 0
5649 0
0 0
5651 5653
5652 0
0 0
5654 0
0 0
5656 5663
5657 5661
5658 5660
5659 0
0 0
0 0
5662 0
0 0
0 0
5665 0
5666 0
0 0
5668 0
5669 5681
5670 5680
5671 5679
5672 5674
5673 0
0 0
5675 5678
5676 0
5677 0
0 0
0 0
0 0
0 0
5682 5686
5683 0
5684 0
5685 0
0 0
5687 5697
5688 5691
5689 5690
0 0
0 0
5692 5693
0 0
5694 5696
5695 0
0 0
0 0
5698 5702
5699 5700
0 0
5701 0
0 0
5703 5705
5704 0
0 0
5706 5715
5707 5714
5708 5711
5709 0
5710 0
0 0
5712 0
5713 0
0 0
0 0
5716 5717
0 0
0 0
5719 6596
5720 5796
5721 5790
5722 5752
5723 5738
5724 5731
5725 5728
5726 5727
0 0
0 0
5729 0
5730 0
0 0
5732 5737
5733 5736
5734 5735
0 0
0 0
0 0
0 0
5739 5742
5740 0
5741 0
0 0
5743 5744
0 0
5745 5750
5746 0
5747 5748
0 0
5749 0
0 0
5751 0
0 0
5753 5757
5754 5756
5755 0
0 0
0 0
5758 5783
5759 5773
5760 5765
5761 5762
0 0
5763 5764
0 0
0 0
5766 5767
0 0
5768 5770
5769 0
0 0
5771 5772
0 0
0 0
5774 5780
5775 5776
0 0
5777 5779
5778 0
0 0
0 0
5781 0
5782 0
0 0
5784 5785
0 0
5786 5789
5787 0
5788 0
0 0
0 0
5791 5792
0 0
5793 0
5794 0
5795 0
0 0
5797 6042
5798 5835
5799 5802
5800 5801
0 0
0 0
5803 5832
5804 5825
5805 5824
5806 5815
5807 5814
5808 5809
0 0
5810 0
5811 5813
5812 0
0 0
0 0
0 0
5816 5818
5817 0
0 0
5819 5820
0 0
5821 5822
0 0
5823 0
0 0
0 0
5826 5831
5827 5829
5828 0
0 0
5830 0
0 0
0 0
5833 0
5834 0
0 0
5836 5839
5837 5838
0 0
0 0
5840 6020
5841 5920
5842 5876
5843 5849
5844 5848
5845 5846
0 0
5847 0
0 0
0 0
5850 5864
5851 5853
5852 0
0 0
5854 5859
5855 5858
5856 0
5857 0
0 0
0 0
5860 5863
5861 5862
0 0
0 0
0 0
5865 5874
5866 5868
5867 0
0 0
5869 5872
5870 5871
0 0
0 0
5873 0
0 0
5875 0
0 0
5877 5909
5878 5896
5879 5890
5880 5888
5881 5887
5882 5885
5883 5884
0 0
0 0
5886 0
0 0
0 0
5889 0
0 0
5891 5892
0 0
5893 0
5894 0
5895 0
0 0
5897 5904
5898 5900
5899 0
0 0
5901 5903
5902 0
0 0
0 0
5905 0
5906 5908
5907 0
0 0
0 0
5910 5914
5911 5913
5912 0
0 0
0 0
5915 5919
5916 5918
5917 0
0 0
0 0
0 0
5921 6016
5922 5936
5923 5935
5924 5931
5925 5928
5926 5927
0 0
0 0
5929 0
5930 0
0 0
5932 5934
5933 0
0 0
0 0
0 0
5937 6001
5938 5953
5939 5940
0 0
5941 0
5942 5951
5943 5948
5944 5946
5945 0
0 0
5947 0
0 0
5949 5950
0 0
0 0
5952 0
0 0
5954 5985
5955 5959
5956 5958
5957 0
0 0
0 0
5960 5972
5961 5962
0 0
5963 5967
5964 0
5965 0
5966 0
0 0
5968 5969
0 0
5970 5971
0 0
0 0
5973 5982
5974 5978
5975 5977
5976 0
0 0
0 0
5979 0
5980 0
5981 0
0 0
5983 5984
0 0
0 0
5986 5990
5987 5989
5988 0
0 0
0 0
5991 5997
5992 5994
5993 0
0 0
5995 0
5996 0
0 0
5998 0
5999 6000
0 0
0 0
6002 6009
6003 6008
6004 6006
6005 0
0 0
6007 0
0 0
0 0
6010 6011
0 0
6012 6014
6013 0
0 0
6015 0
0 0
6017 6018
0 0
6019 0
0 0
6021 6035
6022 6033
6023 6025
6024 0
0 0
6026 6030
6027 0
6028 0
6029 0
0 0
6031 0
6032 0
0 0
6034 0
0 0
6036 6041
6037 6038
0 0
6039 6040
0 0
0 0
0 0
6043 6078
6044 6066
6045 6059
6046 6048
6047 0
0 0
6049 6052
6050 0
6051 0
0 0
6053 0
6054 6056
6055 0
0 0
6057 0
6058 0
0 0
6060 6065
6061 6062
0 0
6063 0
6064 0
0 0
0 0
6067 6077
6068 6070
6069 0
0 0
6071 6074
6072 0
6073 0
0 0
6075 6076
0 0
0 0
0 0
6079 6262
6080 6114
6081 6102
6082 6090
6083 6089
6084 6087
6085 6086
0 0
0 0
6088 0
0 0
0 0
6091 6100
6092 6096
6093 0
6094 0
6095 0
0 0
6097 6099
6098 0
0 0
0 0
6101 0
0 0
6103 6109
6104 6108
6105 0
6106 6107
0 0
0 0
0 0
6110 6113
6111 0
6112 0
0 0
0 0
6115 6227
6116 6187
6117 6155
6118 6140
6119 6120
0 0
6121 6131
6122 6130
6123 0
6124 6128
6125 6127
6126 0
0 0
0 0
6129 0
0 0
0 0
6132 6137
6133 6135
6134 0
0 0
6136 0
0 0
6138 6139
0 0
0 0
6141 6142
0 0
6143 6151
6144 6145
0 0
6146 6148
6147 0
0 0
6149 0
6150 0
0 0
6152 6154
6153 0
0 0
0 0
6156 6177
6157 6165
6158 6159
0 0
6160 6161
0 0
6162 6164
6163 0
0 0
0 0
6166 6167
0 0
6168 6175
6169 6171
6170 0
0 0
6172 6173
0 0
6174 0
0 0
6176 0
0 0
6178 6180
6179 0
0 0
6181 6185
6182 6183
0 0
6184 0
0 0
6186 0
0 0
6188 6218
6189 6210
6190 6198
6191 6193
6192 0
0 0
6194 6196
6195 0
0 0
6197 0
0 0
6199 6204
6200 6203
6201 0
6202 0
0 0
0 0
6205 6209
6206 0
6207 0
6208 0
0 0
0 0
6211 6215
6212 0
6213 0
6214 0
0 0
6216 6217
0 0
0 0
6219 6223
6220 6222
6221 0
0 0
0 0
6224 6225
0 0
6226 0
0 0
6228 0
6229 6232
6230 0
6231 0
0 0
6233 6244
6234 6238
6235 6236
0 0
6237 0
0 0
6239 0
6240 6241
0 0
6242 6243
0 0
0 0
6245 6253
6246 6248
6247 0
0 0
6249 6252
6250 6251
0 0
0 0
0 0
6254 6256
6255 0
0 0
6257 6261
6258 0
6259 0
6260 0
0 0
0 0
6263 6558
6264 6365
6265 6276
6266 6270
6267 0
6268 6269
0 0
0 0
6271 6273
6272 0
0 0
6274 0
6275 0
0 0
6277 6281
6278 6280
6279 0
0 0
0 0
6282 6307
6283 6299
6284 6288
6285 6286
0 0
6287 0
0 0
6289 6290
0 0
6291 6295
6292 6293
0 0
6294 0
0 0
6296 6298
6297 0
0 0
0 0
6300 6302
6301 0
0 0
6303 6304
0 0
6305 0
6306 0
0 0
6308 6329
6309 6316
6310 6315
6311 6314
6312 6313
0 0
0 0
0 0
0 0
6317 0
6318 6323
6319 6322
6320 6321
0 0
0 0
0 0
6324 6325
0 0
6326 6328
6327 0
0 0
0 0
6330 6352
6331 6335
6332 6334
6333 0
0 0
0 0
6336 6349
6337 6342
6338 6341
6339 6340
0 0
0 0
0 0
6343 6344
0 0
6345 6347
6346 0
0 0
6348 0
0 0
6350 0
6351 0
0 0
6353 0
6354 6363
6355 0
6356 6360
6357 6358
0 0
6359 0
0 0
6361 0
6362 0
0 0
6364 0
0 0
6366 6427
6367 6407
6368 0
6369 6404
6370 6387
6371 6375
6372 6374
6373 0
0 0
0 0
6376 6380
6377 6379
6378 0
0 0
0 0
6381 6383
6382 0
0 0
6384 6386
6385 0
0 0
0 0
6388 6391
6389 0
6390 0
0 0
6392 6403
6393 6399
6394 0
6395 0
6396 6397
0 0
6398 0
0 0
6400 6401
0 0
6402 0
0 0
0 0
6405 0
6406 0
0 0
6408 6420
6409 6414
6410 6413
6411 6412
0 0
0 0
0 0
6415 6419
6416 0
6417 6418
0 0
0 0
0 0
6421 6422
0 0
6423 6426
6424 0
6425 0
0 0
0 0
6428 6539
6429 6431
6430 0
0 0
6432 6438
6433 6435
6434 0
0 0
6436 0
6437 0
0 0
6439 6533
6440 6517
6441 6449
6442 6446
6443 6444
0 0
6445 0
0 0
6447 0
6448 0
0 0
6450 6483
6451 6479
6452 6477
6453 6460
6454 6455
0 0
6456 6459
6457 6458
0 0
0 0
0 0
6461 6464
6462 0
6463 0
0 0
6465 0
6466 6470
6467 6468
0 0
6469 0
0 0
6471 6474
6472 0
6473 0
0 0
6475 0
6476 0
0 0
6478 0
0 0
6480 6482
6481 0
0 0
0 0
6484 6493
6485 6487
6486 0
0 0
6488 6492
6489 6490
0 0
6491 0
0 0
0 0
6494 6503
6495 6500
6496 6498
6497 0
0 0
6499 0
0 0
6501 6502
0 0
0 0
6504 6514
6505 6506
0 0
6507 6509
6508 0
0 0
6510 6511
0 0
6512 6513
0 0
0 0
6515 6516
0 0
0 0
6518 6522
6519 6520
0 0
6521 0
0 0
6523 0
6524 6532
6525 0
6526 6531
6527 6528
0 0
6529 6530
0 0
0 0
0 0
0 0
6534 0
6535 0
6536 6538
6537 0
0 0
0 0
6540 0
6541 6542
0 0
6543 6555
6544 6546
6545 0
0 0
6547 6553
6548 0
6549 6551
6550 0
0 0
6552 0
0 0
6554 0
0 0
6556 0
6557 0
0 0
6559 6577
6560 6568
6561 6562
0 0
6563 6565
6564 0
0 0
6566 0
6567 0
0 0
6569 6576
6570 0
6571 6573
6572 0
0 0
6574 0
6575 0
0 0
0 0
6578 6587
6579 6582
6580 6581
0 0
0 0
6583 6586
6584 6585
0 0
0 0
0 0
6588 6592
6589 6591
6590 0
0 0
0 0
6593 0
6594 6595
0 0
0 0
6597 6635
6598 6634
6599 6614
6600 6608
6601 6606
6602 0
6603 6605
6604 0
0 0
0 0
6607 0
0 0
6609 6612
6610 0
6611 0
0 0
6613 0
0 0
6615 6618
6616 0
6617 0
0 0
6619 6620
0 0
6621 6626
6622 6623
0 0
6624 6625
0 0
0 0
6627 6633
6628 6631
6629 0
6630 0
0 0
6632 0
0 0
0 0
0 0
6636 6688
6637 6657
6638 6654
6639 6645
6640 6643
6641 6642
0 0
0 0
6644 0
0 0
6646 6647
0 0
6648 6651
6649 0
6650 0
0 0
6652 0
6653 0
0 0
6655 0
6656 0
0 0
6658 6671
6659 6666
6660 0
6661 0
6662 6664
6663 0
0 0
6665 0
0 0
6667 6670
6668 0
6669 0
0 0
0 0
6672 6673
0 0
6674 6678
6675 6676
0 0
6677 0
0 0
6679 6683
6680 6682
6681 0
0 0
0 0
6684 0
6685 6687
6686 0
0 0
0 0
6689 6710
6690 6692
6691 0
0 0
6693 6702
6694 6696
6695 0
0 0
6697 6701
6698 0
6699 6700
0 0
0 0
0 0
6703 6707
6704 0
6705 0
6706 0
0 0
6708 0
6709 0
0 0
6711 6713
6712 0
0 0
6714 6715
0 0
6716 6717
0 0
6718 0
6719 0
0 0
6721 8617
6722 7826
6723 6917
6724 6899
6725 6781
6726 6753
6727 0
6728 6745
6729 6738
6730 6734
6731 0
6732 6733
0 0
0 0
6735 0
6736 0
6737 0
0 0
6739 6743
6740 6741
0 0
6742 0
0 0
6744 0
0 0
6746 6752
6747 6751
6748 6749
0 0
6750 0
0 0
0 0
0 0
6754 6755
0 0
6756 6773
6757 6763
6758 6761
6759 6760
0 0
0 0
6762 0
0 0
6764 6766
6765 0
0 0
6767 6770
6768 0
6769 0
0 0
6771 0
6772 0
0 0
6774 6775
0 0
6776 0
6777 6779
6778 0
0 0
6780 0
0 0
6782 6844
6783 6796
6784 0
6785 0
6786 6791
6787 0
6788 0
6789 6790
0 0
0 0
6792 6793
0 0
6794 0
6795 0
0 0
6797 6830
6798 6821
6799 6802
6800 0
6801 0
0 0
6803 6818
6804 6817
6805 6812
6806 6807
0 0
6808 6810
6809 0
0 0
6811 0
0 0
6813 6816
6814 0
6815 0
0 0
0 0
0 0
6819 6820
0 0
0 0
6822 6827
6823 6826
6824 0
6825 0
0 0
0 0
6828 6829
0 0
0 0
6831 0
6832 6835
6833 6834
0 0
0 0
6836 6843
6837 6841
6838 0
6839 6840
0 0
0 0
6842 0
0 0
0 0
6845 6880
6846 6875
6847 6870
6848 6853
6849 6852
6850 0
6851 0
0 0
0 0
6854 6861
6855 6860
6856 6859
6857 6858
0 0
0 0
0 0
0 0
6862 6867
6863 0
6864 6866
6865 0
0 0
0 0
6868 0
6869 0
0 0
6871 6874
6872 6873
0 0
0 0
0 0
6876 6877
0 0
6878 6879
0 0
0 0
6881 6894
6882 6893
6883 6884
0 0
6885 0
6886 0
6887 0
6888 0
6889 6892
6890 0
6891 0
0 0
0 0
0 0
6895 6897
6896 0
0 0
6898 0
0 0
6900 6903
6901 6902
0 0
0 0
6904 6907
6905 6906
0 0
0 0
6908 6913
6909 6911
6910 0
0 0
6912 0
0 0
6914 0
6915 6916
0 0
0 0
6918 7383
6919 7027
6920 7014
6921 6963
6922 6957
6923 6927
6924 6926
6925 0
0 0
0 0
6928 6940
6929 6932
6930 6931
0 0
0 0
6933 6936
6934 6935
0 0
0 0
6937 6938
0 0
6939 0
0 0
6941 0
6942 6954
6943 0
6944 6953
6945 6952
6946 6948
6947 0
0 0
6949 0
6950 0
6951 0
0 0
0 0
0 0
6955 0
6956 0
0 0
6958 6960
6959 0
0 0
6961 6962
0 0
0 0
6964 6978
6965 6968
6966 6967
0 0
0 0
6969 6971
6970 0
0 0
6972 6977
6973 6976
6974 6975
0 0
0 0
0 0
0 0
6979 7009
6980 7002
6981 6998
6982 6993
6983 6987
6984 6986
6985 0
0 0
0 0
6988 0
6989 0
6990 6992
6991 0
0 0
0 0
6994 6996
6995 0
0 0
6997 0
0 0
6999 0
7000 0
7001 0
0 0
7003 7007
7004 7005
0 0
7006 0
0 0
7008 0
0 0
7010 7013
7011 7012
0 0
0 0
0 0
7015 7017
7016 0
0 0
7018 7024
7019 7021
7020 0
0 0
7022 7023
0 0
0 0
7025 0
7026 0
0 0
7028 7117
7029 7072
7030 7041
7031 7039
7032 7038
7033 0
7034 7036
7035 0
0 0
7037 0
0 0
0 0
7040 0
0 0
7042 7065
7043 7051
7044 7047
7045 0
7046 0
0 0
7048 7050
7049 0
0 0
0 0
7052 7061
7053 7057
7054 7055
0 0
7056 0
0 0
7058 0
7059 7060
0 0
0 0
7062 7064
7063 0
0 0
0 0
7066 7069
7067 7068
0 0
0 0
7070 7071
0 0
0 0
7073 7094
7074 7078
7075 0
7076 0
7077 0
0 0
7079 7089
7080 7087
7081 7086
7082 7084
7083 0
0 0
7085 0
0 0
0 0
7088 0
0 0
7090 7091
0 0
7092 7093
0 0
0 0
7095 0
7096 7097
0 0
7098 7107
7099 7102
7100 7101
0 0
0 0
7103 7105
7104 0
0 0
7106 0
0 0
7108 7110
7109 0
0 0
7111 7112
0 0
7113 7115
7114 0
0 0
7116 0
0 0
7118 7236
7119 7173
7120 7169
7121 7125
7122 0
7123 0
7124 0
0 0
7126 7136
7127 7133
7128 7130
7129 0
0 0
7131 7132
0 0
0 0
7134 7135
0 0
0 0
7137 7143
7138 7142
7139 0
7140 7141
0 0
0 0
0 0
7144 7164
7145 7160
7146 7158
7147 7153
7148 7149
0 0
7150 7151
0 0
7152 0
0 0
7154 7157
7155 7156
0 0
0 0
0 0
7159 0
0 0
7161 0
7162 7163
0 0
0 0
7165 7167
7166 0
0 0
7168 0
0 0
7170 0
7171 0
7172 0
0 0
7174 7228
7175 7197
7176 7183
7177 0
7178 7181
7179 0
7180 0
0 0
7182 0
0 0
7184 7188
7185 0
7186 0
7187 0
0 0
7189 7193
7190 7192
7191 0
0 0
0 0
7194 0
7195 0
7196 0
0 0
7198 7202
7199 0
7200 7201
0 0
0 0
7203 7205
7204 0
0 0
7206 7226
7207 7208
0 0
7209 7223
7210 7215
7211 0
7212 0
7213 7214
0 0
0 0
7216 7222
7217 7221
7218 7220
7219 0
0 0
0 0
0 0
0 0
7224 0
7225 0
0 0
7227 0
0 0
7229 7233
7230 0
7231 0
7232 0
0 0
7234 0
7235 0
0 0
7237 7366
7238 7276
7239 7246
7240 0
7241 7242
0 0
7243 0
7244 7245
0 0
0 0
7247 7259
7248 7257
7249 0
7250 7255
7251 0
7252 0
7253 0
7254 0
0 0
7256 0
0 0
7258 0
0 0
7260 7272
7261 0
7262 7263
0 0
7264 7268
7265 0
7266 7267
0 0
0 0
7269 0
7270 0
7271 0
0 0
7273 0
7274 0
7275 0
0 0
7277 7291
7278 7282
7279 7281
7280 0
0 0
0 0
7283 7288
7284 0
7285 7287
7286 0
0 0
0 0
7289 0
7290 0
0 0
7292 7309
7293 7297
7294 0
7295 0
7296 0
0 0
7298 0
7299 7303
7300 7302
7301 0
0 0
0 0
7304 7308
7305 0
7306 7307
0 0
0 0
0 0
7310 7317
7311 7314
7312 0
7313 0
0 0
7315 7316
0 0
0 0
7318 7345
7319 7337
7320 7332
7321 7327
7322 7326
7323 7325
7324 0
0 0
0 0
0 0
7328 7331
7329 7330
0 0
0 0
0 0
7333 0
7334 0
7335 7336
0 0
0 0
7338 7344
7339 7342
7340 7341
0 0
0 0
7343 0
0 0
0 0
7346 7363
7347 7359
7348 7356
7349 7351
7350 0
0 0
7352 0
7353 0
7354 0
7355 0
0 0
7357 7358
0 0
0 0
7360 7362
7361 0
0 0
0 0
7364 7365
0 0
0 0
7367 7382
7368 7370
7369 0
0 0
7371 7377
7372 0
7373 0
7374 7375
0 0
7376 0
0 0
7378 7380
7379 0
0 0
7381 0
0 0
0 0
7384 7699
7385 7622
7386 7536
7387 7476
7388 7422
7389 7397
7390 7393
7391 0
7392 0
0 0
7394 7395
0 0
7396 0
0 0
7398 7407
7399 7401
7400 0
0 0
7402 7405
7403 0
7404 0
0 0
7406 0
0 0
7408 7415
7409 7412
7410 7411
0 0
0 0
7413 7414
0 0
0 0
7416 7417
0 0
7418 0
7419 0
7420 0
7421 0
0 0
7423 7438
7424 0
7425 7437
7426 7428
7427 0
0 0
7429 7430
0 0
7431 7436
7432 7435
7433 7434
0 0
0 0
0 0
0 0
0 0
7439 7441
7440 0
0 0
7442 7451
7443 7449
7444 7447
7445 0
7446 0
0 0
7448 0
0 0
7450 0
0 0
7452 7454
7453 0
0 0
7455 7467
7456 0
7457 7463
7458 7460
7459 0
0 0
7461 0
7462 0
0 0
7464 0
7465 7466
0 0
0 0
7468 7470
7469 0
0 0
7471 7472
0 0
7473 7474
0 0
7475 0
0 0
7477 7495
7478 7491
7479 7486
7480 0
7481 7484
7482 0
7483 0
0 0
7485 0
0 0
7487 7488
0 0
7489 0
7490 0
0 0
7492 0
7493 7494
0 0
0 0
7496 7500
7497 0
7498 7499
0 0
0 0
7501 7516
7502 7508
7503 7506
7504 0
7505 0
0 0
7507 0
0 0
7509 7511
7510 0
0 0
7512 7513
0 0
7514 0
7515 0
0 0
7517 7533
7518 7519
0 0
7520 7527
7521 7523
7522 0
0 0
7524 7525
0 0
7526 0
0 0
7528 0
7529 7530
0 0
7531 0
7532 0
0 0
7534 7535
0 0
0 0
7537 7612
7538 7604
7539 7547
7540 7544
7541 7543
7542 0
0 0
0 0
7545 0
7546 0
0 0
7548 7587
7549 7572
7550 7555
7551 7552
0 0
7553 7554
0 0
0 0
7556 7570
7557 7563
7558 7559
0 0
7560 7562
7561 0
0 0
0 0
7564 7567
7565 0
7566 0
0 0
7568 7569
0 0
0 0
7571 0
0 0
7573 7584
7574 0
7575 7581
7576 7577
0 0
7578 7579
0 0
7580 0
0 0
7582 7583
0 0
0 0
7585 0
7586 0
0 0
7588 7591
7589 7590
0 0
0 0
7592 7593
0 0
7594 7598
7595 7596
0 0
7597 0
0 0
7599 7602
7600 0
7601 0
0 0
7603 0
0 0
7605 7606
0 0
7607 7608
0 0
7609 0
7610 0
7611 0
0 0
7613 7620
7614 0
7615 7617
7616 0
0 0
7618 7619
0 0
0 0
7621 0
0 0
7623 7683
7624 7646
7625 7631
7626 0
7627 7630
7628 7629
0 0
0 0
0 0
7632 7638
7633 7636
7634 7635
0 0
0 0
7637 0
0 0
7639 7642
7640 0
7641 0
0 0
7643 0
7644 7645
0 0
0 0
7647 7658
7648 7657
7649 7652
7650 0
7651 0
0 0
7653 7655
7654 0
0 0
7656 0
0 0
0 0
7659 7671
7660 7665
7661 7662
0 0
7663 0
7664 0
0 0
7666 7670
7667 0
7668 7669
0 0
0 0
0 0
7672 7679
7673 7674
0 0
7675 7677
7676 0
0 0
7678 0
0 0
7680 0
7681 0
7682 0
0 0
7684 7687
7685 0
7686 0
0 0
7688 7696
7689 7692
7690 7691
0 0
0 0
7693 7695
7694 0
0 0
0 0
7697 7698
0 0
0 0
7700 7741
7701 7740
7702 7704
7703 0
0 0
7705 7736
7706 7713
7707 7711
7708 0
7709 7710
0 0
0 0
7712 0
0 0
7714 7717
7715 0
7716 0
0 0
7718 7720
7719 0
0 0
7721 7727
7722 0
7723 7725
7724 0
0 0
7726 0
0 0
7728 7730
7729 0
0 0
7731 7734
7732 0
7733 0
0 0
7735 0
0 0
7737 7739
7738 0
0 0
0 0
0 0
7742 7771
7743 7750
7744 0
7745 7746
0 0
7747 7749
7748 0
0 0
0 0
7751 7767
7752 7762
7753 7757
7754 7755
0 0
7756 0
0 0
7758 7760
7759 0
0 0
7761 0
0 0
7763 7764
0 0
7765 7766
0 0
0 0
7768 7769
0 0
7770 0
0 0
7772 7788
7773 7778
7774 7776
7775 0
0 0
7777 0
0 0
7779 7781
7780 0
0 0
7782 7785
7783 7784
0 0
0 0
7786 7787
0 0
0 0
7789 7815
7790 7800
7791 7793
7792 0
0 0
7794 7798
7795 7797
7796 0
0 0
0 0
7799 0
0 0
7801 7802
0 0
7803 7809
7804 0
7805 7806
0 0
7807 7808
0 0
0 0
7810 7812
7811 0
0 0
7813 7814
0 0
0 0
7816 7820
7817 7818
0 0
7819 0
0 0
7821 7822
0 0
7823 0
7824 0
7825 0
0 0
7827 8141
7828 8083
7829 7889
7830 7869
7831 7837
7832 0
7833 7836
7834 7835
0 0
0 0
0 0
7838 7862
7839 7846
7840 0
7841 7844
7842 7843
0 0
0 0
7845 0
0 0
7847 7851
7848 7850
7849 0
0 0
0 0
7852 7855
7853 7854
0 0
0 0
7856 7858
7857 0
0 0
7859 7860
0 0
7861 0
0 0
7863 7868
7864 7866
7865 0
0 0
7867 0
0 0
0 0
7870 7886
7871 7881
7872 7878
7873 0
7874 7877
7875 0
7876 0
0 0
0 0
7879 7880
0 0
0 0
7882 0
7883 7884
0 0
7885 0
0 0
7887 0
7888 0
0 0
7890 7908
7891 7907
7892 7904
7893 7896
7894 7895
0 0
0 0
7897 7899
7898 0
0 0
7900 0
7901 7903
7902 0
0 0
0 0
7905 7906
0 0
0 0
0 0
7909 7959
7910 7917
7911 0
7912 7916
7913 7915
7914 0
0 0
0 0
0 0
7918 7923
7919 7920
0 0
7921 0
7922 0
0 0
7924 7948
7925 0
7926 7943
7927 7934
7928 7932
7929 7931
7930 0
0 0
0 0
7933 0
0 0
7935 7939
7936 7937
0 0
7938 0
0 0
7940 7941
0 0
7942 0
0 0
7944 7946
7945 0
0 0
7947 0
0 0
7949 0
7950 7955
7951 7954
7952 0
7953 0
0 0
0 0
7956 0
7957 0
7958 0
0 0
7960 8041
7961 8031
7962 7969
7963 7966
7964 0
7965 0
0 0
7967 7968
0 0
0 0
7970 8023
7971 0
7972 8000
7973 7994
7974 7975
0 0
7976 7989
7977 7981
7978 0
7979 7980
0 0
0 0
7982 7985
7983 7984
0 0
0 0
7986 7988
7987 0
0 0
0 0
7990 7992
7991 0
0 0
7993 0
0 0
7995 7997
7996 0
0 0
7998 0
7999 0
0 0
8001 8017
8002 8007
8003 8005
8004 0
0 0
8006 0
0 0
8008 8013
8009 8010
0 0
8011 8012
0 0
0 0
8014 8016
8015 0
0 0
0 0
8018 0
8019 8021
8020 0
0 0
8022 0
0 0
8024 8025
0 0
8026 8030
8027 8028
0 0
8029 0
0 0
0 0
8032 0
8033 8036
8034 8035
0 0
0 0
8037 8040
8038 8039
0 0
0 0
0 0
8042 8080
8043 8078
8044 8065
8045 8060
8046 8048
8047 0
0 0
8049 8050
0 0
8051 8057
8052 8056
8053 8054
0 0
8055 0
0 0
0 0
8058 0
8059 0
0 0
8061 8063
8062 0
0 0
8064 0
0 0
8066 0
8067 8072
8068 0
8069 8070
0 0
8071 0
0 0
8073 8076
8074 8075
0 0
0 0
8077 0
0 0
8079 0
0 0
8081 8082
0 0
0 0
8084 8134
8085 8127
8086 8088
8087 0
0 0
8089 8120
8090 8106
8091 8102
8092 0
8093 8094
0 0
8095 8100
8096 8097
0 0
8098 0
8099 0
0 0
8101 0
0 0
8103 8105
8104 0
0 0
0 0
8107 8113
8108 8109
0 0
8110 0
8111 8112
0 0
0 0
8114 0
8115 8117
8116 0
0 0
8118 0
8119 0
0 0
8121 8122
0 0
8123 8124
0 0
8125 8126
0 0
0 0
8128 8129
0 0
8130 8133
8131 8132
0 0
0 0
0 0
8135 8140
8136 8137
0 0
8138 8139
0 0
0 0
0 0
8142 8398
8143 8189
8144 8147
8145 8146
0 0
0 0
8148 8177
8149 8165
8150 8162
8151 8158
8152 8156
8153 8155
8154 0
0 0
0 0
8157 0
0 0
8159 8161
8160 0
0 0
0 0
8163 8164
0 0
0 0
8166 8174
8167 8168
0 0
8169 0
8170 0
8171 0
8172 8173
0 0
0 0
8175 0
8176 0
0 0
8178 8180
8179 0
0 0
8181 8187
8182 8186
8183 8185
8184 0
0 0
0 0
0 0
8188 0
0 0
8190 8210
8191 8199
8192 8198
8193 8197
8194 8195
0 0
8196 0
0 0
0 0
0 0
8200 8206
8201 0
8202 8203
0 0
8204 8205
0 0
0 0
8207 8209
8208 0
0 0
0 0
8211 8272
8212 8241
8213 8224
8214 0
8215 8219
8216 0
8217 0
8218 0
0 0
8220 8222
8221 0
0 0
8223 0
0 0
8225 0
8226 8228
8227 0
0 0
8229 8231
8230 0
0 0
8232 8240
8233 8238
8234 8237
8235 0
8236 0
0 0
0 0
8239 0
0 0
0 0
8242 8263
8243 8260
8244 8248
8245 8246
0 0
8247 0
0 0
8249 8256
8250 0
8251 0
8252 0
8253 0
8254 0
8255 0
0 0
8257 0
8258 8259
0 0
0 0
8261 8262
0 0
0 0
8264 8266
8265 0
0 0
8267 0
8268 8270
8269 0
0 0
8271 0
0 0
8273 8371
8274 8361
8275 8320
8276 8304
8277 8288
8278 8281
8279 8280
0 0
0 0
8282 8284
8283 0
0 0
8285 8286
0 0
8287 0
0 0
8289 8302
8290 8296
8291 8293
8292 0
0 0
8294 0
8295 0
0 0
8297 8301
8298 0
8299 8300
0 0
0 0
0 0
8303 0
0 0
8305 8317
8306 8308
8307 0
0 0
8309 8312
8310 8311
0 0
0 0
8313 0
8314 8315
0 0
8316 0
0 0
8318 0
8319 0
0 0
8321 8337
8322 8327
8323 8325
8324 0
0 0
8326 0
0 0
8328 8333
8329 8332
8330 8331
0 0
0 0
0 0
8334 8335
0 0
8336 0
0 0
8338 8345
8339 8344
8340 8343
8341 0
8342 0
0 0
0 0
0 0
8346 8348
8347 0
0 0
8349 8352
8350 0
8351 0
0 0
8353 8354
0 0
8355 8359
8356 0
8357 8358
0 0
0 0
8360 0
0 0
8362 8363
0 0
8364 8368
8365 8366
0 0
8367 0
0 0
8369 8370
0 0
0 0
8372 8373
0 0
8374 8390
8375 8385
8376 8380
8377 8379
8378 0
0 0
0 0
8381 8383
8382 0
0 0
8384 0
0 0
8386 0
8387 8389
8388 0
0 0
0 0
8391 8396
8392 8393
0 0
8394 8395
0 0
0 0
8397 0
0 0
8399 8539
8400 8451
8401 8403
8402 0
0 0
8404 8415
8405 8408
8406 8407
0 0
0 0
8409 8412
8410 8411
0 0
0 0
8413 0
8414 0
0 0
8416 8436
8417 0
8418 8420
8419 0
0 0
8421 8432
8422 8428
8423 0
8424 8425
0 0
8426 0
8427 0
0 0
8429 8431
8430 0
0 0
0 0
8433 8435
8434 0
0 0
0 0
8437 8438
0 0
8439 8446
8440 8444
8441 8443
8442 0
0 0
0 0
8445 0
0 0
8447 8450
8448 8449
0 0
0 0
0 0
8452 8479
8453 8478
8454 8470
8455 8468
8456 8467
8457 8464
8458 8462
8459 8460
0 0
8461 0
0 0
8463 0
0 0
8465 0
8466 0
0 0
0 0
8469 0
0 0
8471 8475
8472 8473
0 0
8474 0
0 0
8476 8477
0 0
0 0
0 0
8480 8531
8481 8513
8482 8509
8483 8494
8484 8490
8485 0
8486 8488
8487 0
0 0
8489 0
0 0
8491 0
8492 0
8493 0
0 0
8495 8505
8496 8499
8497 8498
0 0
0 0
8500 8504
8501 8503
8502 0
0 0
0 0
0 0
8506 8508
8507 0
0 0
0 0
8510 0
8511 0
8512 0
0 0
8514 8525
8515 8517
8516 0
0 0
8518 0
8519 8521
8520 0
0 0
8522 0
8523 8524
0 0
0 0
8526 8529
8527 0
8528 0
0 0
8530 0
0 0
8532 8538
8533 8536
8534 0
8535 0
0 0
8537 0
0 0
0 0
8540 8565
8541 8554
8542 8548
8543 8545
8544 0
0 0
8546 0
8547 0
0 0
8549 8550
0 0
8551 8552
0 0
8553 0
0 0
8555 8556
0 0
8557 8564
8558 0
8559 0
8560 8562
8561 0
0 0
8563 0
0 0
0 0
8566 8616
8567 8585
8568 8584
8569 8573
8570 8571
0 0
8572 0
0 0
8574 8582
8575 8581
8576 8580
8577 8578
0 0
8579 0
0 0
0 0
0 0
8583 0
0 0
0 0
8586 8599
8587 8592
8588 8590
8589 0
0 0
8591 0
0 0
8593 8595
8594 0
0 0
8596 8598
8597 0
0 0
0 0
8600 8607
8601 8604
8602 8603
0 0
0 0
8605 8606
0 0
0 0
8608 8610
8609 0
0 0
8611 0
8612 8615
8613 0
8614 0
0 0
0 0
0 0
8618 8735
8619 8658
8620 8651
8621 8623
8622 0
0 0
8624 8635
8625 8627
8626 0
0 0
8628 8632
8629 8631
8630 0
0 0
0 0
8633 0
8634 0
0 0
8636 0
8637 8639
8638 0
0 0
8640 8649
8641 8648
8642 8643
0 0
8644 0
8645 8646
0 0
8647 0
0 0
0 0
8650 0
0 0
8652 8654
8653 0
0 0
8655 8657
8656 0
0 0
0 0
8659 8725
8660 8701
8661 8679
8662 8669
8663 0
8664 8665
0 0
8666 8668
8667 0
0 0
0 0
8670 8677
8671 8673
8672 0
0 0
8674 0
8675 0
8676 0
0 0
8678 0
0 0
8680 8691
8681 8689
8682 0
8683 8688
8684 0
8685 0
8686 0
8687 0
0 0
0 0
8690 0
0 0
8692 8694
8693 0
0 0
8695 8699
8696 8697
0 0
8698 0
0 0
8700 0
0 0
8702 8721
8703 8717
8704 8709
8705 8708
8706 0
8707 0
0 0
0 0
8710 8713
8711 0
8712 0
0 0
8714 8715
0 0
8716 0
0 0
8718 8719
0 0
8720 0
0 0
8722 8724
8723 0
0 0
0 0
8726 8727
0 0
8728 8732
8729 0
8730 0
8731 0
0 0
8733 0
8734 0
0 0
8736 9130
8737 8894
8738 8808
8739 8802
8740 8790
8741 8775
8742 8766
8743 8753
8744 8746
8745 0
0 0
8747 8751
8748 8750
8749 0
0 0
0 0
8752 0
0 0
8754 8759
8755 8756
0 0
8757 0
8758 0
0 0
8760 8765
8761 8764
8762 0
8763 0
0 0
0 0
0 0
8767 8774
8768 0
8769 0
8770 8772
8771 0
0 0
8773 0
0 0
0 0
8776 8785
8777 8779
8778 0
0 0
8780 8783
8781 0
8782 0
0 0
8784 0
0 0
8786 8789
8787 8788
0 0
0 0
0 0
8791 8798
8792 8793
0 0
8794 8795
0 0
8796 8797
0 0
0 0
8799 8801
8800 0
0 0
0 0
8803 0
8804 8805
0 0
8806 8807
0 0
0 0
8809 8841
8810 8835
8811 8828
8812 8816
8813 8814
0 0
8815 0
0 0
8817 8826
8818 8820
8819 0
0 0
8821 8824
8822 0
8823 0
0 0
8825 0
0 0
8827 0
0 0
8829 0
8830 8834
8831 0
8832 8833
0 0
0 0
0 0
8836 8840
8837 8839
8838 0
0 0
0 0
0 0
8842 8868
8843 8851
8844 8847
8845 0
8846 0
0 0
8848 0
8849 8850
0 0
0 0
8852 8859
8853 8857
8854 8855
0 0
8856 0
0 0
8858 0
0 0
8860 0
8861 0
8862 8867
8863 8865
8864 0
0 0
8866 0
0 0
0 0
8869 8876
8870 8874
8871 0
8872 8873
0 0
0 0
8875 0
0 0
8877 8890
8878 8887
8879 0
8880 8884
8881 0
8882 0
8883 0
0 0
8885 0
8886 0
0 0
8888 8889
0 0
0 0
8891 8892
0 0
8893 0
0 0
8895 9035
8896 9030
8897 8924
8898 8911
8899 8906
8900 8903
8901 8902
0 0
0 0
8904 8905
0 0
0 0
8907 8909
8908 0
0 0
8910 0
0 0
8912 8923
8913 8917
8914 0
8915 8916
0 0
0 0
8918 0
8919 8920
0 0
8921 0
8922 0
0 0
0 0
8925 9010
8926 8987
8927 8938
8928 8937
8929 8932
8930 8931
0 0
0 0
8933 8935
8934 0
0 0
8936 0
0 0
0 0
8939 8942
8940 8941
0 0
0 0
8943 8981
8944 8948
8945 0
8946 8947
0 0
0 0
8949 0
8950 8977
8951 8953
8952 0
0 0
8954 8958
8955 0
8956 8957
0 0
0 0
8959 8971
8960 8970
8961 8969
8962 0
8963 8966
8964 8965
0 0
0 0
8967 8968
0 0
0 0
0 0
0 0
8972 8974
8973 0
0 0
8975 0
8976 0
0 0
8978 0
8979 0
8980 0
0 0
8982 8985
8983 8984
0 0
0 0
8986 0
0 0
8988 8990
8989 0
0 0
8991 8994
8992 8993
0 0
0 0
8995 0
8996 9006
8997 9005
8998 9001
8999 0
9000 0
0 0
9002 0
9003 9004
0 0
0 0
0 0
9007 0
9008 0
9009 0
0 0
9011 9025
9012 0
9013 9021
9014 9015
0 0
9016 9018
9017 0
0 0
9019 0
9020 0
0 0
9022 9024
9023 0
0 0
0 0
9026 9027
0 0
9028 0
9029 0
0 0
9031 9034
9032 0
9033 0
0 0
0 0
9036 9096
9037 9042
9038 9039
0 0
9040 9041
0 0
0 0
9043 9091
9044 9046
9045 0
0 0
9047 9058
9048 9056
9049 9055
9050 0
9051 0
9052 9053
0 0
9054 0
0 0
0 0
9057 0
0 0
9059 9081
9060 9077
9061 9076
9062 9063
0 0
9064 9075
9065 9071
9066 9067
0 0
9068 9069
0 0
9070 0
0 0
9072 0
9073 9074
0 0
0 0
0 0
0 0
9078 0
9079 0
9080 0
0 0
9082 0
9083 9089
9084 9085
0 0
9086 9087
0 0
9088 0
0 0
9090 0
0 0
9092 9093
0 0
9094 9095
0 0
0 0
9097 9101
9098 9100
9099 0
0 0
0 0
9102 9115
9103 9106
9104 9105
0 0
0 0
9107 9113
9108 0
9109 9110
0 0
9111 9112
0 0
0 0
9114 0
0 0
9116 9119
9117 0
9118 0
0 0
9120 9122
9121 0
0 0
9123 0
9124 9125
0 0
9126 9129
9127 0
9128 0
0 0
0 0
9131 9416
9132 9387
9133 9385
9134 9143
9135 9141
9136 9140
9137 0
9138 9139
0 0
0 0
0 0
9142 0
0 0
9144 9183
9145 9149
9146 9148
9147 0
0 0
0 0
9150 9169
9151 9152
0 0
9153 0
9154 9158
9155 9156
0 0
9157 0
0 0
9159 9168
9160 9166
9161 9164
9162 0
9163 0
0 0
9165 0
0 0
9167 0
0 0
0 0
9170 9171
0 0
9172 9176
9173 0
9174 0
9175 0
0 0
9177 9181
9178 0
9179 9180
0 0
0 0
9182 0
0 0
9184 9252
9185 9192
9186 9188
9187 0
0 0
9189 0
9190 0
9191 0
0 0
9193 9198
9194 0
9195 0
9196 9197
0 0
0 0
9199 9249
9200 9224
9201 9223
9202 9221
9203 9208
9204 9207
9205 0
9206 0
0 0
0 0
9209 9218
9210 9215
9211 9213
9212 0
0 0
9214 0
0 0
9216 9217
0 0
0 0
9219 9220
0 0
0 0
9222 0
0 0
0 0
9225 9234
9226 9227
0 0
9228 9233
9229 9230
0 0
9231 9232
0 0
0 0
0 0
9235 9238
9236 9237
0 0
0 0
9239 9243
9240 9242
9241 0
0 0
0 0
9244 9245
0 0
9246 0
9247 0
9248 0
0 0
9250 9251
0 0
0 0
9253 9311
9254 9267
9255 9262
9256 9258
9257 0
0 0
9259 9261
9260 0
0 0
0 0
9263 0
9264 0
9265 9266
0 0
0 0
9268 9303
9269 9293
9270 9281
9271 9276
9272 9274
9273 0
0 0
9275 0
0 0
9277 0
9278 9279
0 0
9280 0
0 0
9282 9284
9283 0
0 0
9285 0
9286 9289
9287 9288
0 0
0 0
9290 9291
0 0
9292 0
0 0
9294 9299
9295 9298
9296 0
9297 0
0 0
0 0
9300 9302
9301 0
0 0
0 0
9304 9310
9305 9307
9306 0
0 0
9308 0
9309 0
0 0
0 0
9312 9332
9313 9326
9314 9316
9315 0
0 0
9317 9319
9318 0
0 0
9320 9324
9321 0
9322 9323
0 0
0 0
9325 0
0 0
9327 9330
9328 9329
0 0
0 0
9331 0
0 0
9333 9379
9334 9343
9335 9342
9336 9340
9337 0
9338 0
9339 0
0 0
9341 0
0 0
0 0
9344 9365
9345 9350
9346 9347
0 0
9348 9349
0 0
0 0
9351 9361
9352 9353
0 0
9354 9358
9355 0
9356 9357
0 0
0 0
9359 9360
0 0
0 0
9362 0
9363 0
9364 0
0 0
9366 9371
9367 9369
9368 0
0 0
9370 0
0 0
9372 9378
9373 9376
9374 0
9375 0
0 0
9377 0
0 0
0 0
9380 9383
9381 0
9382 0
0 0
9384 0
0 0
9386 0
0 0
9388 9397
9389 9390
0 0
9391 9395
9392 0
9393 0
9394 0
0 0
9396 0
0 0
9398 9403
9399 9400
0 0
9401 9402
0 0
0 0
9404 9406
9405 0
0 0
9407 9409
9408 0
0 0
9410 9411
0 0
9412 9415
9413 9414
0 0
0 0
0 0
9417 9764
9418 9650
9419 9594
9420 9499
9421 9457
9422 9448
9423 9431
9424 9428
9425 0
9426 0
9427 0
0 0
9429 0
9430 0
0 0
9432 9437
9433 0
9434 0
9435 0
9436 0
0 0
9438 9446
9439 9443
9440 9442
9441 0
0 0
0 0
9444 9445
0 0
0 0
9447 0
0 0
9449 9451
9450 0
0 0
9452 0
9453 9455
9454 0
0 0
9456 0
0 0
9458 9466
9459 9465
9460 9464
9461 9463
9462 0
0 0
0 0
0 0
0 0
9467 9490
9468 9470
9469 0
0 0
9471 9483
9472 9480
9473 9475
9474 0
0 0
9476 9478
9477 0
0 0
9479 0
0 0
9481 0
9482 0
0 0
9484 0
9485 9489
9486 9487
0 0
9488 0
0 0
0 0
9491 9498
9492 9493
0 0
9494 9495
0 0
9496 9497
0 0
0 0
0 0
9500 9567
9501 9503
9502 0
0 0
9504 9527
9505 9517
9506 9512
9507 9510
9508 9509
0 0
0 0
9511 0
0 0
9513 0
9514 0
9515 0
9516 0
0 0
9518 9520
9519 0
0 0
9521 9522
0 0
9523 9526
9524 9525
0 0
0 0
0 0
9528 9558
9529 9530
0 0
9531 9538
9532 9537
9533 9534
0 0
9535 9536
0 0
0 0
0 0
9539 0
9540 9552
9541 9542
0 0
9543 9545
9544 0
0 0
9546 9549
9547 9548
0 0
0 0
9550 9551
0 0
0 0
9553 9554
0 0
9555 9556
0 0
9557 0
0 0
9559 0
9560 9566
9561 9564
9562 9563
0 0
0 0
9565 0
0 0
0 0
9568 9576
9569 9572
9570 0
9571 0
0 0
9573 9575
9574 0
0 0
0 0
9577 9578
0 0
9579 9591
9580 9582
9581 0
0 0
9583 9587
9584 9585
0 0
9586 0
0 0
9588 9590
9589 0
0 0
0 0
9592 9593
0 0
0 0
9595 9628
9596 9615
9597 9602
9598 9600
9599 0
0 0
9601 0
0 0
9603 9610
9604 9605
0 0
9606 9608
9607 0
0 0
9609 0
0 0
9611 9614
9612 9613
0 0
0 0
0 0
9616 9622
9617 9618
0 0
9619 9620
0 0
9621 0
0 0
9623 9624
0 0
9625 9626
0 0
9627 0
0 0
9629 9630
0 0
9631 9634
9632 0
9633 0
0 0
9635 9639
9636 0
9637 9638
0 0
0 0
9640 9644
9641 9643
9642 0
0 0
0 0
9645 9646
0 0
9647 0
9648 9649
0 0
0 0
9651 9689
9652 9664
9653 0
9654 9661
9655 9658
9656 0
9657 0
0 0
9659 0
9660 0
0 0
9662 0
9663 0
0 0
9665 9681
9666 9671
9667 9668
0 0
9669 0
9670 0
0 0
9672 9680
9673 9674
0 0
9675 9679
9676 9678
9677 0
0 0
0 0
0 0
0 0
9682 9687
9683 0
9684 9686
9685 0
0 0
0 0
9688 0
0 0
9690 9695
9691 9694
9692 0
9693 0
0 0
0 0
9696 9727
9697 9716
9698 9711
9699 9702
9700 0
9701 0
0 0
9703 9708
9704 9705
0 0
9706 0
9707 0
0 0
9709 0
9710 0
0 0
9712 0
9713 9714
0 0
9715 0
0 0
9717 9724
9718 9722
9719 0
9720 9721
0 0
0 0
9723 0
0 0
9725 9726
0 0
0 0
9728 9731
9729 0
9730 0
0 0
9732 9753
9733 9734
0 0
9735 9749
9736 0
9737 9743
9738 0
9739 0
9740 9742
9741 0
0 0
0 0
9744 9747
9745 0
9746 0
0 0
9748 0
0 0
9750 9752
9751 0
0 0
0 0
9754 9761
9755 9760
9756 0
9757 9758
0 0
9759 0
0 0
0 0
9762 9763
0 0
0 0
9765 9806
9766 9799
9767 9788
9768 9784
9769 9771
9770 0
0 0
9772 9779
9773 9778
9774 9776
9775 0
0 0
9777 0
0 0
0 0
9780 9782
9781 0
0 0
9783 0
0 0
9785 9787
9786 0
0 0
0 0
9789 9790
0 0
9791 9796
9792 9793
0 0
9794 9795
0 0
0 0
9797 0
9798 0
0 0
9800 0
9801 9802
0 0
9803 0
9804 0
9805 0
0 0
9807 9812
9808 0
9809 9811
9810 0
0 0
0 0
9813 9830
9814 9824
9815 9820
9816 9819
9817 9818
0 0
0 0
0 0
9821 9823
9822 0
0 0
0 0
9825 0
9826 9827
0 0
9828 9829
0 0
0 0
9831 9840
9832 9835
9833 9834
0 0
0 0
9836 9838
9837 0
0 0
9839 0
0 0
9841 9849
9842 0
9843 0
9844 9847
9845 0
9846 0
0 0
9848 0
0 0
9850 9857
9851 9852
0 0
9853 0
9854 9855
0 0
9856 0
0 0
9858 9859
0 0
9860 9863
9861 9862
0 0
0 0
9864 0
0 0
9866 9922
9867 9871
9868 9869
0 0
9870 0
0 0
9872 9920
9873 9898
9874 9877
9875 9876
0 0
0 0
9878 9897
9879 9893
9880 9890
9881 9889
9882 9885
9883 9884
0 0
0 0
9886 0
9887 0
9888 0
0 0
0 0
9891 0
9892 0
0 0
9894 9896
9895 0
0 0
0 0
0 0
9899 9910
9900 9901
0 0
9902 9903
0 0
9904 0
9905 9909
9906 9907
0 0
9908 0
0 0
0 0
9911 9918
9912 9915
9913 0
9914 0
0 0
9916 9917
0 0
0 0
9919 0
0 0
9921 0
0 0
9923 9959
9924 9941
9925 9936
9926 0
9927 9931
9928 0
9929 9930
0 0
0 0
9932 9933
0 0
9934 0
9935 0
0 0
9937 0
9938 9939
0 0
9940 0
0 0
9942 9954
9943 9944
0 0
9945 9951
9946 0
9947 9950
9948 0
9949 0
0 0
0 0
9952 9953
0 0
0 0
9955 9958
9956 0
9957 0
0 0
0 0
9960 9991
9961 9967
9962 9964
9963 0
0 0
9965 0
9966 0
0 0
9968 9973
9969 0
9970 9971
0 0
9972 0
0 0
9974 9976
9975 0
0 0
9977 9984
9978 9980
9979 0
0 0
9981 0
9982 9983
0 0
0 0
9985 9989
9986 0
9987 9988
0 0
0 0
9990 0
0 0
9992 9995
9993 9994
0 0
0 0
9996 9998
9997 0
0 0
9999 10000
0 0
0 0
