10000
2 6620
3 1358
4 812
5 64
6 29
7 20
8 12
9 11
10 0
0 0
0 0
13 16
14 0
15 0
0 0
17 18
0 0
19 0
0 0
21 27
22 26
23 24
0 0
25 0
0 0
0 0
28 0
0 0
30 51
31 43
32 39
33 37
34 0
35 36
0 0
0 0
38 0
0 0
40 42
41 0
0 0
0 0
44 49
45 46
0 0
47 0
48 0
0 0
50 0
0 0
52 57
53 54
0 0
55 0
56 0
0 0
58 63
59 62
60 0
61 0
0 0
0 0
0 0
65 308
66 74
67 72
68 0
69 0
70 0
71 0
0 0
73 0
0 0
75 187
76 169
77 143
78 115
79 0
80 111
81 92
82 89
83 85
84 0
0 0
86 88
87 0
0 0
0 0
90 91
0 0
0 0
93 96
94 95
0 0
0 0
97 107
98 100
99 0
0 0
101 103
102 0
0 0
104 105
0 0
106 0
0 0
108 109
0 0
110 0
0 0
112 0
113 114
0 0
0 0
116 140
117 123
118 120
119 0
0 0
121 122
0 0
0 0
124 126
125 0
0 0
127 128
0 0
129 135
130 0
131 133
132 0
0 0
134 0
0 0
136 0
137 139
138 0
0 0
0 0
141 0
142 0
0 0
144 155
145 150
146 148
147 0
0 0
149 0
0 0
151 154
152 0
153 0
0 0
0 0
156 167
157 160
158 159
0 0
0 0
161 166
162 163
0 0
164 0
165 0
0 0
0 0
168 0
0 0
170 173
171 0
172 0
0 0
174 177
175 0
176 0
0 0
178 186
179 182
180 0
181 0
0 0
183 185
184 0
0 0
0 0
0 0
188 263
189 192
190 0
191 0
0 0
193 254
194 243
195 240
196 233
197 219
198 202
199 0
200 0
201 0
0 0
203 211
204 0
205 210
206 209
207 208
0 0
0 0
0 0
0 0
212 218
213 215
214 0
0 0
216 217
0 0
0 0
0 0
220 232
221 223
222 0
0 0
224 228
225 0
226 0
227 0
0 0
229 231
230 0
0 0
0 0
0 0
234 0
235 0
236 0
237 239
238 0
0 0
0 0
241 242
0 0
0 0
244 252
245 246
0 0
247 249
248 0
0 0
250 0
251 0
0 0
253 0
0 0
255 258
256 0
257 0
0 0
259 0
260 262
261 0
0 0
0 0
264 272
265 266
0 0
267 268
0 0
269 271
270 0
0 0
0 0
273 282
274 277
275 0
276 0
0 0
278 0
279 280
0 0
281 0
0 0
283 301
284 293
285 291
286 289
287 288
0 0
0 0
290 0
0 0
292 0
0 0
294 297
295 0
296 0
0 0
298 300
299 0
0 0
0 0
302 304
303 0
0 0
305 307
306 0
0 0
0 0
309 669
310 581
311 332
312 319
313 317
314 315
0 0
316 0
0 0
318 0
0 0
320 326
321 324
322 323
0 0
0 0
325 0
0 0
327 328
0 0
329 330
0 0
331 0
0 0
333 427
334 421
335 399
336 357
337 343
338 340
339 0
0 0
341 0
342 0
0 0
344 347
345 346
0 0
0 0
348 354
349 353
350 351
0 0
352 0
0 0
0 0
355 0
356 0
0 0
358 398
359 393
360 0
361 386
362 373
363 370
364 367
365 0
366 0
0 0
368 0
369 0
0 0
371 0
372 0
0 0
374 382
375 377
376 0
0 0
378 379
0 0
380 0
381 0
0 0
383 385
384 0
0 0
0 0
387 392
388 389
0 0
390 391
0 0
0 0
0 0
394 396
395 0
0 0
397 0
0 0
0 0
400 415
401 410
402 404
403 0
0 0
405 409
406 408
407 0
0 0
0 0
0 0
411 414
412 0
413 0
0 0
0 0
416 0
417 418
0 0
419 420
0 0
0 0
422 425
423 424
0 0
0 0
426 0
0 0
428 482
429 448
430 0
431 444
432 434
433 0
0 0
435 436
0 0
437 441
438 0
439 0
440 0
0 0
442 0
443 0
0 0
445 0
446 447
0 0
0 0
449 457
450 454
451 452
0 0
453 0
0 0
455 456
0 0
0 0
458 471
459 464
460 0
461 0
462 0
463 0
0 0
465 469
466 468
467 0
0 0
0 0
470 0
0 0
472 481
473 477
474 476
475 0
0 0
0 0
478 0
479 0
480 0
0 0
0 0
483 580
484 567
485 554
486 492
487 0
488 489
0 0
490 0
491 0
0 0
493 518
494 511
495 0
496 508
497 504
498 501
499 0
500 0
0 0
502 0
503 0
0 0
505 507
506 0
0 0
0 0
509 510
0 0
0 0
512 517
513 516
514 0
515 0
0 0
0 0
0 0
519 535
520 528
521 525
522 0
523 0
524 0
0 0
526 0
527 0
0 0
529 0
530 532
531 0
0 0
533 0
534 0
0 0
536 540
537 0
538 539
0 0
0 0
541 0
542 547
543 546
544 0
545 0
0 0
0 0
548 551
549 550
0 0
0 0
552 0
553 0
0 0
555 0
556 563
557 562
558 0
559 0
560 0
561 0
0 0
0 0
564 565
0 0
566 0
0 0
568 575
569 571
570 0
0 0
572 0
573 574
0 0
0 0
576 579
577 578
0 0
0 0
0 0
0 0
582 631
583 617
584 588
585 586
0 0
587 0
0 0
589 614
590 601
591 598
592 594
593 0
0 0
595 0
596 0
597 0
0 0
599 0
600 0
0 0
602 611
603 605
604 0
0 0
606 609
607 608
0 0
0 0
610 0
0 0
612 0
613 0
0 0
615 616
0 0
0 0
618 628
619 621
620 0
0 0
622 624
623 0
0 0
625 627
626 0
0 0
0 0
629 0
630 0
0 0
632 661
633 642
634 639
635 0
636 638
637 0
0 0
0 0
640 0
641 0
0 0
643 655
644 651
645 648
646 647
0 0
0 0
649 0
650 0
0 0
652 0
653 654
0 0
0 0
656 658
657 0
0 0
659 660
0 0
0 0
662 665
663 0
664 0
0 0
666 0
667 668
0 0
0 0
670 704
671 701
672 673
0 0
674 696
675 691
676 0
677 683
678 0
679 680
0 0
681 682
0 0
0 0
684 685
0 0
686 687
0 0
688 689
0 0
690 0
0 0
692 695
693 0
694 0
0 0
0 0
697 700
698 699
0 0
0 0
0 0
702 703
0 0
0 0
705 798
706 777
707 725
708 719
709 712
710 0
711 0
0 0
713 715
714 0
0 0
716 0
717 718
0 0
0 0
720 722
721 0
0 0
723 0
724 0
0 0
726 738
727 731
728 729
0 0
730 0
0 0
732 735
733 734
0 0
0 0
736 0
737 0
0 0
739 752
740 750
741 742
0 0
743 745
744 0
0 0
746 0
747 0
748 0
749 0
0 0
751 0
0 0
753 773
754 763
755 762
756 759
757 0
758 0
0 0
760 761
0 0
0 0
0 0
764 770
765 769
766 768
767 0
0 0
0 0
0 0
771 772
0 0
0 0
774 775
0 0
776 0
0 0
778 783
779 782
780 781
0 0
0 0
0 0
784 793
785 0
786 792
787 0
788 791
789 790
0 0
0 0
0 0
0 0
794 795
0 0
796 0
797 0
0 0
799 806
800 805
801 802
0 0
803 0
804 0
0 0
0 0
807 810
808 809
0 0
0 0
811 0
0 0
813 931
814 865
815 823
816 818
817 0
0 0
819 0
820 0
821 0
822 0
0 0
824 827
825 826
0 0
0 0
828 853
829 845
830 841
831 833
832 0
0 0
834 836
835 0
0 0
837 840
838 0
839 0
0 0
0 0
842 0
843 0
844 0
0 0
846 850
847 848
0 0
849 0
0 0
851 852
0 0
0 0
854 864
855 859
856 858
857 0
0 0
0 0
860 0
861 0
862 0
863 0
0 0
0 0
866 928
867 896
868 0
869 890
870 879
871 878
872 0
873 876
874 0
875 0
0 0
877 0
0 0
0 0
880 881
0 0
882 883
0 0
884 889
885 0
886 887
0 0
888 0
0 0
0 0
891 895
892 894
893 0
0 0
0 0
0 0
897 919
898 913
899 903
900 901
0 0
902 0
0 0
904 911
905 906
0 0
907 910
908 909
0 0
0 0
0 0
912 0
0 0
914 918
915 0
916 917
0 0
0 0
0 0
920 923
921 922
0 0
0 0
924 926
925 0
0 0
927 0
0 0
929 0
930 0
0 0
932 1059
933 0
934 1022
935 973
936 961
937 938
0 0
939 959
940 946
941 945
942 943
0 0
944 0
0 0
0 0
947 951
948 949
0 0
950 0
0 0
952 0
953 956
954 955
0 0
0 0
957 958
0 0
0 0
960 0
0 0
962 970
963 964
0 0
965 0
966 0
967 968
0 0
969 0
0 0
971 972
0 0
0 0
974 1005
975 995
976 990
977 986
978 979
0 0
980 982
981 0
0 0
983 985
984 0
0 0
0 0
987 988
0 0
989 0
0 0
991 994
992 0
993 0
0 0
0 0
996 1000
997 999
998 0
0 0
0 0
1001 1003
1002 0
0 0
1004 0
0 0
1006 1014
1007 1009
1008 0
0 0
1010 1011
0 0
1012 0
1013 0
0 0
1015 1021
1016 0
1017 1019
1018 0
0 0
1020 0
0 0
0 0
1023 1039
1024 1029
1025 0
1026 1027
0 0
1028 0
0 0
1030 1035
1031 1034
1032 0
1033 0
0 0
0 0
1036 1038
1037 0
0 0
0 0
1040 1054
1041 1046
1042 0
1043 1044
0 0
1045 0
0 0
1047 0
1048 1052
1049 0
1050 0
1051 0
0 0
1053 0
0 0
1055 1057
1056 0
0 0
1058 0
0 0
1060 1284
1061 1120
1062 1088
1063 1075
1064 1065
0 0
1066 0
1067 1069
1068 0
0 0
1070 1074
1071 1073
1072 0
0 0
0 0
0 0
1076 1077
0 0
1078 1087
1079 1081
1080 0
0 0
1082 1086
1083 1085
1084 0
0 0
0 0
0 0
0 0
1089 1091
1090 0
0 0
1092 1106
1093 1097
1094 1096
1095 0
0 0
0 0
1098 1105
1099 1104
1100 0
1101 1102
0 0
1103 0
0 0
0 0
0 0
1107 1118
1108 1116
1109 0
1110 1114
1111 1112
0 0
1113 0
0 0
1115 0
0 0
1117 0
0 0
1119 0
0 0
1121 1195
1122 1177
1123 1150
1124 1135
1125 1129
1126 1128
1127 0
0 0
0 0
1130 1132
1131 0
0 0
1133 1134
0 0
0 0
1136 1145
1137 1142
1138 1139
0 0
1140 0
1141 0
0 0
1143 0
1144 0
0 0
1146 1149
1147 1148
0 0
0 0
0 0
1151 0
1152 1164
1153 1162
1154 1161
1155 0
1156 0
1157 0
1158 1159
0 0
1160 0
0 0
0 0
1163 0
0 0
1165 1175
1166 1169
1167 0
1168 0
0 0
1170 0
1171 1174
1172 0
1173 0
0 0
0 0
1176 0
0 0
1178 1186
1179 1180
0 0
1181 1184
1182 0
1183 0
0 0
1185 0
0 0
1187 1194
1188 1190
1189 0
0 0
1191 1193
1192 0
0 0
0 0
0 0
1196 1223
1197 1203
1198 1199
0 0
1200 1202
1201 0
0 0
0 0
1204 1208
1205 1207
1206 0
0 0
0 0
1209 1219
1210 1214
1211 1213
1212 0
0 0
0 0
1215 1216
0 0
1217 0
1218 0
0 0
1220 0
1221 1222
0 0
0 0
1224 1269
1225 1243
1226 1228
1227 0
0 0
1229 1242
1230 1232
1231 0
0 0
1233 1236
1234 1235
0 0
0 0
1237 1240
1238 0
1239 0
0 0
1241 0
0 0
0 0
1244 1262
1245 1260
1246 1258
1247 1256
1248 1251
1249 1250
0 0
0 0
1252 1255
1253 0
1254 0
0 0
0 0
1257 0
0 0
1259 0
0 0
1261 0
0 0
1263 1265
1264 0
0 0
1266 1268
1267 0
0 0
0 0
1270 1280
1271 1276
1272 1273
0 0
1274 0
1275 0
0 0
1277 1278
0 0
1279 0
0 0
1281 1282
0 0
1283 0
0 0
1285 1344
1286 1309
1287 1305
1288 1297
1289 1296
1290 1292
1291 0
0 0
1293 0
1294 1295
0 0
0 0
0 0
1298 1300
1299 0
0 0
1301 1304
1302 1303
0 0
0 0
0 0
1306 1307
0 0
1308 0
0 0
1310 1321
1311 1317
1312 1315
1313 1314
0 0
0 0
1316 0
0 0
1318 1320
1319 0
0 0
0 0
1322 1343
1323 1331
1324 1329
1325 1327
1326 0
0 0
1328 0
0 0
1330 0
0 0
1332 1334
1333 0
0 0
1335 1342
1336 1341
1337 0
1338 1340
1339 0
0 0
0 0
0 0
0 0
0 0
1345 1350
1346 0
1347 0
1348 0
1349 0
0 0
1351 1356
1352 1354
1353 0
0 0
1355 0
0 0
1357 0
0 0
1359 4994
1360 1624
1361 1399
1362 1378
1363 1375
1364 1368
1365 1366
0 0
1367 0
0 0
1369 1373
1370 0
1371 1372
0 0
0 0
1374 0
0 0
1376 0
1377 0
0 0
1379 1383
1380 1382
1381 0
0 0
0 0
1384 1393
1385 1391
1386 1390
1387 1389
1388 0
0 0
0 0
0 0
1392 0
0 0
1394 1396
1395 0
0 0
1397 0
1398 0
0 0
1400 1607
1401 1562
1402 1486
1403 1422
1404 1405
0 0
1406 1417
1407 1408
0 0
1409 1415
1410 1414
1411 1412
0 0
1413 0
0 0
0 0
1416 0
0 0
1418 1421
1419 0
1420 0
0 0
0 0
1423 1481
1424 1442
1425 1435
1426 1429
1427 0
1428 0
0 0
1430 1433
1431 1432
0 0
0 0
1434 0
0 0
1436 1438
1437 0
0 0
1439 1440
0 0
1441 0
0 0
1443 1447
1444 1446
1445 0
0 0
0 0
1448 1453
1449 0
1450 1451
0 0
1452 0
0 0
1454 1468
1455 1457
1456 0
0 0
1458 1465
1459 1462
1460 0
1461 0
0 0
1463 1464
0 0
0 0
1466 1467
0 0
0 0
1469 1473
1470 0
1471 1472
0 0
0 0
1474 0
1475 0
1476 1479
1477 1478
0 0
0 0
1480 0
0 0
1482 0
1483 0
1484 0
1485 0
0 0
1487 1502
1488 1497
1489 1494
1490 1492
1491 0
0 0
1493 0
0 0
1495 1496
0 0
0 0
1498 1501
1499 0
1500 0
0 0
0 0
1503 1509
1504 1508
1505 1507
1506 0
0 0
0 0
0 0
1510 1515
1511 0
1512 0
1513 1514
0 0
0 0
1516 1551
1517 1547
1518 1544
1519 1524
1520 1521
0 0
1522 0
1523 0
0 0
1525 1543
1526 1536
1527 1532
1528 0
1529 1531
1530 0
0 0
0 0
1533 0
1534 0
1535 0
0 0
1537 1539
1538 0
0 0
1540 0
1541 0
1542 0
0 0
0 0
1545 0
1546 0
0 0
1548 1549
0 0
1550 0
0 0
1552 1560
1553 1557
1554 1555
0 0
1556 0
0 0
1558 1559
0 0
0 0
1561 0
0 0
1563 1600
1564 1585
1565 1583
1566 1572
1567 1571
1568 1570
1569 0
0 0
0 0
0 0
1573 1580
1574 1578
1575 1577
1576 0
0 0
0 0
1579 0
0 0
1581 0
1582 0
0 0
1584 0
0 0
1586 1588
1587 0
0 0
1589 1590
0 0
1591 0
1592 1598
1593 1597
1594 1596
1595 0
0 0
0 0
0 0
1599 0
0 0
1601 1606
1602 0
1603 1605
1604 0
0 0
0 0
0 0
1608 1617
1609 1613
1610 1612
1611 0
0 0
0 0
1614 0
1615 1616
0 0
0 0
1618 1620
1619 0
0 0
1621 0
1622 1623
0 0
0 0
1625 2180
1626 1823
1627 1744
1628 1660
1629 1654
1630 0
1631 1648
1632 1633
0 0
1634 1638
1635 0
1636 0
1637 0
0 0
1639 1647
1640 0
1641 1646
1642 1643
0 0
1644 1645
0 0
0 0
0 0
0 0
1649 1651
1650 0
0 0
1652 1653
0 0
0 0
1655 1658
1656 0
1657 0
0 0
1659 0
0 0
1661 1670
1662 1665
1663 1664
0 0
0 0
1666 1669
1667 0
1668 0
0 0
0 0
1671 0
1672 1741
1673 1682
1674 1678
1675 0
1676 0
1677 0
0 0
1679 0
1680 0
1681 0
0 0
1683 1688
1684 1687
1685 0
1686 0
0 0
0 0
1689 1703
1690 1691
0 0
1692 1693
0 0
1694 1702
1695 1701
1696 1698
1697 0
0 0
1699 0
1700 0
0 0
0 0
0 0
1704 1737
1705 1708
1706 1707
0 0
0 0
1709 1716
1710 1713
1711 0
1712 0
0 0
1714 0
1715 0
0 0
1717 1725
1718 1719
0 0
1720 1723
1721 0
1722 0
0 0
1724 0
0 0
1726 1733
1727 1728
0 0
1729 1732
1730 1731
0 0
0 0
0 0
1734 1735
0 0
1736 0
0 0
1738 1739
0 0
1740 0
0 0
1742 0
1743 0
0 0
1745 1786
1746 1747
0 0
1748 1780
1749 1754
1750 1752
1751 0
0 0
1753 0
0 0
1755 1766
1756 0
1757 1765
1758 1760
1759 0
0 0
1761 1764
1762 0
1763 0
0 0
0 0
0 0
1767 1777
1768 1773
1769 1772
1770 0
1771 0
0 0
0 0
1774 1775
0 0
1776 0
0 0
1778 1779
0 0
0 0
1781 0
1782 1783
0 0
1784 1785
0 0
0 0
1787 1812
1788 1804
1789 1803
1790 1798
1791 1792
0 0
1793 0
1794 1797
1795 1796
0 0
0 0
0 0
1799 1800
0 0
1801 0
1802 0
0 0
0 0
1805 1809
1806 0
1807 1808
0 0
0 0
1810 0
1811 0
0 0
1813 1816
1814 1815
0 0
0 0
1817 1821
1818 0
1819 1820
0 0
0 0
1822 0
0 0
1824 2167
1825 1842
1826 1831
1827 1828
0 0
1829 0
1830 0
0 0
1832 1833
0 0
1834 1837
1835 1836
0 0
0 0
1838 1841
1839 1840
0 0
0 0
0 0
1843 2021
1844 1936
1845 1927
1846 1866
1847 1853
1848 0
1849 1851
1850 0
0 0
1852 0
0 0
1854 1862
1855 0
1856 1860
1857 0
1858 0
1859 0
0 0
1861 0
0 0
1863 0
1864 1865
0 0
0 0
1867 1910
1868 1884
1869 1883
1870 1874
1871 1872
0 0
1873 0
0 0
1875 1878
1876 1877
0 0
0 0
1879 1880
0 0
1881 0
1882 0
0 0
0 0
1885 1903
1886 1902
1887 1898
1888 1892
1889 1890
0 0
1891 0
0 0
1893 1894
0 0
1895 1896
0 0
1897 0
0 0
1899 1900
0 0
1901 0
0 0
0 0
1904 1907
1905 0
1906 0
0 0
1908 1909
0 0
0 0
1911 1914
1912 1913
0 0
0 0
1915 0
1916 1922
1917 1919
1918 0
0 0
1920 1921
0 0
0 0
1923 1926
1924 0
1925 0
0 0
0 0
1928 1934
1929 0
1930 1931
0 0
1932 0
1933 0
0 0
1935 0
0 0
1937 2012
1938 1949
1939 1940
0 0
1941 1947
1942 1944
1943 0
0 0
1945 0
1946 0
0 0
1948 0
0 0
1950 1953
1951 0
1952 0
0 0
1954 1963
1955 1957
1956 0
0 0
1958 0
1959 1962
1960 1961
0 0
0 0
0 0
1964 1974
1965 1967
1966 0
0 0
1968 1973
1969 1972
1970 0
1971 0
0 0
0 0
0 0
1975 1987
1976 1981
1977 0
1978 0
1979 0
1980 0
0 0
1982 1985
1983 1984
0 0
0 0
1986 0
0 0
1988 1994
1989 1993
1990 0
1991 0
1992 0
0 0
0 0
1995 2005
1996 1998
1997 0
0 0
1999 2003
2000 2002
2001 0
0 0
0 0
2004 0
0 0
2006 2007
0 0
2008 2009
0 0
2010 0
2011 0
0 0
2013 2020
2014 2015
0 0
2016 0
2017 0
2018 0
2019 0
0 0
0 0
2022 2083
2023 2054
2024 2028
2025 2026
0 0
2027 0
0 0
2029 2053
2030 2036
2031 0
2032 2033
0 0
2034 0
2035 0
0 0
2037 2040
2038 2039
0 0
0 0
2041 2049
2042 2048
2043 0
2044 2045
0 0
2046 2047
0 0
0 0
0 0
2050 0
2051 2052
0 0
0 0
0 0
2055 2067
2056 2058
2057 0
0 0
2059 2062
2060 0
2061 0
0 0
2063 2066
2064 2065
0 0
0 0
0 0
2068 2072
2069 2070
0 0
2071 0
0 0
2073 2075
2074 0
0 0
2076 2082
2077 2079
2078 0
0 0
2080 2081
0 0
0 0
0 0
2084 2147
2085 2112
2086 2088
2087 0
0 0
2089 2107
2090 2101
2091 2096
2092 2094
2093 0
0 0
2095 0
0 0
2097 2100
2098 2099
0 0
0 0
0 0
2102 2104
2103 0
0 0
2105 2106
0 0
0 0
2108 2111
2109 2110
0 0
0 0
0 0
2113 2133
2114 2131
2115 2118
2116 2117
0 0
0 0
2119 2127
2120 2123
2121 0
2122 0
0 0
2124 0
2125 0
2126 0
0 0
2128 0
2129 2130
0 0
0 0
2132 0
0 0
2134 2139
2135 2137
2136 0
0 0
2138 0
0 0
2140 2145
2141 2142
0 0
2143 0
2144 0
0 0
2146 0
0 0
2148 2159
2149 2152
2150 0
2151 0
0 0
2153 2155
2154 0
0 0
2156 0
2157 2158
0 0
0 0
2160 2165
2161 2162
0 0
2163 2164
0 0
0 0
2166 0
0 0
2168 2172
2169 2171
2170 0
0 0
0 0
2173 2179
2174 2175
0 0
2176 0
2177 2178
0 0
0 0
0 0
2181 4183
2182 2739
2183 2247
2184 2225
2185 2221
2186 2206
2187 2188
0 0
2189 2195
2190 2194
2191 0
2192 0
2193 0
0 0
0 0
2196 2199
2197 2198
0 0
0 0
2200 0
2201 2203
2202 0
0 0
2204 2205
0 0
0 0
2207 2208
0 0
2209 2214
2210 2212
2211 0
0 0
2213 0
0 0
2215 0
2216 2219
2217 0
2218 0
0 0
2220 0
0 0
2222 0
2223 0
2224 0
0 0
2226 0
2227 2235
2228 2233
2229 2232
2230 0
2231 0
0 0
0 0
2234 0
0 0
2236 2245
2237 2244
2238 2243
2239 2241
2240 0
0 0
2242 0
0 0
0 0
0 0
2246 0
0 0
2248 2566
2249 2526
2250 2266
2251 2258
2252 2256
2253 0
2254 0
2255 0
0 0
2257 0
0 0
2259 2265
2260 2261
0 0
2262 2264
2263 0
0 0
0 0
0 0
2267 2286
2268 2279
2269 2274
2270 2271
0 0
2272 2273
0 0
0 0
2275 2276
0 0
2277 0
2278 0
0 0
2280 2281
0 0
2282 2284
2283 0
0 0
2285 0
0 0
2287 2310
2288 2292
2289 0
2290 0
2291 0
0 0
2293 2309
2294 2295
0 0
2296 2299
2297 2298
0 0
0 0
2300 2301
0 0
2302 0
2303 2308
2304 2307
2305 0
2306 0
0 0
0 0
0 0
0 0
2311 2427
2312 2335
2313 2330
2314 2325
2315 2324
2316 2317
0 0
2318 2319
0 0
2320 0
2321 0
2322 0
2323 0
0 0
0 0
2326 2327
0 0
2328 0
2329 0
0 0
2331 0
2332 2334
2333 0
0 0
0 0
2336 2372
2337 2361
2338 2346
2339 2340
0 0
2341 2343
2342 0
0 0
2344 2345
0 0
0 0
2347 2355
2348 0
2349 2350
0 0
2351 0
2352 0
2353 2354
0 0
0 0
2356 2357
0 0
2358 2359
0 0
2360 0
0 0
2362 2365
2363 2364
0 0
0 0
2366 0
2367 2371
2368 0
2369 2370
0 0
0 0
0 0
2373 2389
2374 2386
2375 2377
2376 0
0 0
2378 2379
0 0
2380 0
2381 2384
2382 2383
0 0
0 0
2385 0
0 0
2387 2388
0 0
0 0
2390 2413
2391 0
2392 2406
2393 2395
2394 0
0 0
2396 2398
2397 0
0 0
2399 2403
2400 0
2401 0
2402 0
0 0
2404 0
2405 0
0 0
2407 0
2408 2411
2409 2410
0 0
0 0
2412 0
0 0
2414 2424
2415 0
2416 2422
2417 2421
2418 2419
0 0
2420 0
0 0
0 0
2423 0
0 0
2425 0
2426 0
0 0
2428 2433
2429 2431
2430 0
0 0
2432 0
0 0
2434 2522
2435 2513
2436 2489
2437 2471
2438 2452
2439 2448
2440 2445
2441 2443
2442 0
0 0
2444 0
0 0
2446 2447
0 0
0 0
2449 2451
2450 0
0 0
0 0
2453 2454
0 0
2455 2461
2456 2459
2457 2458
0 0
0 0
2460 0
0 0
2462 0
2463 2468
2464 0
2465 2466
0 0
2467 0
0 0
2469 0
2470 0
0 0
2472 2487
2473 2478
2474 2475
0 0
2476 0
2477 0
0 0
2479 2485
2480 2482
2481 0
0 0
2483 2484
0 0
0 0
2486 0
0 0
2488 0
0 0
2490 2509
2491 2494
2492 0
2493 0
0 0
2495 2504
2496 2503
2497 2498
0 0
2499 2502
2500 0
2501 0
0 0
0 0
0 0
2505 2508
2506 0
2507 0
0 0
0 0
2510 2512
2511 0
0 0
0 0
2514 2516
2515 0
0 0
2517 0
2518 2521
2519 0
2520 0
0 0
0 0
2523 2524
0 0
2525 0
0 0
2527 2534
2528 2529
0 0
2530 2532
2531 0
0 0
2533 0
0 0
2535 2551
2536 2549
2537 2539
2538 0
0 0
2540 2544
2541 2542
0 0
2543 0
0 0
2545 2546
0 0
2547 2548
0 0
0 0
2550 0
0 0
2552 2554
2553 0
0 0
2555 2558
2556 2557
0 0
0 0
2559 2561
2560 0
0 0
2562 2563
0 0
2564 2565
0 0
0 0
2567 2640
2568 2608
2569 2576
2570 2571
0 0
2572 2573
0 0
2574 0
2575 0
0 0
2577 2605
2578 2591
2579 2587
2580 2583
2581 0
2582 0
0 0
2584 2586
2585 0
0 0
0 0
2588 0
2589 0
2590 0
0 0
2592 0
2593 2598
2594 2596
2595 0
0 0
2597 0
0 0
2599 0
2600 2602
2601 0
0 0
2603 0
2604 0
0 0
2606 0
2607 0
0 0
2609 2613
2610 0
2611 2612
0 0
0 0
2614 0
2615 2629
2616 2619
2617 2618
0 0
0 0
2620 2624
2621 0
2622 2623
0 0
0 0
2625 2627
2626 0
0 0
2628 0
0 0
2630 2639
2631 2636
2632 2635
2633 0
2634 0
0 0
0 0
2637 2638
0 0
0 0
0 0
2641 2686
2642 2665
2643 2644
0 0
2645 2654
2646 2651
2647 2649
2648 0
0 0
2650 0
0 0
2652 0
2653 0
0 0
2655 2657
2656 0
0 0
2658 2662
2659 0
2660 0
2661 0
0 0
2663 0
2664 0
0 0
2666 2684
2667 0
2668 2682
2669 2676
2670 2673
2671 2672
0 0
0 0
2674 0
2675 0
0 0
2677 2681
2678 0
2679 0
2680 0
0 0
0 0
2683 0
0 0
2685 0
0 0
2687 2711
2688 2690
2689 0
0 0
2691 2708
2692 2703
2693 2700
2694 2697
2695 2696
0 0
0 0
2698 2699
0 0
0 0
2701 0
2702 0
0 0
2704 2705
0 0
2706 2707
0 0
0 0
2709 2710
0 0
0 0
2712 2717
2713 0
2714 0
2715 2716
0 0
0 0
2718 2726
2719 2724
2720 2723
2721 2722
0 0
0 0
0 0
2725 0
0 0
2727 2736
2728 2733
2729 2731
2730 0
0 0
2732 0
0 0
2734 0
2735 0
0 0
2737 0
2738 0
0 0
2740 3533
2741 3069
2742 2809
2743 2792
2744 2747
2745 0
2746 0
0 0
2748 2749
0 0
2750 2785
2751 2755
2752 2753
0 0
2754 0
0 0
2756 2777
2757 2766
2758 2764
2759 2761
2760 0
0 0
2762 0
2763 0
0 0
2765 0
0 0
2767 2772
2768 2770
2769 0
0 0
2771 0
0 0
2773 2775
2774 0
0 0
2776 0
0 0
2778 2779
0 0
2780 2784
2781 2782
0 0
2783 0
0 0
0 0
2786 2791
2787 2790
2788 0
2789 0
0 0
0 0
0 0
2793 2803
2794 2798
2795 2796
0 0
2797 0
0 0
2799 2800
0 0
2801 0
2802 0
0 0
2804 2805
0 0
2806 0
2807 0
2808 0
0 0
2810 2896
2811 2820
2812 2816
2813 2814
0 0
2815 0
0 0
2817 2818
0 0
2819 0
0 0
2821 2874
2822 2839
2823 2833
2824 2829
2825 2826
0 0
2827 2828
0 0
0 0
2830 0
2831 0
2832 0
0 0
2834 2835
0 0
2836 2837
0 0
2838 0
0 0
2840 2873
2841 2858
2842 2854
2843 2851
2844 0
2845 2848
2846 2847
0 0
0 0
2849 0
2850 0
0 0
2852 2853
0 0
0 0
2855 2856
0 0
2857 0
0 0
2859 2870
2860 2865
2861 2862
0 0
2863 0
2864 0
0 0
2866 0
2867 2868
0 0
2869 0
0 0
2871 0
2872 0
0 0
0 0
2875 0
2876 2879
2877 0
2878 0
0 0
2880 2894
2881 2887
2882 2883
0 0
2884 2886
2885 0
0 0
0 0
2888 2890
2889 0
0 0
2891 2892
0 0
2893 0
0 0
2895 0
0 0
2897 2980
2898 2969
2899 2923
2900 2904
2901 2903
2902 0
0 0
0 0
2905 2913
2906 2910
2907 2909
2908 0
0 0
0 0
2911 2912
0 0
0 0
2914 2920
2915 0
2916 0
2917 0
2918 2919
0 0
0 0
2921 0
2922 0
0 0
2924 2959
2925 2939
2926 2932
2927 2931
2928 2930
2929 0
0 0
0 0
0 0
2933 2934
0 0
2935 2937
2936 0
0 0
2938 0
0 0
2940 2944
2941 2942
0 0
2943 0
0 0
2945 2956
2946 2947
0 0
2948 0
2949 2951
2950 0
0 0
2952 2954
2953 0
0 0
2955 0
0 0
2957 0
2958 0
0 0
2960 2963
2961 2962
0 0
0 0
2964 0
2965 2966
0 0
2967 2968
0 0
0 0
2970 2979
2971 2976
2972 2974
2973 0
0 0
2975 0
0 0
2977 2978
0 0
0 0
0 0
2981 3062
2982 3014
2983 2986
2984 0
2985 0
0 0
2987 2988
0 0
2989 2996
2990 2994
2991 2993
2992 0
0 0
0 0
2995 0
0 0
2997 3001
2998 0
2999 3000
0 0
0 0
3002 3011
3003 3007
3004 0
3005 3006
0 0
0 0
3008 0
3009 0
3010 0
0 0
3012 3013
0 0
0 0
3015 3026
3016 3019
3017 0
3018 0
0 0
3020 3024
3021 3023
3022 0
0 0
0 0
3025 0
0 0
3027 3041
3028 3039
3029 3034
3030 0
3031 0
3032 3033
0 0
0 0
3035 3036
0 0
3037 3038
0 0
0 0
3040 0
0 0
3042 3051
3043 3046
3044 3045
0 0
0 0
3047 3048
0 0
3049 0
3050 0
0 0
3052 3057
3053 0
3054 3055
0 0
3056 0
0 0
3058 3060
3059 0
0 0
3061 0
0 0
3063 3068
3064 3067
3065 0
3066 0
0 0
0 0
0 0
3070 3479
3071 3339
3072 3079
3073 3075
3074 0
0 0
3076 0
3077 0
3078 0
0 0
3080 3100
3081 3098
3082 3088
3083 3087
3084 0
3085 3086
0 0
0 0
0 0
3089 3092
3090 0
3091 0
0 0
3093 0
3094 3095
0 0
3096 3097
0 0
0 0
3099 0
0 0
3101 3301
3102 3137
3103 3105
3104 0
0 0
3106 3136
3107 3118
3108 0
3109 3112
3110 3111
0 0
0 0
3113 0
3114 3117
3115 0
3116 0
0 0
0 0
3119 3132
3120 3124
3121 3122
0 0
3123 0
0 0
3125 3126
0 0
3127 3131
3128 0
3129 3130
0 0
0 0
0 0
3133 3135
3134 0
0 0
0 0
0 0
3138 3222
3139 3191
3140 3180
3141 3165
3142 0
3143 3155
3144 3145
0 0
3146 3149
3147 3148
0 0
0 0
3150 3151
0 0
3152 3154
3153 0
0 0
0 0
3156 3161
3157 3159
3158 0
0 0
3160 0
0 0
3162 3163
0 0
3164 0
0 0
3166 3179
3167 3175
3168 3171
3169 3170
0 0
0 0
3172 0
3173 3174
0 0
0 0
3176 3177
0 0
3178 0
0 0
0 0
3181 3186
3182 3185
3183 0
3184 0
0 0
0 0
3187 3190
3188 3189
0 0
0 0
0 0
3192 3213
3193 3195
3194 0
0 0
3196 3202
3197 3199
3198 0
0 0
3200 0
3201 0
0 0
3203 3206
3204 0
3205 0
0 0
3207 3210
3208 0
3209 0
0 0
3211 0
3212 0
0 0
3214 0
3215 3218
3216 3217
0 0
0 0
3219 0
3220 0
3221 0
0 0
3223 3285
3224 3259
3225 3229
3226 3227
0 0
3228 0
0 0
3230 3240
3231 0
3232 3234
3233 0
0 0
3235 3238
3236 3237
0 0
0 0
3239 0
0 0
3241 3252
3242 3243
0 0
3244 3247
3245 0
3246 0
0 0
3248 0
3249 3251
3250 0
0 0
0 0
3253 0
3254 3257
3255 0
3256 0
0 0
3258 0
0 0
3260 3263
3261 0
3262 0
0 0
3264 3269
3265 3266
0 0
3267 3268
0 0
0 0
3270 3280
3271 3279
3272 3275
3273 0
3274 0
0 0
3276 0
3277 0
3278 0
0 0
0 0
3281 3282
0 0
3283 3284
0 0
0 0
3286 3287
0 0
3288 3295
3289 3294
3290 3291
0 0
3292 0
3293 0
0 0
0 0
3296 3300
3297 3299
3298 0
0 0
0 0
0 0
3302 3334
3303 3324
3304 3317
3305 3311
3306 3308
3307 0
0 0
3309 3310
0 0
0 0
3312 3316
3313 3314
0 0
3315 0
0 0
0 0
3318 3323
3319 0
3320 3321
0 0
3322 0
0 0
0 0
3325 3328
3326 3327
0 0
0 0
3329 0
3330 0
3331 0
3332 3333
0 0
0 0
3335 3336
0 0
3337 0
3338 0
0 0
3340 3373
3341 3370
3342 3354
3343 3350
3344 0
3345 3347
3346 0
0 0
3348 0
3349 0
0 0
3351 0
3352 0
3353 0
0 0
3355 3364
3356 3362
3357 3359
3358 0
0 0
3360 3361
0 0
0 0
3363 0
0 0
3365 3366
0 0
3367 0
3368 0
3369 0
0 0
3371 3372
0 0
0 0
3374 3475
3375 3417
3376 3403
3377 3391
3378 3383
3379 3381
3380 0
0 0
3382 0
0 0
3384 3389
3385 3387
3386 0
0 0
3388 0
0 0
3390 0
0 0
3392 3400
3393 3398
3394 3396
3395 0
0 0
3397 0
0 0
3399 0
0 0
3401 3402
0 0
0 0
3404 3413
3405 3409
3406 0
3407 3408
0 0
0 0
3410 3411
0 0
3412 0
0 0
3414 3416
3415 0
0 0
0 0
3418 3457
3419 3449
3420 0
3421 3424
3422 0
3423 0
0 0
3425 3435
3426 3428
3427 0
0 0
3429 3430
0 0
3431 3434
3432 3433
0 0
0 0
0 0
3436 3439
3437 3438
0 0
0 0
3440 3447
3441 3442
0 0
3443 3446
3444 3445
0 0
0 0
0 0
3448 0
0 0
3450 3451
0 0
3452 3456
3453 3455
3454 0
0 0
0 0
0 0
3458 3473
3459 3466
3460 3463
3461 3462
0 0
0 0
3464 0
3465 0
0 0
3467 3469
3468 0
0 0
3470 0
3471 3472
0 0
0 0
3474 0
0 0
3476 3477
0 0
3478 0
0 0
3480 3486
3481 0
3482 3484
3483 0
0 0
3485 0
0 0
3487 3505
3488 3501
3489 3492
3490 0
3491 0
0 0
3493 3495
3494 0
0 0
3496 3497
0 0
3498 0
3499 3500
0 0
0 0
3502 0
3503 3504
0 0
0 0
3506 3508
3507 0
0 0
3509 3530
3510 3515
3511 3512
0 0
3513 3514
0 0
0 0
3516 3528
3517 3520
3518 3519
0 0
0 0
3521 3524
3522 3523
0 0
0 0
3525 3526
0 0
3527 0
0 0
3529 0
0 0
3531 3532
0 0
0 0
3534 3864
3535 3800
3536 3669
3537 3583
3538 3564
3539 3557
3540 3541
0 0
3542 3548
3543 3545
3544 0
0 0
3546 3547
0 0
0 0
3549 3553
3550 3551
0 0
3552 0
0 0
3554 0
3555 3556
0 0
0 0
3558 0
3559 0
3560 3561
0 0
3562 3563
0 0
0 0
3565 3573
3566 3568
3567 0
0 0
3569 0
3570 3572
3571 0
0 0
0 0
3574 3578
3575 3577
3576 0
0 0
0 0
3579 0
3580 3582
3581 0
0 0
0 0
3584 3649
3585 3644
3586 3626
3587 3597
3588 3595
3589 3593
3590 3592
3591 0
0 0
0 0
3594 0
0 0
3596 0
0 0
3598 3601
3599 0
3600 0
0 0
3602 3603
0 0
3604 3625
3605 3621
3606 3618
3607 3609
3608 0
0 0
3610 0
3611 3617
3612 3614
3613 0
0 0
3615 0
3616 0
0 0
0 0
3619 3620
0 0
0 0
3622 0
3623 0
3624 0
0 0
0 0
3627 0
3628 3636
3629 3631
3630 0
0 0
3632 3633
0 0
3634 0
3635 0
0 0
3637 3642
3638 3639
0 0
3640 3641
0 0
0 0
3643 0
0 0
3645 3647
3646 0
0 0
3648 0
0 0
3650 3658
3651 3657
3652 3654
3653 0
0 0
3655 3656
0 0
0 0
0 0
3659 3661
3660 0
0 0
3662 3668
3663 3664
0 0
3665 0
3666 0
3667 0
0 0
0 0
3670 3708
3671 3689
3672 3684
3673 3676
3674 0
3675 0
0 0
3677 3681
3678 0
3679 0
3680 0
0 0
3682 3683
0 0
0 0
3685 3688
3686 0
3687 0
0 0
0 0
3690 3704
3691 3698
3692 0
3693 3695
3694 0
0 0
3696 3697
0 0
0 0
3699 0
3700 3702
3701 0
0 0
3703 0
0 0
3705 3706
0 0
3707 0
0 0
3709 3753
3710 3728
3711 0
3712 3721
3713 3714
0 0
3715 3717
3716 0
0 0
3718 3719
0 0
3720 0
0 0
3722 3726
3723 3725
3724 0
0 0
0 0
3727 0
0 0
3729 3739
3730 3733
3731 0
3732 0
0 0
3734 0
3735 3737
3736 0
0 0
3738 0
0 0
3740 3745
3741 3742
0 0
3743 0
3744 0
0 0
3746 0
3747 3748
0 0
3749 0
3750 3752
3751 0
0 0
0 0
3754 3794
3755 3766
3756 3765
3757 3763
3758 0
3759 0
3760 3762
3761 0
0 0
0 0
3764 0
0 0
0 0
3767 3793
3768 3780
3769 3771
3770 0
0 0
3772 3778
3773 3775
3774 0
0 0
3776 3777
0 0
0 0
3779 0
0 0
3781 3784
3782 0
3783 0
0 0
3785 3789
3786 0
3787 0
3788 0
0 0
3790 3792
3791 0
0 0
0 0
0 0
3795 3798
3796 0
3797 0
0 0
3799 0
0 0
3801 3849
3802 3813
3803 3804
0 0
3805 3810
3806 3809
3807 3808
0 0
0 0
0 0
3811 3812
0 0
0 0
3814 3831
3815 3816
0 0
3817 3824
3818 3821
3819 3820
0 0
0 0
3822 3823
0 0
0 0
3825 3830
3826 3829
3827 3828
0 0
0 0
0 0
0 0
3832 3834
3833 0
0 0
3835 3840
3836 0
3837 3839
3838 0
0 0
0 0
3841 3845
3842 0
3843 3844
0 0
0 0
3846 3847
0 0
3848 0
0 0
3850 3852
3851 0
0 0
3853 3856
3854 3855
0 0
0 0
3857 3858
0 0
3859 3861
3860 0
0 0
3862 0
3863 0
0 0
3865 3904
3866 3893
3867 3880
3868 3875
3869 3870
0 0
3871 3872
0 0
3873 0
3874 0
0 0
3876 3878
3877 0
0 0
3879 0
0 0
3881 3882
0 0
3883 3891
3884 3889
3885 3886
0 0
3887 3888
0 0
0 0
3890 0
0 0
3892 0
0 0
3894 3896
3895 0
0 0
3897 3899
3898 0
0 0
3900 0
3901 3903
3902 0
0 0
0 0
3905 3939
3906 3937
3907 3914
3908 3909
0 0
3910 3913
3911 3912
0 0
0 0
0 0
3915 3921
3916 3917
0 0
3918 3920
3919 0
0 0
0 0
3922 3927
3923 3926
3924 3925
0 0
0 0
0 0
3928 3929
0 0
3930 3935
3931 3934
3932 3933
0 0
0 0
0 0
3936 0
0 0
3938 0
0 0
3940 4061
3941 3969
3942 0
3943 3959
3944 3951
3945 3946
0 0
3947 3948
0 0
3949 3950
0 0
0 0
3952 3956
3953 3954
0 0
3955 0
0 0
3957 0
3958 0
0 0
3960 3961
0 0
3962 3964
3963 0
0 0
3965 3968
3966 0
3967 0
0 0
0 0
3970 3986
3971 3981
3972 3974
3973 0
0 0
3975 3976
0 0
3977 3980
3978 3979
0 0
0 0
0 0
3982 3983
0 0
3984 3985
0 0
0 0
3987 3992
3988 3991
3989 0
3990 0
0 0
0 0
3993 4009
3994 4002
3995 4000
3996 0
3997 3998
0 0
3999 0
0 0
4001 0
0 0
4003 4004
0 0
4005 4007
4006 0
0 0
4008 0
0 0
4010 4015
4011 4013
4012 0
0 0
4014 0
0 0
4016 4054
4017 4050
4018 4025
4019 4021
4020 0
0 0
4022 4024
4023 0
0 0
0 0
4026 4033
4027 4032
4028 4029
0 0
4030 0
4031 0
0 0
0 0
4034 4038
4035 0
4036 0
4037 0
0 0
4039 4046
4040 4041
0 0
4042 0
4043 0
4044 0
4045 0
0 0
4047 4048
0 0
4049 0
0 0
4051 4052
0 0
4053 0
0 0
4055 4057
4056 0
0 0
4058 0
4059 0
4060 0
0 0
4062 4134
4063 4078
4064 4069
4065 4067
4066 0
0 0
4068 0
0 0
4070 4071
0 0
4072 4076
4073 4074
0 0
4075 0
0 0
4077 0
0 0
4079 4125
4080 4102
4081 4091
4082 4088
4083 4085
4084 0
0 0
4086 0
4087 0
0 0
4089 0
4090 0
0 0
4092 4101
4093 4098
4094 4097
4095 0
4096 0
0 0
0 0
4099 0
4100 0
0 0
0 0
4103 0
4104 4118
4105 4116
4106 0
4107 4113
4108 4110
4109 0
0 0
4111 4112
0 0
0 0
4114 0
4115 0
0 0
4117 0
0 0
4119 4122
4120 4121
0 0
0 0
4123 4124
0 0
0 0
4126 4131
4127 4128
0 0
4129 0
4130 0
0 0
4132 0
4133 0
0 0
4135 4177
4136 4165
4137 4163
4138 4157
4139 4151
4140 4148
4141 4142
0 0
4143 4146
4144 4145
0 0
0 0
4147 0
0 0
4149 4150
0 0
0 0
4152 4156
4153 0
4154 4155
0 0
0 0
0 0
4158 4160
4159 0
0 0
4161 0
4162 0
0 0
4164 0
0 0
4166 4172
4167 4171
4168 4170
4169 0
0 0
0 0
0 0
4173 0
4174 4176
4175 0
0 0
0 0
4178 4181
4179 4180
0 0
0 0
4182 0
0 0
4184 4554
4185 4284
4186 4239
4187 4220
4188 4195
4189 4193
4190 4192
4191 0
0 0
0 0
4194 0
0 0
4196 4209
4197 4198
0 0
4199 4200
0 0
4201 4205
4202 0
4203 0
4204 0
0 0
4206 4208
4207 0
0 0
0 0
4210 4218
4211 4216
4212 4215
4213 4214
0 0
0 0
0 0
4217 0
0 0
4219 0
0 0
4221 4237
4222 4229
4223 4226
4224 0
4225 0
0 0
4227 0
4228 0
0 0
4230 4234
4231 4233
4232 0
0 0
0 0
4235 4236
0 0
0 0
4238 0
0 0
4240 4281
4241 4267
4242 4261
4243 4253
4244 4245
0 0
4246 4247
0 0
4248 4249
0 0
4250 4251
0 0
4252 0
0 0
4254 4260
4255 4257
4256 0
0 0
4258 0
4259 0
0 0
0 0
4262 4266
4263 0
4264 0
4265 0
0 0
0 0
4268 4280
4269 4270
0 0
4271 4274
4272 0
4273 0
0 0
4275 4277
4276 0
0 0
4278 4279
0 0
0 0
0 0
4282 4283
0 0
0 0
4285 4523
4286 4302
4287 4291
4288 4290
4289 0
0 0
0 0
4292 4297
4293 4294
0 0
4295 0
4296 0
0 0
4298 4301
4299 0
4300 0
0 0
0 0
4303 4507
4304 4493
4305 4484
4306 4438
4307 4317
4308 4314
4309 4312
4310 4311
0 0
0 0
4313 0
0 0
4315 4316
0 0
0 0
4318 4331
4319 4330
4320 4328
4321 4326
4322 0
4323 4324
0 0
4325 0
0 0
4327 0
0 0
4329 0
0 0
0 0
4332 4365
4333 4354
4334 4346
4335 4338
4336 4337
0 0
0 0
4339 4344
4340 4341
0 0
4342 4343
0 0
0 0
4345 0
0 0
4347 4349
4348 0
0 0
4350 4351
0 0
4352 0
4353 0
0 0
4355 4361
4356 4359
4357 0
4358 0
0 0
4360 0
0 0
4362 4363
0 0
4364 0
0 0
4366 4381
4367 4376
4368 4373
4369 4371
4370 0
0 0
4372 0
0 0
4374 0
4375 0
0 0
4377 4378
0 0
4379 0
4380 0
0 0
4382 4401
4383 4393
4384 4388
4385 4387
4386 0
0 0
0 0
4389 4390
0 0
4391 4392
0 0
0 0
4394 4399
4395 4398
4396 0
4397 0
0 0
0 0
4400 0
0 0
4402 4435
4403 4408
4404 4406
4405 0
0 0
4407 0
0 0
4409 4417
4410 4416
4411 4415
4412 4413
0 0
4414 0
0 0
0 0
0 0
4418 4432
4419 4422
4420 4421
0 0
0 0
4423 4424
0 0
4425 4428
4426 4427
0 0
0 0
4429 0
4430 4431
0 0
0 0
4433 4434
0 0
0 0
4436 4437
0 0
0 0
4439 4472
4440 4443
4441 0
4442 0
0 0
4444 4448
4445 0
4446 0
4447 0
0 0
4449 4470
4450 4461
4451 4452
0 0
4453 4460
4454 4458
4455 0
4456 4457
0 0
0 0
4459 0
0 0
0 0
4462 4463
0 0
4464 4465
0 0
4466 4469
4467 4468
0 0
0 0
0 0
4471 0
0 0
4473 4478
4474 4477
4475 4476
0 0
0 0
0 0
4479 4482
4480 4481
0 0
0 0
4483 0
0 0
4485 0
4486 4489
4487 0
4488 0
0 0
4490 0
4491 0
4492 0
0 0
4494 4502
4495 4499
4496 4497
0 0
4498 0
0 0
4500 4501
0 0
0 0
4503 4505
4504 0
0 0
4506 0
0 0
4508 4515
4509 4512
4510 0
4511 0
0 0
4513 4514
0 0
0 0
4516 4519
4517 4518
0 0
0 0
4520 4521
0 0
4522 0
0 0
4524 4545
4525 4529
4526 4527
0 0
4528 0
0 0
4530 4537
4531 4536
4532 0
4533 4534
0 0
4535 0
0 0
0 0
4538 4542
4539 0
4540 4541
0 0
0 0
4543 4544
0 0
0 0
4546 4547
0 0
4548 4553
4549 4550
0 0
4551 4552
0 0
0 0
0 0
4555 4634
4556 4610
4557 4567
4558 0
4559 4564
4560 4561
0 0
4562 4563
0 0
0 0
4565 0
4566 0
0 0
4568 4608
4569 4590
4570 4589
4571 4583
4572 0
4573 4579
4574 4577
4575 4576
0 0
0 0
4578 0
0 0
4580 0
4581 4582
0 0
0 0
4584 4585
0 0
4586 4588
4587 0
0 0
0 0
0 0
4591 4603
4592 4599
4593 4595
4594 0
0 0
4596 4597
0 0
4598 0
0 0
4600 0
4601 4602
0 0
0 0
4604 4607
4605 4606
0 0
0 0
0 0
4609 0
0 0
4611 4613
4612 0
0 0
4614 4618
4615 4617
4616 0
0 0
0 0
4619 4620
0 0
4621 0
4622 4625
4623 0
4624 0
0 0
4626 0
4627 4630
4628 4629
0 0
0 0
4631 4633
4632 0
0 0
0 0
4635 4917
4636 4877
4637 4842
4638 4680
4639 4655
4640 4651
4641 4646
4642 4644
4643 0
0 0
4645 0
0 0
4647 4650
4648 0
4649 0
0 0
0 0
4652 4654
4653 0
0 0
0 0
4656 4659
4657 0
4658 0
0 0
4660 4663
4661 0
4662 0
0 0
4664 4666
4665 0
0 0
4667 4669
4668 0
0 0
4670 4675
4671 4674
4672 4673
0 0
0 0
0 0
4676 0
4677 4678
0 0
4679 0
0 0
4681 4768
4682 4730
4683 4697
4684 4692
4685 0
4686 4687
0 0
4688 4689
0 0
4690 4691
0 0
0 0
4693 4694
0 0
4695 4696
0 0
0 0
4698 4701
4699 0
4700 0
0 0
4702 4707
4703 4704
0 0
4705 0
4706 0
0 0
4708 4726
4709 4713
4710 4712
4711 0
0 0
0 0
4714 4722
4715 4719
4716 4718
4717 0
0 0
0 0
4720 4721
0 0
0 0
4723 4725
4724 0
0 0
0 0
4727 4728
0 0
4729 0
0 0
4731 4754
4732 4743
4733 4741
4734 0
4735 4736
0 0
4737 4739
4738 0
0 0
4740 0
0 0
4742 0
0 0
4744 4748
4745 4747
4746 0
0 0
0 0
4749 0
4750 4752
4751 0
0 0
4753 0
0 0
4755 4767
4756 4761
4757 0
4758 4760
4759 0
0 0
0 0
4762 0
4763 0
4764 4766
4765 0
0 0
0 0
0 0
4769 4835
4770 4790
4771 4776
4772 4774
4773 0
0 0
4775 0
0 0
4777 4788
4778 4785
4779 0
4780 4782
4781 0
0 0
4783 4784
0 0
0 0
4786 4787
0 0
0 0
4789 0
0 0
4791 4825
4792 4815
4793 4811
4794 4806
4795 4797
4796 0
0 0
4798 4802
4799 0
4800 4801
0 0
0 0
4803 0
4804 0
4805 0
0 0
4807 4810
4808 0
4809 0
0 0
0 0
4812 0
4813 4814
0 0
0 0
4816 4819
4817 0
4818 0
0 0
4820 0
4821 4824
4822 0
4823 0
0 0
0 0
4826 4829
4827 0
4828 0
0 0
4830 4831
0 0
4832 4833
0 0
4834 0
0 0
4836 4841
4837 4839
4838 0
0 0
4840 0
0 0
0 0
4843 4868
4844 4852
4845 4849
4846 4848
4847 0
0 0
0 0
4850 0
4851 0
0 0
4853 4856
4854 4855
0 0
0 0
4857 4859
4858 0
0 0
4860 4863
4861 0
4862 0
0 0
4864 0
4865 4866
0 0
4867 0
0 0
4869 4873
4870 4872
4871 0
0 0
0 0
4874 4875
0 0
4876 0
0 0
4878 4886
4879 4884
4880 4881
0 0
4882 0
4883 0
0 0
4885 0
0 0
4887 4894
4888 4892
4889 4890
0 0
4891 0
0 0
4893 0
0 0
4895 4902
4896 4897
0 0
4898 4901
4899 4900
0 0
0 0
0 0
4903 4904
0 0
4905 4907
4906 0
0 0
4908 4913
4909 0
4910 4912
4911 0
0 0
0 0
4914 4916
4915 0
0 0
0 0
4918 4959
4919 4931
4920 4921
0 0
4922 4923
0 0
4924 4928
4925 4926
0 0
4927 0
0 0
4929 4930
0 0
0 0
4932 4958
4933 4956
4934 4940
4935 0
4936 4937
0 0
4938 0
4939 0
0 0
4941 4950
4942 4948
4943 4947
4944 4945
0 0
4946 0
0 0
0 0
4949 0
0 0
4951 4955
4952 4954
4953 0
0 0
0 0
0 0
4957 0
0 0
0 0
4960 4980
4961 4963
4962 0
0 0
4964 4973
4965 4970
4966 0
4967 0
4968 4969
0 0
0 0
4971 0
4972 0
0 0
4974 4979
4975 0
4976 0
4977 4978
0 0
0 0
0 0
4981 4988
4982 4984
4983 0
0 0
4985 4986
0 0
4987 0
0 0
4989 4993
4990 4991
0 0
4992 0
0 0
0 0
4995 5455
4996 5020
4997 5016
4998 5003
4999 5002
5000 0
5001 0
0 0
0 0
5004 5010
5005 5009
5006 0
5007 0
5008 0
0 0
0 0
5011 5012
0 0
5013 5014
0 0
5015 0
0 0
5017 0
5018 0
5019 0
0 0
5021 5339
5022 5141
5023 5125
5024 5079
5025 5040
5026 5034
5027 5033
5028 5031
5029 0
5030 0
0 0
5032 0
0 0
0 0
5035 5039
5036 5037
0 0
5038 0
0 0
0 0
5041 0
5042 5043
0 0
5044 5070
5045 5066
5046 5050
5047 5049
5048 0
0 0
0 0
5051 5062
5052 5060
5053 5055
5054 0
0 0
5056 5058
5057 0
0 0
5059 0
0 0
5061 0
0 0
5063 5065
5064 0
0 0
0 0
5067 0
5068 5069
0 0
0 0
5071 5072
0 0
5073 5075
5074 0
0 0
5076 0
5077 5078
0 0
0 0
5080 0
5081 5104
5082 5093
5083 5088
5084 0
5085 0
5086 0
5087 0
0 0
5089 5091
5090 0
0 0
5092 0
0 0
5094 5099
5095 5098
5096 5097
0 0
0 0
0 0
5100 5101
0 0
5102 0
5103 0
0 0
5105 5107
5106 0
0 0
5108 5118
5109 5111
5110 0
0 0
5112 5116
5113 0
5114 5115
0 0
0 0
5117 0
0 0
5119 5121
5120 0
0 0
5122 5124
5123 0
0 0
0 0
5126 5128
5127 0
0 0
5129 5134
5130 5133
5131 0
5132 0
0 0
0 0
5135 5138
5136 5137
0 0
0 0
5139 0
5140 0
0 0
5142 5289
5143 5244
5144 5191
5145 5161
5146 5154
5147 5151
5148 5150
5149 0
0 0
0 0
5152 5153
0 0
0 0
5155 5159
5156 5157
0 0
5158 0
0 0
5160 0
0 0
5162 5182
5163 5180
5164 5170
5165 5169
5166 0
5167 5168
0 0
0 0
0 0
5171 5177
5172 5173
0 0
5174 0
5175 0
5176 0
0 0
5178 0
5179 0
0 0
5181 0
0 0
5183 5184
0 0
5185 5186
0 0
5187 5189
5188 0
0 0
5190 0
0 0
5192 5231
5193 5194
0 0
5195 5217
5196 0
5197 5199
5198 0
0 0
5200 5202
5201 0
0 0
5203 5210
5204 5206
5205 0
0 0
5207 5209
5208 0
0 0
0 0
5211 5212
0 0
5213 5215
5214 0
0 0
5216 0
0 0
5218 5229
5219 5225
5220 5221
0 0
5222 0
5223 0
5224 0
0 0
5226 5227
0 0
5228 0
0 0
5230 0
0 0
5232 5241
5233 5239
5234 5235
0 0
5236 5238
5237 0
0 0
0 0
5240 0
0 0
5242 0
5243 0
0 0
5245 5279
5246 5251
5247 5250
5248 5249
0 0
0 0
0 0
5252 5272
5253 5258
5254 0
5255 5256
0 0
5257 0
0 0
5259 5266
5260 0
5261 5263
5262 0
0 0
5264 0
5265 0
0 0
5267 0
5268 0
5269 5271
5270 0
0 0
0 0
5273 5275
5274 0
0 0
5276 5278
5277 0
0 0
0 0
5280 5283
5281 0
5282 0
0 0
5284 5288
5285 0
5286 5287
0 0
0 0
0 0
5290 5312
5291 5300
5292 5297
5293 0
5294 5296
5295 0
0 0
0 0
5298 5299
0 0
0 0
5301 5305
5302 5304
5303 0
0 0
0 0
5306 5308
5307 0
0 0
5309 5310
0 0
5311 0
0 0
5313 5327
5314 5320
5315 5319
5316 5318
5317 0
0 0
0 0
0 0
5321 5323
5322 0
0 0
5324 5326
5325 0
0 0
0 0
5328 5330
5329 0
0 0
5331 0
5332 5335
5333 0
5334 0
0 0
5336 0
5337 5338
0 0
0 0
5340 5440
5341 5435
5342 5388
5343 5363
5344 0
5345 0
5346 5351
5347 5350
5348 0
5349 0
0 0
0 0
5352 5356
5353 5354
0 0
5355 0
0 0
5357 5358
0 0
5359 5360
0 0
5361 5362
0 0
0 0
5364 5367
5365 0
5366 0
0 0
5368 5384
5369 0
5370 5371
0 0
5372 5378
5373 0
5374 5376
5375 0
0 0
5377 0
0 0
5379 5382
5380 5381
0 0
0 0
5383 0
0 0
5385 5387
5386 0
0 0
0 0
5389 5412
5390 5410
5391 5409
5392 5400
5393 5396
5394 5395
0 0
0 0
5397 5399
5398 0
0 0
0 0
5401 0
5402 5403
0 0
5404 5408
5405 0
5406 0
5407 0
0 0
0 0
0 0
5411 0
0 0
5413 5419
5414 0
5415 5416
0 0
5417 0
5418 0
0 0
5420 5423
5421 0
5422 0
0 0
5424 5434
5425 5428
5426 0
5427 0
0 0
5429 0
5430 5431
0 0
5432 5433
0 0
0 0
0 0
5436 5439
5437 0
5438 0
0 0
0 0
5441 5452
5442 5451
5443 5448
5444 5447
5445 5446
0 0
0 0
0 0
5449 0
5450 0
0 0
0 0
5453 5454
0 0
0 0
5456 6404
5457 5882
5458 5597
5459 5549
5460 5486
5461 5482
5462 5474
5463 5470
5464 5467
5465 0
5466 0
0 0
5468 5469
0 0
0 0
5471 5473
5472 0
0 0
0 0
5475 5478
5476 5477
0 0
0 0
5479 0
5480 5481
0 0
0 0
5483 5484
0 0
5485 0
0 0
5487 5504
5488 5493
5489 5492
5490 5491
0 0
0 0
0 0
5494 5501
5495 5500
5496 5497
0 0
5498 5499
0 0
0 0
0 0
5502 5503
0 0
0 0
5505 5529
5506 5526
5507 5520
5508 5510
5509 0
0 0
5511 5516
5512 0
5513 0
5514 0
5515 0
0 0
5517 5518
0 0
5519 0
0 0
5521 5522
0 0
5523 0
5524 5525
0 0
0 0
5527 5528
0 0
0 0
5530 5534
5531 5533
5532 0
0 0
0 0
5535 5542
5536 5540
5537 0
5538 0
5539 0
0 0
5541 0
0 0
5543 5546
5544 0
5545 0
0 0
5547 0
5548 0
0 0
5550 5589
5551 5569
5552 5561
5553 5554
0 0
5555 5559
5556 0
5557 0
5558 0
0 0
5560 0
0 0
5562 5568
5563 5567
5564 5565
0 0
5566 0
0 0
0 0
0 0
5570 5587
5571 5586
5572 5584
5573 5579
5574 5578
5575 5577
5576 0
0 0
0 0
0 0
5580 0
5581 0
5582 5583
0 0
0 0
5585 0
0 0
0 0
5588 0
0 0
5590 5592
5591 0
0 0
5593 5596
5594 5595
0 0
0 0
0 0
5598 5785
5599 5749
5600 5642
5601 5626
5602 5624
5603 5621
5604 5620
5605 0
5606 0
5607 5608
0 0
5609 0
5610 5619
5611 5616
5612 0
5613 5614
0 0
5615 0
0 0
5617 0
5618 0
0 0
0 0
0 0
5622 0
5623 0
0 0
5625 0
0 0
5627 5637
5628 5634
5629 5633
5630 0
5631 0
5632 0
0 0
0 0
5635 5636
0 0
0 0
5638 5640
5639 0
0 0
5641 0
0 0
5643 5731
5644 5726
5645 5675
5646 5664
5647 5657
5648 5652
5649 5650
0 0
5651 0
0 0
5653 5654
0 0
5655 0
5656 0
0 0
5658 5663
5659 0
5660 0
5661 0
5662 0
0 0
0 0
5665 5671
5666 5667
0 0
5668 5670
5669 0
0 0
0 0
5672 0
5673 5674
0 0
0 0
5676 5678
5677 0
0 0
5679 5708
5680 5700
5681 5687
5682 5685
5683 0
5684 0
0 0
5686 0
0 0
5688 5698
5689 5695
5690 5691
0 0
5692 5694
5693 0
0 0
0 0
5696 0
5697 0
0 0
5699 0
0 0
5701 5702
0 0
5703 5706
5704 5705
0 0
0 0
5707 0
0 0
5709 5713
5710 5712
5711 0
0 0
0 0
5714 5720
5715 0
5716 0
5717 5719
5718 0
0 0
0 0
5721 5722
0 0
5723 5725
5724 0
0 0
0 0
5727 5728
0 0
5729 5730
0 0
0 0
5732 5733
0 0
5734 5738
5735 5736
0 0
5737 0
0 0
5739 5747
5740 5743
5741 5742
0 0
0 0
5744 5746
5745 0
0 0
0 0
5748 0
0 0
5750 5760
5751 0
5752 5754
5753 0
0 0
5755 5756
0 0
5757 5758
0 0
5759 0
0 0
5761 5778
5762 5766
5763 5765
5764 0
0 0
0 0
5767 5774
5768 5769
0 0
5770 5771
0 0
5772 0
5773 0
0 0
5775 5776
0 0
5777 0
0 0
5779 5784
5780 5782
5781 0
0 0
5783 0
0 0
0 0
5786 5787
0 0
5788 5875
5789 5838
5790 5808
5791 5807
5792 5803
5793 5800
5794 5796
5795 0
0 0
5797 5798
0 0
5799 0
0 0
5801 0
5802 0
0 0
5804 5806
5805 0
0 0
0 0
0 0
5809 0
5810 5821
5811 5812
0 0
5813 5816
5814 5815
0 0
0 0
5817 5819
5818 0
0 0
5820 0
0 0
5822 5824
5823 0
0 0
5825 5829
5826 0
5827 5828
0 0
0 0
5830 5837
5831 5834
5832 0
5833 0
0 0
5835 0
5836 0
0 0
0 0
5839 5858
5840 5841
0 0
5842 5849
5843 5847
5844 0
5845 5846
0 0
0 0
5848 0
0 0
5850 5856
5851 0
5852 0
5853 5855
5854 0
0 0
0 0
5857 0
0 0
5859 0
5860 5864
5861 0
5862 0
5863 0
0 0
5865 5866
0 0
5867 5869
5868 0
0 0
5870 5874
5871 5873
5872 0
0 0
0 0
0 0
5876 5879
5877 5878
0 0
0 0
5880 5881
0 0
0 0
5883 5933
5884 5899
5885 5889
5886 5887
0 0
5888 0
0 0
5890 5898
5891 5895
5892 5894
5893 0
0 0
0 0
5896 5897
0 0
0 0
0 0
5900 5913
5901 5906
5902 5904
5903 0
0 0
5905 0
0 0
5907 0
5908 5910
5909 0
0 0
5911 5912
0 0
0 0
5914 0
5915 5922
5916 5921
5917 5920
5918 5919
0 0
0 0
0 0
0 0
5923 5931
5924 5927
5925 5926
0 0
0 0
5928 0
5929 5930
0 0
0 0
5932 0
0 0
5934 6240
5935 6131
5936 6090
5937 6063
5938 6012
5939 5992
5940 5976
5941 0
5942 5950
5943 5947
5944 0
5945 0
5946 0
0 0
5948 0
5949 0
0 0
5951 5961
5952 5954
5953 0
0 0
5955 5956
0 0
5957 5958
0 0
5959 5960
0 0
0 0
5962 5963
0 0
5964 0
5965 5967
5966 0
0 0
5968 5975
5969 5972
5970 5971
0 0
0 0
5973 0
5974 0
0 0
0 0
5977 5984
5978 5981
5979 0
5980 0
0 0
5982 0
5983 0
0 0
5985 5986
0 0
5987 5988
0 0
5989 0
5990 0
5991 0
0 0
5993 5995
5994 0
0 0
5996 6008
5997 6003
5998 6002
5999 0
6000 0
6001 0
0 0
0 0
6004 6005
0 0
6006 6007
0 0
0 0
6009 6011
6010 0
0 0
0 0
6013 6045
6014 6026
6015 6024
6016 6021
6017 6019
6018 0
0 0
6020 0
0 0
6022 6023
0 0
0 0
6025 0
0 0
6027 6042
6028 6033
6029 6030
0 0
6031 6032
0 0
0 0
6034 6038
6035 6037
6036 0
0 0
0 0
6039 6041
6040 0
0 0
0 0
6043 6044
0 0
0 0
6046 6057
6047 6054
6048 0
6049 6052
6050 6051
0 0
0 0
6053 0
0 0
6055 6056
0 0
0 0
6058 6059
0 0
6060 6061
0 0
6062 0
0 0
6064 6087
6065 6069
6066 6068
6067 0
0 0
0 0
6070 6071
0 0
6072 6080
6073 6076
6074 0
6075 0
0 0
6077 0
6078 0
6079 0
0 0
6081 6085
6082 6083
0 0
6084 0
0 0
6086 0
0 0
6088 6089
0 0
0 0
6091 6130
6092 6096
6093 6094
0 0
6095 0
0 0
6097 6108
6098 0
6099 6105
6100 6104
6101 6102
0 0
6103 0
0 0
0 0
6106 6107
0 0
0 0
6109 6112
6110 6111
0 0
0 0
6113 6123
6114 6120
6115 6116
0 0
6117 0
6118 6119
0 0
0 0
6121 0
6122 0
0 0
6124 0
6125 6129
6126 6128
6127 0
0 0
0 0
0 0
0 0
6132 6173
6133 6142
6134 6139
6135 6136
0 0
6137 6138
0 0
0 0
6140 0
6141 0
0 0
6143 6160
6144 6159
6145 6154
6146 6151
6147 6149
6148 0
0 0
6150 0
0 0
6152 6153
0 0
0 0
6155 0
6156 0
6157 0
6158 0
0 0
0 0
6161 6169
6162 6165
6163 0
6164 0
0 0
6166 0
6167 0
6168 0
0 0
6170 6171
0 0
6172 0
0 0
6174 6228
6175 6202
6176 6201
6177 6194
6178 6185
6179 6180
0 0
6181 6182
0 0
6183 0
6184 0
0 0
6186 6191
6187 6188
0 0
6189 0
6190 0
0 0
6192 6193
0 0
0 0
6195 6200
6196 6197
0 0
6198 0
6199 0
0 0
0 0
0 0
6203 6214
6204 6205
0 0
6206 6210
6207 0
6208 0
6209 0
0 0
6211 6212
0 0
6213 0
0 0
6215 6224
6216 6220
6217 6218
0 0
6219 0
0 0
6221 0
6222 6223
0 0
0 0
6225 0
6226 0
6227 0
0 0
6229 0
6230 6234
6231 0
6232 6233
0 0
0 0
6235 6238
6236 6237
0 0
0 0
6239 0
0 0
6241 6370
6242 6358
6243 6259
6244 6253
6245 0
6246 6247
0 0
6248 6252
6249 6251
6250 0
0 0
0 0
0 0
6254 0
6255 0
6256 0
6257 6258
0 0
0 0
6260 6314
6261 6305
6262 6277
6263 6266
6264 0
6265 0
0 0
6267 6271
6268 6270
6269 0
0 0
0 0
6272 6274
6273 0
0 0
6275 0
6276 0
0 0
6278 6304
6279 6282
6280 0
6281 0
0 0
6283 6286
6284 0
6285 0
0 0
6287 0
6288 6291
6289 0
6290 0
0 0
6292 6302
6293 6295
6294 0
0 0
6296 6297
0 0
6298 6301
6299 6300
0 0
0 0
0 0
6303 0
0 0
0 0
6306 0
6307 6311
6308 6309
0 0
6310 0
0 0
6312 6313
0 0
0 0
6315 6321
6316 6320
6317 6319
6318 0
0 0
0 0
0 0
6322 6347
6323 6335
6324 6325
0 0
6326 6328
6327 0
0 0
6329 0
6330 0
6331 6334
6332 0
6333 0
0 0
0 0
6336 6339
6337 0
6338 0
0 0
6340 6346
6341 6345
6342 0
6343 0
6344 0
0 0
0 0
0 0
6348 6354
6349 6352
6350 6351
0 0
0 0
6353 0
0 0
6355 0
6356 6357
0 0
0 0
6359 6364
6360 6363
6361 0
6362 0
0 0
0 0
6365 6366
0 0
6367 6368
0 0
6369 0
0 0
6371 6388
6372 6373
0 0
6374 6379
6375 0
6376 6377
0 0
6378 0
0 0
6380 6386
6381 6384
6382 0
6383 0
0 0
6385 0
0 0
6387 0
0 0
6389 6401
6390 6394
6391 6392
0 0
6393 0
0 0
6395 6400
6396 6397
0 0
6398 0
6399 0
0 0
0 0
6402 6403
0 0
0 0
6405 6446
6406 6428
6407 6408
0 0
6409 6421
6410 6416
6411 6415
6412 6414
6413 0
0 0
0 0
0 0
6417 0
6418 6420
6419 0
0 0
0 0
6422 6423
0 0
6424 0
6425 6427
6426 0
0 0
0 0
6429 0
6430 6438
6431 0
6432 6434
6433 0
0 0
6435 6437
6436 0
0 0
0 0
6439 6443
6440 6442
6441 0
0 0
0 0
6444 6445
0 0
0 0
6447 6473
6448 6466
6449 6454
6450 6452
6451 0
0 0
6453 0
0 0
6455 6457
6456 0
0 0
6458 6463
6459 6462
6460 0
6461 0
0 0
0 0
6464 6465
0 0
0 0
6467 6472
6468 0
6469 0
6470 6471
0 0
0 0
0 0
6474 6507
6475 6506
6476 6491
6477 6487
6478 6483
6479 6481
6480 0
0 0
6482 0
0 0
6484 6486
6485 0
0 0
0 0
6488 6490
6489 0
0 0
0 0
6492 6497
6493 0
6494 6496
6495 0
0 0
0 0
6498 6503
6499 0
6500 6502
6501 0
0 0
0 0
6504 0
6505 0
0 0
0 0
6508 6614
6509 6544
6510 6536
6511 6512
0 0
6513 6529
6514 6526
6515 6525
6516 6519
6517 0
6518 0
0 0
6520 6523
6521 0
6522 0
0 0
6524 0
0 0
0 0
6527 6528
0 0
0 0
6530 6534
6531 0
6532 0
6533 0
0 0
6535 0
0 0
6537 6539
6538 0
0 0
6540 6543
6541 0
6542 0
0 0
0 0
6545 6584
6546 6570
6547 6564
6548 6559
6549 6557
6550 6553
6551 6552
0 0
0 0
6554 0
6555 6556
0 0
0 0
6558 0
0 0
6560 6563
6561 0
6562 0
0 0
0 0
6565 6566
0 0
6567 0
6568 6569
0 0
0 0
6571 6582
6572 6573
0 0
6574 6581
6575 0
6576 6580
6577 6578
0 0
6579 0
0 0
0 0
0 0
6583 0
0 0
6585 6592
6586 0
6587 6591
6588 6590
6589 0
0 0
0 0
0 0
6593 6600
6594 6597
6595 0
6596 0
0 0
6598 6599
0 0
0 0
6601 6606
6602 6603
0 0
6604 6605
0 0
0 0
6607 6609
6608 0
0 0
6610 0
6611 0
6612 0
6613 0
0 0
6615 6617
6616 0
0 0
6618 6619
0 0
0 0
6621 9498
6622 9285
6623 8801
6624 7362
6625 7239
6626 6868
6627 6739
6628 6631
6629 0
6630 0
0 0
6632 6680
6633 6641
6634 6637
6635 0
6636 0
0 0
6638 6640
6639 0
0 0
0 0
6642 6664
6643 6652
6644 0
6645 6651
6646 6650
6647 6648
0 0
6649 0
0 0
0 0
0 0
6653 6656
6654 6655
0 0
0 0
6657 6658
0 0
6659 6661
6660 0
0 0
6662 6663
0 0
0 0
6665 6668
6666 6667
0 0
0 0
6669 6677
6670 0
6671 6673
6672 0
0 0
6674 6675
0 0
6676 0
0 0
6678 6679
0 0
0 0
6681 0
6682 6686
6683 0
6684 6685
0 0
0 0
6687 6732
6688 6690
6689 0
0 0
6691 6719
6692 6701
6693 0
6694 6698
6695 6696
0 0
6697 0
0 0
6699 0
6700 0
0 0
6702 6704
6703 0
0 0
6705 6712
6706 0
6707 6709
6708 0
0 0
6710 6711
0 0
0 0
6713 0
6714 6717
6715 6716
0 0
0 0
6718 0
0 0
6720 6721
0 0
6722 6730
6723 6728
6724 6725
0 0
6726 6727
0 0
0 0
6729 0
0 0
6731 0
0 0
6733 6734
0 0
6735 6736
0 0
6737 6738
0 0
0 0
6740 6808
6741 6803
6742 6791
6743 6780
6744 6753
6745 6751
6746 6748
6747 0
0 0
6749 0
6750 0
0 0
6752 0
0 0
6754 6778
6755 6765
6756 6758
6757 0
0 0
6759 6760
0 0
6761 0
6762 6763
0 0
6764 0
0 0
6766 6775
6767 0
6768 6770
6769 0
0 0
6771 6773
6772 0
0 0
6774 0
0 0
6776 6777
0 0
0 0
6779 0
0 0
6781 6786
6782 6784
6783 0
0 0
6785 0
0 0
6787 6788
0 0
6789 6790
0 0
0 0
6792 6799
6793 6795
6794 0
0 0
6796 6797
0 0
6798 0
0 0
6800 6802
6801 0
0 0
0 0
6804 6805
0 0
6806 6807
0 0
0 0
6809 6832
6810 6830
6811 6823
6812 6819
6813 6817
6814 6816
6815 0
0 0
0 0
6818 0
0 0
6820 6822
6821 0
0 0
0 0
6824 0
6825 6826
0 0
6827 6828
0 0
6829 0
0 0
6831 0
0 0
6833 6863
6834 6854
6835 6849
6836 6838
6837 0
0 0
6839 6843
6840 6841
0 0
6842 0
0 0
6844 6848
6845 6847
6846 0
0 0
0 0
0 0
6850 0
6851 6852
0 0
6853 0
0 0
6855 0
6856 6862
6857 6859
6858 0
0 0
6860 0
6861 0
0 0
0 0
6864 6867
6865 0
6866 0
0 0
0 0
6869 7196
6870 7132
6871 6956
6872 6893
6873 6879
6874 0
6875 6877
6876 0
0 0
6878 0
0 0
6880 6881
0 0
6882 6885
6883 0
6884 0
0 0
6886 6887
0 0
6888 6889
0 0
6890 6892
6891 0
0 0
0 0
6894 6918
6895 6908
6896 6905
6897 6904
6898 6902
6899 0
6900 6901
0 0
0 0
6903 0
0 0
0 0
6906 0
6907 0
0 0
6909 0
6910 0
6911 6917
6912 0
6913 6914
0 0
6915 0
6916 0
0 0
0 0
6919 6926
6920 6921
0 0
6922 6923
0 0
6924 0
6925 0
0 0
6927 6939
6928 6935
6929 6933
6930 0
6931 6932
0 0
0 0
6934 0
0 0
6936 0
6937 6938
0 0
0 0
6940 6948
6941 6945
6942 6943
0 0
6944 0
0 0
6946 6947
0 0
0 0
6949 0
6950 6954
6951 0
6952 0
6953 0
0 0
6955 0
0 0
6957 6984
6958 6961
6959 0
6960 0
0 0
6962 6970
6963 6965
6964 0
0 0
6966 6968
6967 0
0 0
6969 0
0 0
6971 6980
6972 6977
6973 6975
6974 0
0 0
6976 0
0 0
6978 0
6979 0
0 0
6981 6983
6982 0
0 0
0 0
6985 7090
6986 7066
6987 7023
6988 7002
6989 6994
6990 6993
6991 0
6992 0
0 0
0 0
6995 6997
6996 0
0 0
6998 0
6999 0
7000 7001
0 0
0 0
7003 7009
7004 7005
0 0
7006 7008
7007 0
0 0
0 0
7010 7016
7011 0
7012 7015
7013 0
7014 0
0 0
0 0
7017 7018
0 0
7019 7022
7020 7021
0 0
0 0
0 0
7024 7058
7025 7036
7026 0
7027 7034
7028 7029
0 0
7030 7033
7031 0
7032 0
0 0
0 0
7035 0
0 0
7037 7055
7038 7047
7039 7046
7040 7041
0 0
7042 7044
7043 0
0 0
7045 0
0 0
0 0
7048 7051
7049 7050
0 0
0 0
7052 7053
0 0
7054 0
0 0
7056 0
7057 0
0 0
7059 7060
0 0
7061 7064
7062 7063
0 0
0 0
7065 0
0 0
7067 7079
7068 7069
0 0
7070 7074
7071 0
7072 0
7073 0
0 0
7075 7076
0 0
7077 7078
0 0
0 0
7080 7084
7081 7082
0 0
7083 0
0 0
7085 7088
7086 7087
0 0
0 0
7089 0
0 0
7091 7118
7092 7104
7093 7097
7094 0
7095 7096
0 0
0 0
7098 0
7099 7101
7100 0
0 0
7102 7103
0 0
0 0
7105 7106
0 0
7107 7114
7108 0
7109 7111
7110 0
0 0
7112 0
7113 0
0 0
7115 7116
0 0
7117 0
0 0
7119 7124
7120 7121
0 0
7122 7123
0 0
0 0
7125 7131
7126 0
7127 7128
0 0
7129 0
7130 0
0 0
0 0
7133 7170
7134 7160
7135 7142
7136 7141
7137 0
7138 7139
0 0
7140 0
0 0
0 0
7143 7150
7144 7148
7145 7147
7146 0
0 0
0 0
7149 0
0 0
7151 0
7152 7159
7153 7154
0 0
7155 7157
7156 0
0 0
7158 0
0 0
0 0
7161 7163
7162 0
0 0
7164 7169
7165 7167
7166 0
0 0
7168 0
0 0
0 0
7171 7173
7172 0
0 0
7174 7183
7175 7179
7176 0
7177 7178
0 0
0 0
7180 7182
7181 0
0 0
0 0
7184 7194
7185 7190
7186 0
7187 7188
0 0
7189 0
0 0
7191 7192
0 0
7193 0
0 0
7195 0
0 0
7197 7198
0 0
7199 7221
7200 7207
7201 7203
7202 0
0 0
7204 0
7205 0
7206 0
0 0
7208 7215
7209 7212
7210 0
7211 0
0 0
7213 0
7214 0
0 0
7216 7218
7217 0
0 0
7219 7220
0 0
0 0
7222 7233
7223 7225
7224 0
0 0
7226 7228
7227 0
0 0
7229 7232
7230 7231
0 0
0 0
0 0
7234 7238
7235 7236
0 0
7237 0
0 0
0 0
7240 7333
7241 7292
7242 7258
7243 7249
7244 7245
0 0
7246 7248
7247 0
0 0
0 0
7250 7251
0 0
7252 7253
0 0
7254 0
7255 7257
7256 0
0 0
0 0
7259 7291
7260 7261
0 0
7262 7266
7263 7264
0 0
7265 0
0 0
7267 7280
7268 7270
7269 0
0 0
7271 7278
7272 7276
7273 7275
7274 0
0 0
0 0
7277 0
0 0
7279 0
0 0
7281 7286
7282 7285
7283 7284
0 0
0 0
0 0
7287 0
7288 7289
0 0
7290 0
0 0
0 0
7293 7295
7294 0
0 0
7296 7326
7297 7322
7298 7316
7299 7312
7300 7301
0 0
7302 7303
0 0
7304 7306
7305 0
0 0
7307 7311
7308 7309
0 0
7310 0
0 0
0 0
7313 7315
7314 0
0 0
0 0
7317 0
7318 0
7319 7320
0 0
7321 0
0 0
7323 7324
0 0
7325 0
0 0
7327 7331
7328 7329
0 0
7330 0
0 0
7332 0
0 0
7334 7338
7335 0
7336 0
7337 0
0 0
7339 7358
7340 7344
7341 0
7342 7343
0 0
0 0
7345 7354
7346 7350
7347 7349
7348 0
0 0
0 0
7351 7352
0 0
7353 0
0 0
7355 7357
7356 0
0 0
0 0
7359 7360
0 0
7361 0
0 0
7363 8559
7364 8171
7365 7591
7366 7437
7367 7407
7368 0
7369 7406
7370 7381
7371 7373
7372 0
0 0
7374 7380
7375 7376
0 0
7377 7378
0 0
7379 0
0 0
0 0
7382 7383
0 0
7384 7402
7385 7387
7386 0
0 0
7388 7395
7389 7392
7390 0
7391 0
0 0
7393 0
7394 0
0 0
7396 7401
7397 7399
7398 0
0 0
7400 0
0 0
0 0
7403 7405
7404 0
0 0
0 0
0 0
7408 7428
7409 7416
7410 7413
7411 0
7412 0
0 0
7414 7415
0 0
0 0
7417 0
7418 0
7419 7424
7420 7423
7421 7422
0 0
0 0
0 0
7425 0
7426 0
7427 0
0 0
7429 7436
7430 7435
7431 0
7432 7434
7433 0
0 0
0 0
0 0
0 0
7438 7442
7439 0
7440 7441
0 0
0 0
7443 7500
7444 7490
7445 7459
7446 7449
7447 0
7448 0
0 0
7450 7452
7451 0
0 0
7453 7456
7454 0
7455 0
0 0
7457 0
7458 0
0 0
7460 7478
7461 7476
7462 7468
7463 7464
0 0
7465 0
7466 0
7467 0
0 0
7469 7472
7470 0
7471 0
0 0
7473 7475
7474 0
0 0
0 0
7477 0
0 0
7479 7483
7480 0
7481 7482
0 0
0 0
7484 0
7485 7489
7486 7487
0 0
7488 0
0 0
0 0
7491 7496
7492 7495
7493 0
7494 0
0 0
0 0
7497 0
7498 7499
0 0
0 0
7501 7568
7502 7566
7503 7534
7504 7516
7505 7506
0 0
7507 7510
7508 0
7509 0
0 0
7511 0
7512 0
7513 7514
0 0
7515 0
0 0
7517 7525
7518 7519
0 0
7520 7521
0 0
7522 0
7523 7524
0 0
0 0
7526 7527
0 0
7528 7531
7529 0
7530 0
0 0
7532 0
7533 0
0 0
7535 7565
7536 7544
7537 7543
7538 0
7539 0
7540 0
7541 0
7542 0
0 0
0 0
7545 7563
7546 7560
7547 0
7548 0
7549 7556
7550 7555
7551 7553
7552 0
0 0
7554 0
0 0
0 0
7557 7558
0 0
7559 0
0 0
7561 0
7562 0
0 0
7564 0
0 0
0 0
7567 0
0 0
7569 7590
7570 7576
7571 7575
7572 7573
0 0
7574 0
0 0
0 0
7577 7585
7578 7580
7579 0
0 0
7581 7582
0 0
7583 7584
0 0
0 0
7586 7588
7587 0
0 0
7589 0
0 0
0 0
7592 7877
7593 7639
7594 7622
7595 7621
7596 7617
7597 7599
7598 0
0 0
7600 7616
7601 7602
0 0
7603 7604
0 0
7605 7611
7606 7610
7607 0
7608 0
7609 0
0 0
0 0
7612 0
7613 0
7614 0
7615 0
0 0
0 0
7618 7620
7619 0
0 0
0 0
0 0
7623 7624
0 0
7625 7628
7626 0
7627 0
0 0
7629 7632
7630 0
7631 0
0 0
7633 7636
7634 0
7635 0
0 0
7637 7638
0 0
0 0
7640 7687
7641 7670
7642 7660
7643 7651
7644 7645
0 0
7646 7647
0 0
7648 7650
7649 0
0 0
0 0
7652 7659
7653 7657
7654 7656
7655 0
0 0
0 0
7658 0
0 0
0 0
7661 7665
7662 0
7663 0
7664 0
0 0
7666 0
7667 7668
0 0
7669 0
0 0
7671 7686
7672 7674
7673 0
0 0
7675 7681
7676 0
7677 7680
7678 7679
0 0
0 0
0 0
7682 0
7683 7684
0 0
7685 0
0 0
0 0
7688 7696
7689 7693
7690 7691
0 0
7692 0
0 0
7694 7695
0 0
0 0
7697 7757
7698 7723
7699 7703
7700 7701
0 0
7702 0
0 0
7704 7718
7705 7716
7706 7715
7707 7713
7708 7710
7709 0
0 0
7711 7712
0 0
0 0
7714 0
0 0
0 0
7717 0
0 0
7719 7722
7720 7721
0 0
0 0
0 0
7724 7736
7725 7726
0 0
7727 0
7728 7730
7729 0
0 0
7731 7735
7732 7733
0 0
7734 0
0 0
0 0
7737 7744
7738 0
7739 7743
7740 7742
7741 0
0 0
0 0
0 0
7745 0
7746 7752
7747 7748
0 0
7749 7751
7750 0
0 0
0 0
7753 7756
7754 7755
0 0
0 0
0 0
7758 7790
7759 7763
7760 7762
7761 0
0 0
0 0
7764 7765
0 0
7766 7778
7767 7770
7768 7769
0 0
0 0
7771 7776
7772 7774
7773 0
0 0
7775 0
0 0
7777 0
0 0
7779 7786
7780 7782
7781 0
0 0
7783 0
7784 7785
0 0
0 0
7787 0
7788 7789
0 0
0 0
7791 7817
7792 7798
7793 7797
7794 0
7795 0
7796 0
0 0
0 0
7799 7808
7800 0
7801 0
7802 7806
7803 0
7804 0
7805 0
0 0
7807 0
0 0
7809 7813
7810 0
7811 7812
0 0
0 0
7814 7815
0 0
7816 0
0 0
7818 7841
7819 7838
7820 7828
7821 7825
7822 7823
0 0
7824 0
0 0
7826 7827
0 0
0 0
7829 7837
7830 7835
7831 7834
7832 0
7833 0
0 0
0 0
7836 0
0 0
0 0
7839 7840
0 0
0 0
7842 7862
7843 7848
7844 0
7845 0
7846 7847
0 0
0 0
7849 7854
7850 7853
7851 7852
0 0
0 0
0 0
7855 0
7856 7861
7857 7860
7858 7859
0 0
0 0
0 0
0 0
7863 7864
0 0
7865 7873
7866 7870
7867 0
7868 7869
0 0
0 0
7871 0
7872 0
0 0
7874 7876
7875 0
0 0
0 0
7878 8158
7879 7907
7880 7885
7881 7883
7882 0
0 0
7884 0
0 0
7886 7891
7887 7889
7888 0
0 0
7890 0
0 0
7892 7905
7893 7898
7894 7897
7895 7896
0 0
0 0
0 0
7899 7903
7900 7902
7901 0
0 0
0 0
7904 0
0 0
7906 0
0 0
7908 8150
7909 8109
7910 7933
7911 7922
7912 7913
0 0
7914 7921
7915 0
7916 0
7917 0
7918 7919
0 0
7920 0
0 0
0 0
7923 7928
7924 0
7925 7926
0 0
7927 0
0 0
7929 0
7930 0
7931 7932
0 0
0 0
7934 7962
7935 7939
7936 0
7937 7938
0 0
0 0
7940 7950
7941 7947
7942 7945
7943 0
7944 0
0 0
7946 0
0 0
7948 0
7949 0
0 0
7951 7960
7952 7959
7953 7956
7954 7955
0 0
0 0
7957 7958
0 0
0 0
0 0
7961 0
0 0
7963 8020
7964 7965
0 0
7966 7995
7967 7978
7968 7974
7969 0
7970 7973
7971 7972
0 0
0 0
0 0
7975 7977
7976 0
0 0
0 0
7979 0
7980 7994
7981 7990
7982 7984
7983 0
0 0
7985 7986
0 0
7987 7989
7988 0
0 0
0 0
7991 7992
0 0
7993 0
0 0
0 0
7996 8003
7997 7999
7998 0
0 0
8000 8002
8001 0
0 0
0 0
8004 8013
8005 8011
8006 8007
0 0
8008 8009
0 0
8010 0
0 0
8012 0
0 0
8014 8017
8015 8016
0 0
0 0
8018 8019
0 0
0 0
8021 8082
8022 8065
8023 8037
8024 8031
8025 8028
8026 0
8027 0
0 0
8029 8030
0 0
0 0
8032 8036
8033 8035
8034 0
0 0
0 0
0 0
8038 8042
8039 0
8040 8041
0 0
0 0
8043 8059
8044 8049
8045 0
8046 0
8047 8048
0 0
0 0
8050 8055
8051 0
8052 0
8053 0
8054 0
0 0
8056 8058
8057 0
0 0
0 0
8060 8064
8061 0
8062 0
8063 0
0 0
0 0
8066 8081
8067 0
8068 8069
0 0
8070 8079
8071 8074
8072 8073
0 0
0 0
8075 8076
0 0
8077 8078
0 0
0 0
8080 0
0 0
0 0
8083 8098
8084 8092
8085 8090
8086 0
8087 8088
0 0
8089 0
0 0
8091 0
0 0
8093 8096
8094 0
8095 0
0 0
8097 0
0 0
8099 8107
8100 8101
0 0
8102 8103
0 0
8104 0
8105 0
8106 0
0 0
8108 0
0 0
8110 8136
8111 8121
8112 8113
0 0
8114 8119
8115 0
8116 0
8117 0
8118 0
0 0
8120 0
0 0
8122 8134
8123 8125
8124 0
0 0
8126 8129
8127 0
8128 0
0 0
8130 8131
0 0
8132 8133
0 0
0 0
8135 0
0 0
8137 8145
8138 8142
8139 8141
8140 0
0 0
0 0
8143 0
8144 0
0 0
8146 0
8147 8148
0 0
8149 0
0 0
8151 8153
8152 0
0 0
8154 8157
8155 8156
0 0
0 0
0 0
8159 8170
8160 8162
8161 0
0 0
8163 8165
8164 0
0 0
8166 0
8167 0
8168 8169
0 0
0 0
0 0
8172 8314
8173 8267
8174 8265
8175 8250
8176 8188
8177 8182
8178 8181
8179 8180
0 0
0 0
0 0
8183 8185
8184 0
0 0
8186 8187
0 0
0 0
8189 8238
8190 8219
8191 8210
8192 8207
8193 8196
8194 0
8195 0
0 0
8197 8200
8198 0
8199 0
0 0
8201 8206
8202 0
8203 8205
8204 0
0 0
0 0
0 0
8208 8209
0 0
0 0
8211 8216
8212 8213
0 0
8214 0
8215 0
0 0
8217 8218
0 0
0 0
8220 8222
8221 0
0 0
8223 8236
8224 8235
8225 8230
8226 8228
8227 0
0 0
8229 0
0 0
8231 0
8232 0
8233 0
8234 0
0 0
0 0
8237 0
0 0
8239 8249
8240 8245
8241 0
8242 0
8243 0
8244 0
0 0
8246 8248
8247 0
0 0
0 0
0 0
8251 8258
8252 8253
0 0
8254 8256
8255 0
0 0
8257 0
0 0
8259 8262
8260 0
8261 0
0 0
8263 8264
0 0
0 0
8266 0
0 0
8268 8281
8269 8274
8270 8271
0 0
8272 8273
0 0
0 0
8275 8280
8276 8279
8277 0
8278 0
0 0
0 0
0 0
8282 8292
8283 8286
8284 8285
0 0
0 0
8287 8289
8288 0
0 0
8290 8291
0 0
0 0
8293 8294
0 0
8295 8306
8296 8304
8297 8303
8298 8299
0 0
8300 0
8301 8302
0 0
0 0
0 0
8305 0
0 0
8307 8308
0 0
8309 8310
0 0
8311 8313
8312 0
0 0
0 0
8315 8354
8316 8334
8317 8331
8318 8321
8319 8320
0 0
0 0
8322 8329
8323 8328
8324 8326
8325 0
0 0
8327 0
0 0
0 0
8330 0
0 0
8332 0
8333 0
0 0
8335 8345
8336 8340
8337 8338
0 0
8339 0
0 0
8341 8342
0 0
8343 8344
0 0
0 0
8346 8349
8347 0
8348 0
0 0
8350 8353
8351 0
8352 0
0 0
0 0
8355 8556
8356 8363
8357 8359
8358 0
0 0
8360 0
8361 8362
0 0
0 0
8364 8381
8365 8370
8366 8367
0 0
8368 0
8369 0
0 0
8371 8376
8372 0
8373 0
8374 0
8375 0
0 0
8377 8380
8378 0
8379 0
0 0
0 0
8382 8488
8383 8406
8384 8387
8385 8386
0 0
0 0
8388 8395
8389 8393
8390 8391
0 0
8392 0
0 0
8394 0
0 0
8396 8397
0 0
8398 8402
8399 0
8400 8401
0 0
0 0
8403 8405
8404 0
0 0
0 0
8407 8474
8408 8457
8409 8452
8410 8424
8411 8423
8412 8416
8413 8414
0 0
8415 0
0 0
8417 8418
0 0
8419 8420
0 0
8421 0
8422 0
0 0
0 0
8425 8440
8426 8431
8427 8430
8428 0
8429 0
0 0
0 0
8432 8439
8433 8435
8434 0
0 0
8436 0
8437 8438
0 0
0 0
0 0
8441 8448
8442 8443
0 0
8444 8445
0 0
8446 8447
0 0
0 0
8449 0
8450 8451
0 0
0 0
8453 0
8454 8455
0 0
8456 0
0 0
8458 8467
8459 8460
0 0
8461 8464
8462 0
8463 0
0 0
8465 0
8466 0
0 0
8468 8470
8469 0
0 0
8471 0
8472 0
8473 0
0 0
8475 8477
8476 0
0 0
8478 8480
8479 0
0 0
8481 0
8482 0
8483 0
8484 8486
8485 0
0 0
8487 0
0 0
8489 8521
8490 8494
8491 0
8492 0
8493 0
0 0
8495 0
8496 8514
8497 8507
8498 0
8499 8505
8500 8503
8501 0
8502 0
0 0
8504 0
0 0
8506 0
0 0
8508 8511
8509 0
8510 0
0 0
8512 0
8513 0
0 0
8515 8517
8516 0
0 0
8518 0
8519 8520
0 0
0 0
8522 8531
8523 8529
8524 0
8525 8526
0 0
8527 8528
0 0
0 0
8530 0
0 0
8532 8536
8533 0
8534 8535
0 0
0 0
8537 8546
8538 8539
0 0
8540 8541
0 0
8542 0
8543 0
8544 0
8545 0
0 0
8547 8548
0 0
8549 8553
8550 8551
0 0
8552 0
0 0
8554 8555
0 0
0 0
8557 8558
0 0
0 0
8560 8666
8561 8664
8562 8568
8563 8566
8564 8565
0 0
0 0
8567 0
0 0
8569 8573
8570 8571
0 0
8572 0
0 0
8574 8611
8575 8586
8576 8584
8577 8580
8578 0
8579 0
0 0
8581 8583
8582 0
0 0
0 0
8585 0
0 0
8587 8590
8588 0
8589 0
0 0
8591 8608
8592 8604
8593 8597
8594 8595
0 0
8596 0
0 0
8598 0
8599 8603
8600 8601
0 0
8602 0
0 0
0 0
8605 0
8606 0
8607 0
0 0
8609 8610
0 0
0 0
8612 8661
8613 8622
8614 8619
8615 8616
0 0
8617 0
8618 0
0 0
8620 0
8621 0
0 0
8623 8631
8624 8626
8625 0
0 0
8627 8628
0 0
8629 0
8630 0
0 0
8632 8638
8633 0
8634 8637
8635 8636
0 0
0 0
0 0
8639 8643
8640 8641
0 0
8642 0
0 0
8644 8650
8645 8646
0 0
8647 0
8648 8649
0 0
0 0
8651 8653
8652 0
0 0
8654 8655
0 0
8656 8660
8657 8659
8658 0
0 0
0 0
0 0
8662 8663
0 0
0 0
8665 0
0 0
8667 8668
0 0
8669 0
8670 8796
8671 8765
8672 8704
8673 8682
8674 8681
8675 8676
0 0
8677 8678
0 0
8679 8680
0 0
0 0
0 0
8683 8688
8684 8686
8685 0
0 0
8687 0
0 0
8689 8695
8690 8694
8691 8692
0 0
8693 0
0 0
0 0
8696 8700
8697 0
8698 8699
0 0
0 0
8701 0
8702 0
8703 0
0 0
8705 8731
8706 8712
8707 8708
0 0
8709 8710
0 0
8711 0
0 0
8713 8718
8714 8717
8715 8716
0 0
0 0
0 0
8719 8724
8720 8721
0 0
8722 8723
0 0
0 0
8725 8726
0 0
8727 8728
0 0
8729 0
8730 0
0 0
8732 8754
8733 8739
8734 8738
8735 0
8736 8737
0 0
0 0
0 0
8740 8744
8741 8743
8742 0
0 0
0 0
8745 8748
8746 8747
0 0
0 0
8749 0
8750 8752
8751 0
0 0
8753 0
0 0
8755 8758
8756 8757
0 0
0 0
8759 8764
8760 0
8761 0
8762 8763
0 0
0 0
0 0
8766 8787
8767 8785
8768 8781
8769 8772
8770 8771
0 0
0 0
8773 8780
8774 8777
8775 8776
0 0
0 0
8778 0
8779 0
0 0
0 0
8782 8784
8783 0
0 0
0 0
8786 0
0 0
8788 0
8789 8792
8790 8791
0 0
0 0
8793 8795
8794 0
0 0
0 0
8797 8798
0 0
8799 8800
0 0
0 0
8802 8964
8803 8947
8804 8896
8805 8829
8806 8815
8807 8808
0 0
8809 8812
8810 0
8811 0
0 0
8813 8814
0 0
0 0
8816 8825
8817 8818
0 0
8819 8822
8820 8821
0 0
0 0
8823 0
8824 0
0 0
8826 0
8827 8828
0 0
0 0
8830 8883
8831 8852
8832 0
8833 8850
8834 8835
0 0
8836 8845
8837 8840
8838 8839
0 0
0 0
8841 8844
8842 8843
0 0
0 0
0 0
8846 0
8847 8848
0 0
8849 0
0 0
8851 0
0 0
8853 8857
8854 8855
0 0
8856 0
0 0
8858 8881
8859 8877
8860 8876
8861 8871
8862 8865
8863 0
8864 0
0 0
8866 8869
8867 0
8868 0
0 0
8870 0
0 0
8872 8873
0 0
8874 0
8875 0
0 0
0 0
8878 8880
8879 0
0 0
0 0
8882 0
0 0
8884 8892
8885 8887
8886 0
0 0
8888 0
8889 8891
8890 0
0 0
0 0
8893 0
8894 8895
0 0
0 0
8897 8919
8898 8907
8899 0
8900 8903
8901 0
8902 0
0 0
8904 8905
0 0
8906 0
0 0
8908 8916
8909 8914
8910 0
8911 8913
8912 0
0 0
0 0
8915 0
0 0
8917 8918
0 0
0 0
8920 0
8921 8937
8922 8935
8923 0
8924 8931
8925 8928
8926 0
8927 0
0 0
8929 0
8930 0
0 0
8932 0
8933 8934
0 0
0 0
8936 0
0 0
8938 8941
8939 0
8940 0
0 0
8942 8945
8943 0
8944 0
0 0
8946 0
0 0
8948 8956
8949 0
8950 0
8951 0
8952 8953
0 0
8954 8955
0 0
0 0
8957 0
8958 8963
8959 8961
8960 0
0 0
8962 0
0 0
0 0
8965 9088
8966 9027
8967 9012
8968 9000
8969 8970
0 0
8971 8975
8972 8973
0 0
8974 0
0 0
8976 8997
8977 8978
0 0
8979 8988
8980 8987
8981 0
8982 8986
8983 8985
8984 0
0 0
0 0
0 0
0 0
8989 8991
8990 0
0 0
8992 8996
8993 0
8994 0
8995 0
0 0
0 0
8998 0
8999 0
0 0
9001 9008
9002 9007
9003 9005
9004 0
0 0
9006 0
0 0
0 0
9009 9011
9010 0
0 0
0 0
9013 9022
9014 0
9015 9017
9016 0
0 0
9018 9020
9019 0
0 0
9021 0
0 0
9023 9024
0 0
9025 9026
0 0
0 0
9028 9074
9029 9069
9030 9042
9031 9037
9032 9036
9033 0
9034 9035
0 0
0 0
0 0
9038 9039
0 0
9040 9041
0 0
0 0
9043 9057
9044 9049
9045 0
9046 0
9047 9048
0 0
0 0
9050 9055
9051 0
9052 9054
9053 0
0 0
0 0
9056 0
0 0
9058 9066
9059 9065
9060 9064
9061 9063
9062 0
0 0
0 0
0 0
0 0
9067 0
9068 0
0 0
9070 9071
0 0
9072 9073
0 0
0 0
9075 9087
9076 9080
9077 9078
0 0
9079 0
0 0
9081 9085
9082 0
9083 0
9084 0
0 0
9086 0
0 0
0 0
9089 9143
9090 9140
9091 9110
9092 9096
9093 9095
9094 0
0 0
0 0
9097 9106
9098 9099
0 0
9100 9103
9101 0
9102 0
0 0
9104 9105
0 0
0 0
9107 9108
0 0
9109 0
0 0
9111 9138
9112 9121
9113 9118
9114 0
9115 0
9116 9117
0 0
0 0
9119 0
9120 0
0 0
9122 9132
9123 0
9124 9125
0 0
9126 0
9127 0
9128 0
9129 9131
9130 0
0 0
0 0
9133 0
9134 0
9135 9137
9136 0
0 0
0 0
9139 0
0 0
9141 0
9142 0
0 0
9144 9165
9145 9158
9146 9149
9147 0
9148 0
0 0
9150 9157
9151 9156
9152 9155
9153 9154
0 0
0 0
0 0
0 0
0 0
9159 9164
9160 9162
9161 0
0 0
9163 0
0 0
0 0
9166 9188
9167 9179
9168 9176
9169 9172
9170 0
9171 0
0 0
9173 0
9174 9175
0 0
0 0
9177 0
9178 0
0 0
9180 9182
9181 0
0 0
9183 9184
0 0
9185 9186
0 0
9187 0
0 0
9189 9221
9190 9215
9191 9213
9192 9199
9193 9197
9194 9196
9195 0
0 0
0 0
9198 0
0 0
9200 9204
9201 0
9202 0
9203 0
0 0
9205 9211
9206 9209
9207 0
9208 0
0 0
9210 0
0 0
9212 0
0 0
9214 0
0 0
9216 9219
9217 9218
0 0
0 0
9220 0
0 0
9222 9251
9223 9230
9224 9225
0 0
9226 9227
0 0
9228 9229
0 0
0 0
9231 0
9232 9247
9233 9239
9234 9238
9235 9236
0 0
9237 0
0 0
0 0
9240 9242
9241 0
0 0
9243 9245
9244 0
0 0
9246 0
0 0
9248 0
9249 9250
0 0
0 0
9252 9265
9253 9263
9254 9255
0 0
9256 0
9257 9262
9258 9259
0 0
9260 0
9261 0
0 0
0 0
9264 0
0 0
9266 9276
9267 9268
0 0
9269 9273
9270 0
9271 9272
0 0
0 0
9274 9275
0 0
0 0
9277 9279
9278 0
0 0
9280 9282
9281 0
0 0
9283 0
9284 0
0 0
9286 9351
9287 9347
9288 9296
9289 9295
9290 0
9291 9294
9292 0
9293 0
0 0
0 0
0 0
9297 9308
9298 9307
9299 9306
9300 9303
9301 9302
0 0
0 0
9304 0
9305 0
0 0
0 0
0 0
9309 9337
9310 9315
9311 9314
9312 0
9313 0
0 0
0 0
9316 9336
9317 9320
9318 9319
0 0
0 0
9321 9329
9322 9323
0 0
9324 9325
0 0
9326 9327
0 0
9328 0
0 0
9330 9333
9331 9332
0 0
0 0
9334 9335
0 0
0 0
0 0
9338 9339
0 0
9340 9343
9341 0
9342 0
0 0
9344 0
9345 0
9346 0
0 0
9348 0
9349 0
9350 0
0 0
9352 9377
9353 9356
9354 0
9355 0
0 0
9357 9367
9358 9360
9359 0
0 0
9361 9362
0 0
9363 9366
9364 0
9365 0
0 0
0 0
9368 9375
9369 9373
9370 0
9371 9372
0 0
0 0
9374 0
0 0
9376 0
0 0
9378 9433
9379 9406
9380 9398
9381 9382
0 0
9383 9389
9384 9387
9385 9386
0 0
0 0
9388 0
0 0
9390 9395
9391 9392
0 0
9393 9394
0 0
0 0
9396 9397
0 0
0 0
9399 0
9400 9403
9401 0
9402 0
0 0
9404 0
9405 0
0 0
9407 9421
9408 9419
9409 9412
9410 9411
0 0
0 0
9413 9416
9414 9415
0 0
0 0
9417 9418
0 0
0 0
9420 0
0 0
9422 9425
9423 0
9424 0
0 0
9426 9429
9427 9428
0 0
0 0
9430 0
9431 0
9432 0
0 0
9434 9481
9435 9439
9436 9437
0 0
9438 0
0 0
9440 9478
9441 9463
9442 9456
9443 9451
9444 9445
0 0
9446 9448
9447 0
0 0
9449 9450
0 0
0 0
9452 9455
9453 0
9454 0
0 0
0 0
9457 9461
9458 9460
9459 0
0 0
0 0
9462 0
0 0
9464 9475
9465 0
9466 9472
9467 9469
9468 0
0 0
9470 9471
0 0
0 0
9473 0
9474 0
0 0
9476 9477
0 0
0 0
9479 9480
0 0
0 0
9482 9483
0 0
9484 9497
9485 9490
9486 9487
0 0
9488 0
9489 0
0 0
9491 0
9492 9494
9493 0
0 0
9495 9496
0 0
0 0
0 0
9499 9888
9500 9663
9501 9522
9502 9514
9503 9504
0 0
9505 9506
0 0
9507 9512
9508 9511
9509 9510
0 0
0 0
0 0
9513 0
0 0
9515 9521
9516 9517
0 0
9518 9519
0 0
9520 0
0 0
0 0
9523 9591
9524 9566
9525 9532
9526 9528
9527 0
0 0
9529 9531
9530 0
0 0
0 0
9533 9541
9534 9539
9535 9537
9536 0
0 0
9538 0
0 0
9540 0
0 0
9542 9548
9543 9547
9544 9545
0 0
9546 0
0 0
0 0
9549 9555
9550 9552
9551 0
0 0
9553 0
9554 0
0 0
9556 9557
0 0
9558 9561
9559 9560
0 0
0 0
9562 9563
0 0
9564 0
9565 0
0 0
9567 9579
9568 9573
9569 9571
9570 0
0 0
9572 0
0 0
9574 0
9575 9577
9576 0
0 0
9578 0
0 0
9580 9583
9581 0
9582 0
0 0
9584 9590
9585 0
9586 9588
9587 0
0 0
9589 0
0 0
0 0
9592 9658
9593 9603
9594 9598
9595 0
9596 0
9597 0
0 0
9599 9601
9600 0
0 0
9602 0
0 0
9604 9607
9605 9606
0 0
0 0
9608 9626
9609 9619
9610 9616
9611 9615
9612 9614
9613 0
0 0
0 0
0 0
9617 9618
0 0
0 0
9620 9621
0 0
9622 0
9623 9625
9624 0
0 0
0 0
9627 9641
9628 9637
9629 9634
9630 9633
9631 9632
0 0
0 0
0 0
9635 9636
0 0
0 0
9638 9639
0 0
9640 0
0 0
9642 9645
9643 9644
0 0
0 0
9646 9647
0 0
9648 9649
0 0
9650 0
9651 9652
0 0
9653 9657
9654 0
9655 0
9656 0
0 0
0 0
9659 9660
0 0
9661 0
9662 0
0 0
9664 9810
9665 9691
9666 9675
9667 9672
9668 9669
0 0
9670 9671
0 0
0 0
9673 9674
0 0
0 0
9676 9688
9677 0
9678 9680
9679 0
0 0
9681 9685
9682 9684
9683 0
0 0
0 0
9686 0
9687 0
0 0
9689 9690
0 0
0 0
9692 9720
9693 9709
9694 9702
9695 9701
9696 0
9697 9699
9698 0
0 0
9700 0
0 0
0 0
9703 0
9704 9707
9705 9706
0 0
0 0
9708 0
0 0
9710 9717
9711 9713
9712 0
0 0
9714 9715
0 0
9716 0
0 0
9718 0
9719 0
0 0
9721 9768
9722 9736
9723 9724
0 0
9725 9729
9726 9727
0 0
9728 0
0 0
9730 0
9731 9733
9732 0
0 0
9734 9735
0 0
0 0
9737 9765
9738 9741
9739 0
9740 0
0 0
9742 9751
9743 9746
9744 9745
0 0
0 0
9747 9749
9748 0
0 0
9750 0
0 0
9752 0
9753 9759
9754 9755
0 0
9756 9757
0 0
9758 0
0 0
9760 9763
9761 0
9762 0
0 0
9764 0
0 0
9766 9767
0 0
0 0
9769 0
9770 9805
9771 9796
9772 0
9773 9791
9774 9790
9775 9776
0 0
9777 9782
9778 0
9779 9781
9780 0
0 0
0 0
9783 9786
9784 9785
0 0
0 0
9787 0
9788 0
9789 0
0 0
0 0
9792 9793
0 0
9794 9795
0 0
0 0
9797 9798
0 0
9799 9800
0 0
9801 9804
9802 0
9803 0
0 0
0 0
9806 0
9807 9808
0 0
9809 0
0 0
9811 9865
9812 9841
9813 9827
9814 9823
9815 9816
0 0
9817 9819
9818 0
0 0
9820 0
9821 9822
0 0
0 0
9824 9826
9825 0
0 0
0 0
9828 9835
9829 9833
9830 9831
0 0
9832 0
0 0
9834 0
0 0
9836 9840
9837 0
9838 0
9839 0
0 0
0 0
9842 9850
9843 9849
9844 9848
9845 0
9846 0
9847 0
0 0
0 0
0 0
9851 9852
0 0
9853 9859
9854 9855
0 0
9856 9858
9857 0
0 0
0 0
9860 9861
0 0
9862 0
9863 9864
0 0
0 0
9866 0
9867 9885
9868 9876
9869 9872
9870 0
9871 0
0 0
9873 0
9874 0
9875 0
0 0
9877 9882
9878 9880
9879 0
0 0
9881 0
0 0
9883 0
9884 0
0 0
9886 0
9887 0
0 0
9889 9894
9890 9891
0 0
9892 9893
0 0
0 0
9895 9932
9896 9911
9897 9901
9898 9899
0 0
9900 0
0 0
9902 9903
0 0
9904 9909
9905 9908
9906 9907
0 0
0 0
0 0
9910 0
0 0
9912 9917
9913 9916
9914 9915
0 0
0 0
0 0
9918 0
9919 9928
9920 0
9921 0
9922 9927
9923 9926
9924 9925
0 0
0 0
0 0
0 0
9929 9930
0 0
9931 0
0 0
9933 9943
9934 9941
9935 9938
9936 9937
0 0
0 0
9939 0
9940 0
0 0
9942 0
0 0
9944 9975
9945 9970
9946 9956
9947 0
9948 9951
9949 9950
0 0
0 0
9952 9955
9953 9954
0 0
0 0
0 0
9957 9969
9958 9960
9959 0
0 0
9961 9966
9962 9963
0 0
9964 9965
0 0
0 0
9967 9968
0 0
0 0
0 0
9971 9972
0 0
9973 9974
0 0
0 0
9976 9981
9977 9980
9978 9979
0 0
0 0
0 0
9982 9992
9983 9984
0 0
9985 9987
9986 0
0 0
9988 0
9989 9990
0 0
9991 0
0 0
9993 9996
9994 0
9995 0
0 0
9997 9998
0 0
9999 0
10000 0
0 0
