10000 6
2 8468
3 1429
4 49
5 46
6 38
7 15
8 9
0 0
10 14
11 0
12 13
0 0
0 0
0 0
16 32
17 26
18 21
19 20
0 0
0 0
22 0
23 0
24 0
25 0
0 0
27 0
28 0
29 0
30 0
31 0
0 0
33 36
34 35
0 0
0 0
37 0
0 0
39 41
40 0
0 0
42 0
43 44
0 0
45 0
0 0
47 48
0 0
0 0
50 115
51 86
52 66
53 57
54 55
0 0
56 0
0 0
58 59
0 0
60 63
61 0
62 0
0 0
64 65
0 0
0 0
67 76
68 75
69 0
70 74
71 72
0 0
73 0
0 0
0 0
0 0
77 81
78 79
0 0
80 0
0 0
82 83
0 0
84 85
0 0
0 0
87 92
88 0
89 0
90 91
0 0
0 0
93 0
94 112
95 111
96 108
97 98
0 0
99 0
100 102
101 0
0 0
103 106
104 0
105 0
0 0
107 0
0 0
109 110
0 0
0 0
0 0
113 0
114 0
0 0
116 582
117 385
118 362
119 256
120 160
121 123
122 0
0 0
124 130
125 128
126 127
0 0
0 0
129 0
0 0
131 158
132 149
133 137
134 135
0 0
136 0
0 0
138 143
139 140
0 0
141 142
0 0
0 0
144 0
145 0
146 147
0 0
148 0
0 0
150 152
151 0
0 0
153 157
154 156
155 0
0 0
0 0
0 0
159 0
0 0
161 219
162 213
163 199
164 197
165 189
166 182
167 176
168 169
0 0
170 172
171 0
0 0
173 174
0 0
175 0
0 0
177 181
178 0
179 180
0 0
0 0
0 0
183 185
184 0
0 0
186 188
187 0
0 0
0 0
190 196
191 195
192 193
0 0
194 0
0 0
0 0
0 0
198 0
0 0
200 212
201 211
202 205
203 0
204 0
0 0
206 207
0 0
208 210
209 0
0 0
0 0
0 0
0 0
214 218
215 216
0 0
217 0
0 0
0 0
220 235
221 228
222 227
223 0
224 225
0 0
226 0
0 0
0 0
229 230
0 0
231 234
232 233
0 0
0 0
0 0
236 241
237 0
238 239
0 0
240 0
0 0
242 249
243 245
244 0
0 0
246 247
0 0
248 0
0 0
250 0
251 252
0 0
253 254
0 0
255 0
0 0
257 329
258 264
259 0
260 262
261 0
0 0
263 0
0 0
265 313
266 301
267 286
268 275
269 270
0 0
271 272
0 0
273 0
274 0
0 0
276 282
277 278
0 0
279 280
0 0
281 0
0 0
283 0
284 285
0 0
0 0
287 294
288 293
289 290
0 0
291 0
292 0
0 0
0 0
295 297
296 0
0 0
298 299
0 0
300 0
0 0
302 312
303 306
304 305
0 0
0 0
307 308
0 0
309 311
310 0
0 0
0 0
0 0
314 324
315 319
316 317
0 0
318 0
0 0
320 323
321 0
322 0
0 0
0 0
325 328
326 327
0 0
0 0
0 0
330 343
331 332
0 0
333 0
334 338
335 337
336 0
0 0
0 0
339 0
340 342
341 0
0 0
0 0
344 357
345 346
0 0
347 350
348 0
349 0
0 0
351 353
352 0
0 0
354 0
355 356
0 0
0 0
358 360
359 0
0 0
361 0
0 0
363 374
364 371
365 0
366 368
367 0
0 0
369 370
0 0
0 0
372 373
0 0
0 0
375 383
376 380
377 379
378 0
0 0
0 0
381 382
0 0
0 0
384 0
0 0
386 482
387 413
388 412
389 404
390 395
391 394
392 393
0 0
0 0
0 0
396 398
397 0
0 0
399 402
400 0
401 0
0 0
403 0
0 0
405 410
406 0
407 408
0 0
409 0
0 0
411 0
0 0
0 0
414 460
415 457
416 436
417 425
418 420
419 0
0 0
421 424
422 0
423 0
0 0
0 0
426 427
0 0
428 435
429 430
0 0
431 433
432 0
0 0
434 0
0 0
0 0
437 449
438 443
439 0
440 441
0 0
442 0
0 0
444 446
445 0
0 0
447 0
448 0
0 0
450 452
451 0
0 0
453 454
0 0
455 0
456 0
0 0
458 0
459 0
0 0
461 464
462 0
463 0
0 0
465 476
466 471
467 469
468 0
0 0
470 0
0 0
472 475
473 474
0 0
0 0
0 0
477 479
478 0
0 0
480 481
0 0
0 0
483 485
484 0
0 0
486 534
487 507
488 502
489 495
490 493
491 492
0 0
0 0
494 0
0 0
496 0
497 498
0 0
499 501
500 0
0 0
0 0
503 504
0 0
505 506
0 0
0 0
508 515
509 512
510 511
0 0
0 0
513 514
0 0
0 0
516 517
0 0
518 529
519 526
520 0
521 523
522 0
0 0
524 525
0 0
0 0
527 0
528 0
0 0
530 0
531 0
532 533
0 0
0 0
535 543
536 537
0 0
538 540
539 0
0 0
541 0
542 0
0 0
544 570
545 559
546 550
547 549
548 0
0 0
0 0
551 555
552 553
0 0
554 0
0 0
556 557
0 0
558 0
0 0
560 567
561 566
562 0
563 564
0 0
565 0
0 0
0 0
568 569
0 0
0 0
571 578
572 576
573 0
574 575
0 0
0 0
577 0
0 0
579 581
580 0
0 0
0 0
583 1262
584 989
585 986
586 741
587 605
588 593
589 592
590 591
0 0
0 0
0 0
594 597
595 596
0 0
0 0
598 601
599 0
600 0
0 0
602 0
603 604
0 0
0 0
606 734
607 716
608 638
609 627
610 618
611 614
612 613
0 0
0 0
615 0
616 617
0 0
0 0
619 625
620 621
0 0
622 0
623 0
624 0
0 0
626 0
0 0
628 634
629 633
630 632
631 0
0 0
0 0
0 0
635 637
636 0
0 0
0 0
639 710
640 677
641 663
642 644
643 0
0 0
645 656
646 652
647 0
648 649
0 0
650 651
0 0
0 0
653 655
654 0
0 0
0 0
657 0
658 660
659 0
0 0
661 0
662 0
0 0
664 674
665 668
666 667
0 0
0 0
669 0
670 671
0 0
672 673
0 0
0 0
675 0
676 0
0 0
678 708
679 685
680 682
681 0
0 0
683 0
684 0
0 0
686 699
687 695
688 689
0 0
690 0
691 693
692 0
0 0
694 0
0 0
696 0
697 698
0 0
0 0
700 703
701 702
0 0
0 0
704 707
705 0
706 0
0 0
0 0
709 0
0 0
711 0
712 715
713 0
714 0
0 0
0 0
717 726
718 722
719 720
0 0
721 0
0 0
723 725
724 0
0 0
0 0
727 732
728 731
729 730
0 0
0 0
0 0
733 0
0 0
735 0
736 739
737 738
0 0
0 0
740 0
0 0
742 874
743 808
744 767
745 757
746 747
0 0
748 755
749 753
750 752
751 0
0 0
0 0
754 0
0 0
756 0
0 0
758 766
759 761
760 0
0 0
762 0
763 765
764 0
0 0
0 0
0 0
768 777
769 771
770 0
0 0
772 775
773 0
774 0
0 0
776 0
0 0
778 788
779 782
780 781
0 0
0 0
783 785
784 0
0 0
786 787
0 0
0 0
789 803
790 799
791 0
792 798
793 795
794 0
0 0
796 797
0 0
0 0
0 0
800 802
801 0
0 0
0 0
804 807
805 806
0 0
0 0
0 0
809 831
810 812
811 0
0 0
813 820
814 818
815 816
0 0
817 0
0 0
819 0
0 0
821 825
822 824
823 0
0 0
0 0
826 0
827 0
828 830
829 0
0 0
0 0
832 840
833 0
834 0
835 839
836 0
837 0
838 0
0 0
0 0
841 842
0 0
843 863
844 852
845 847
846 0
0 0
848 849
0 0
850 851
0 0
0 0
853 856
854 0
855 0
0 0
857 0
858 861
859 0
860 0
0 0
862 0
0 0
864 871
865 0
866 867
0 0
868 0
869 0
870 0
0 0
872 0
873 0
0 0
875 890
876 877
0 0
878 879
0 0
880 889
881 883
882 0
0 0
884 885
0 0
886 887
0 0
888 0
0 0
0 0
891 974
892 949
893 937
894 925
895 917
896 907
897 906
898 902
899 0
900 901
0 0
0 0
903 0
904 0
905 0
0 0
0 0
908 915
909 914
910 0
911 912
0 0
913 0
0 0
0 0
916 0
0 0
918 923
919 922
920 0
921 0
0 0
0 0
924 0
0 0
926 934
927 930
928 929
0 0
0 0
931 933
932 0
0 0
0 0
935 936
0 0
0 0
938 939
0 0
940 0
941 0
942 0
943 948
944 947
945 0
946 0
0 0
0 0
0 0
950 952
951 0
0 0
953 958
954 955
0 0
956 0
957 0
0 0
959 970
960 0
961 964
962 963
0 0
0 0
965 967
966 0
0 0
968 0
969 0
0 0
971 973
972 0
0 0
0 0
975 978
976 0
977 0
0 0
979 981
980 0
0 0
982 985
983 984
0 0
0 0
0 0
987 988
0 0
0 0
990 1136
991 1024
992 996
993 994
0 0
995 0
0 0
997 1014
998 1001
999 1000
0 0
0 0
1002 1009
1003 0
1004 1008
1005 0
1006 0
1007 0
0 0
0 0
1010 1012
1011 0
0 0
1013 0
0 0
1015 0
1016 1019
1017 0
1018 0
0 0
1020 1021
0 0
1022 1023
0 0
0 0
1025 1062
1026 1034
1027 1032
1028 0
1029 1030
0 0
1031 0
0 0
1033 0
0 0
1035 1056
1036 1051
1037 1049
1038 1046
1039 0
1040 1045
1041 0
1042 1044
1043 0
0 0
0 0
0 0
1047 0
1048 0
0 0
1050 0
0 0
1052 0
1053 1055
1054 0
0 0
0 0
1057 1058
0 0
1059 1060
0 0
1061 0
0 0
1063 1125
1064 1106
1065 0
1066 1089
1067 1070
1068 1069
0 0
0 0
1071 0
1072 1084
1073 1081
1074 0
1075 1079
1076 1077
0 0
1078 0
0 0
1080 0
0 0
1082 0
1083 0
0 0
1085 1088
1086 0
1087 0
0 0
0 0
1090 1093
1091 0
1092 0
0 0
1094 1101
1095 1099
1096 0
1097 1098
0 0
0 0
1100 0
0 0
1102 1105
1103 0
1104 0
0 0
0 0
1107 1109
1108 0
0 0
1110 1115
1111 0
1112 0
1113 1114
0 0
0 0
1116 1119
1117 1118
0 0
0 0
1120 1122
1121 0
0 0
1123 1124
0 0
0 0
1126 1133
1127 1130
1128 1129
0 0
0 0
1131 0
1132 0
0 0
1134 1135
0 0
0 0
1137 1139
1138 0
0 0
1140 1201
1141 1190
1142 0
1143 1166
1144 0
1145 1152
1146 1148
1147 0
0 0
1149 1151
1150 0
0 0
0 0
1153 1160
1154 1155
0 0
1156 1158
1157 0
0 0
1159 0
0 0
1161 1163
1162 0
0 0
1164 0
1165 0
0 0
1167 1169
1168 0
0 0
1170 1176
1171 1174
1172 1173
0 0
0 0
1175 0
0 0
1177 1183
1178 0
1179 1182
1180 1181
0 0
0 0
0 0
1184 1189
1185 1187
1186 0
0 0
1188 0
0 0
0 0
1191 1193
1192 0
0 0
1194 1195
0 0
1196 1199
1197 1198
0 0
0 0
1200 0
0 0
1202 1222
1203 1207
1204 1205
0 0
1206 0
0 0
1208 1221
1209 1218
1210 1213
1211 1212
0 0
0 0
1214 1217
1215 0
1216 0
0 0
0 0
1219 0
1220 0
0 0
0 0
1223 1236
1224 1232
1225 1228
1226 0
1227 0
0 0
1229 0
1230 0
1231 0
0 0
1233 1235
1234 0
0 0
0 0
1237 1250
1238 1243
1239 1242
1240 0
1241 0
0 0
0 0
1244 1249
1245 1247
1246 0
0 0
1248 0
0 0
0 0
1251 1254
1252 1253
0 0
0 0
1255 1259
1256 1258
1257 0
0 0
0 0
1260 0
1261 0
0 0
1263 1283
1264 1270
1265 1266
0 0
1267 1268
0 0
1269 0
0 0
1271 1280
1272 1277
1273 1275
1274 0
0 0
1276 0
0 0
1278 0
1279 0
0 0
1281 1282
0 0
0 0
1284 1382
1285 1352
1286 1289
1287 0
1288 0
0 0
1290 1330
1291 1315
1292 1301
1293 1294
0 0
1295 0
1296 1300
1297 1299
1298 0
0 0
0 0
0 0
1302 0
1303 1313
1304 1306
1305 0
0 0
1307 1312
1308 1310
1309 0
0 0
1311 0
0 0
0 0
1314 0
0 0
1316 1329
1317 0
1318 1328
1319 1323
1320 1321
0 0
1322 0
0 0
1324 1325
0 0
1326 1327
0 0
0 0
0 0
0 0
1331 1332
0 0
1333 1338
1334 1337
1335 1336
0 0
0 0
0 0
1339 1345
1340 1341
0 0
1342 0
1343 0
1344 0
0 0
1346 1349
1347 0
1348 0
0 0
1350 0
1351 0
0 0
1353 1360
1354 1357
1355 1356
0 0
0 0
1358 1359
0 0
0 0
1361 1373
1362 1364
1363 0
0 0
1365 1371
1366 1367
0 0
1368 1369
0 0
1370 0
0 0
1372 0
0 0
1374 0
1375 1376
0 0
1377 1379
1378 0
0 0
1380 0
1381 0
0 0
1383 1405
1384 1389
1385 1386
0 0
1387 1388
0 0
0 0
1390 1395
1391 1394
1392 1393
0 0
0 0
0 0
1396 1399
1397 0
1398 0
0 0
1400 1403
1401 1402
0 0
0 0
1404 0
0 0
1406 1422
1407 1421
1408 1419
1409 1413
1410 1411
0 0
1412 0
0 0
1414 1418
1415 1416
0 0
1417 0
0 0
0 0
1420 0
0 0
0 0
1423 1426
1424 0
1425 0
0 0
1427 1428
0 0
0 0
1430 5475
1431 5425
1432 1696
1433 1547
1434 1466
1435 1456
1436 1447
1437 0
1438 1441
1439 1440
0 0
0 0
1442 1443
0 0
1444 0
1445 1446
0 0
0 0
1448 1453
1449 1452
1450 1451
0 0
0 0
0 0
1454 0
1455 0
0 0
1457 1463
1458 1462
1459 1461
1460 0
0 0
0 0
0 0
1464 0
1465 0
0 0
1467 1521
1468 1482
1469 1476
1470 1475
1471 1474
1472 1473
0 0
0 0
0 0
0 0
1477 0
1478 1480
1479 0
0 0
1481 0
0 0
1483 1495
1484 1487
1485 0
1486 0
0 0
1488 1492
1489 1490
0 0
1491 0
0 0
1493 1494
0 0
0 0
1496 1506
1497 1502
1498 1500
1499 0
0 0
1501 0
0 0
1503 1504
0 0
1505 0
0 0
1507 1518
1508 1512
1509 0
1510 1511
0 0
0 0
1513 1517
1514 0
1515 1516
0 0
0 0
0 0
1519 1520
0 0
0 0
1522 1540
1523 1535
1524 0
1525 1532
1526 1531
1527 0
1528 1530
1529 0
0 0
0 0
0 0
1533 1534
0 0
0 0
1536 1538
1537 0
0 0
1539 0
0 0
1541 1542
0 0
1543 0
1544 1545
0 0
1546 0
0 0
1548 1631
1549 1564
1550 1557
1551 1553
1552 0
0 0
1554 1556
1555 0
0 0
0 0
1558 1559
0 0
1560 0
1561 1563
1562 0
0 0
0 0
1565 1570
1566 0
1567 1568
0 0
1569 0
0 0
1571 1585
1572 1581
1573 1576
1574 0
1575 0
0 0
1577 1579
1578 0
0 0
1580 0
0 0
1582 1583
0 0
1584 0
0 0
1586 1587
0 0
1588 1610
1589 1606
1590 1597
1591 1596
1592 0
1593 0
1594 0
1595 0
0 0
0 0
1598 1602
1599 0
1600 0
1601 0
0 0
1603 1605
1604 0
0 0
0 0
1607 0
1608 1609
0 0
0 0
1611 1623
1612 1614
1613 0
0 0
1615 1620
1616 0
1617 0
1618 0
1619 0
0 0
1621 0
1622 0
0 0
1624 1628
1625 1626
0 0
1627 0
0 0
1629 1630
0 0
0 0
1632 1675
1633 1669
1634 1663
1635 1659
1636 1648
1637 1641
1638 0
1639 0
1640 0
0 0
1642 1645
1643 0
1644 0
0 0
1646 0
1647 0
0 0
1649 1656
1650 1654
1651 1652
0 0
1653 0
0 0
1655 0
0 0
1657 0
1658 0
0 0
1660 0
1661 0
1662 0
0 0
1664 1666
1665 0
0 0
1667 1668
0 0
0 0
1670 1672
1671 0
0 0
1673 0
1674 0
0 0
1676 1686
1677 1684
1678 1683
1679 1681
1680 0
0 0
1682 0
0 0
0 0
1685 0
0 0
1687 0
1688 1690
1689 0
0 0
1691 1694
1692 0
1693 0
0 0
1695 0
0 0
1697 4657
1698 4530
1699 1821
1700 1817
1701 1757
1702 1739
1703 1719
1704 1707
1705 1706
0 0
0 0
1708 1711
1709 1710
0 0
0 0
1712 1714
1713 0
0 0
1715 1716
0 0
1717 1718
0 0
0 0
1720 1738
1721 1731
1722 1727
1723 1726
1724 1725
0 0
0 0
0 0
1728 1729
0 0
1730 0
0 0
1732 1735
1733 0
1734 0
0 0
1736 1737
0 0
0 0
0 0
1740 1748
1741 1744
1742 0
1743 0
0 0
1745 1746
0 0
1747 0
0 0
1749 0
1750 1754
1751 0
1752 1753
0 0
0 0
1755 1756
0 0
0 0
1758 1779
1759 0
1760 1763
1761 1762
0 0
0 0
1764 1778
1765 1768
1766 1767
0 0
0 0
1769 1770
0 0
1771 1776
1772 0
1773 1775
1774 0
0 0
0 0
1777 0
0 0
0 0
1780 1791
1781 1782
0 0
1783 1790
1784 1785
0 0
1786 0
1787 0
1788 0
1789 0
0 0
0 0
1792 1798
1793 1794
0 0
1795 0
1796 1797
0 0
0 0
1799 1806
1800 1801
0 0
1802 1804
1803 0
0 0
1805 0
0 0
1807 1809
1808 0
0 0
1810 1811
0 0
1812 1815
1813 1814
0 0
0 0
1816 0
0 0
1818 1819
0 0
1820 0
0 0
1822 2711
1823 2063
1824 1965
1825 1890
1826 1866
1827 1856
1828 1832
1829 1830
0 0
1831 0
0 0
1833 1844
1834 1842
1835 1841
1836 0
1837 1840
1838 1839
0 0
0 0
0 0
0 0
1843 0
0 0
1845 0
1846 1855
1847 1848
0 0
1849 1850
0 0
1851 0
1852 1854
1853 0
0 0
0 0
0 0
1857 1861
1858 1860
1859 0
0 0
0 0
1862 1864
1863 0
0 0
1865 0
0 0
1867 1881
1868 1872
1869 1871
1870 0
0 0
0 0
1873 1878
1874 1875
0 0
1876 0
1877 0
0 0
1879 0
1880 0
0 0
1882 1889
1883 1884
0 0
1885 1888
1886 1887
0 0
0 0
0 0
0 0
1891 1959
1892 1951
1893 1949
1894 1930
1895 1902
1896 1901
1897 1900
1898 1899
0 0
0 0
0 0
0 0
1903 1906
1904 1905
0 0
0 0
1907 0
1908 1928
1909 1910
0 0
1911 1921
1912 1917
1913 1916
1914 0
1915 0
0 0
0 0
1918 1919
0 0
1920 0
0 0
1922 1923
0 0
1924 1926
1925 0
0 0
1927 0
0 0
1929 0
0 0
1931 1941
1932 1933
0 0
1934 1939
1935 0
1936 1938
1937 0
0 0
0 0
1940 0
0 0
1942 1945
1943 0
1944 0
0 0
1946 1948
1947 0
0 0
0 0
1950 0
0 0
1952 1958
1953 1957
1954 1956
1955 0
0 0
0 0
0 0
0 0
1960 1962
1961 0
0 0
1963 0
1964 0
0 0
1966 2003
1967 1976
1968 1973
1969 1971
1970 0
0 0
1972 0
0 0
1974 1975
0 0
0 0
1977 1980
1978 1979
0 0
0 0
1981 1982
0 0
1983 1999
1984 1992
1985 0
1986 1989
1987 0
1988 0
0 0
1990 1991
0 0
0 0
1993 1998
1994 1996
1995 0
0 0
1997 0
0 0
0 0
2000 2002
2001 0
0 0
0 0
2004 2037
2005 2020
2006 2017
2007 2013
2008 2010
2009 0
0 0
2011 2012
0 0
0 0
2014 2016
2015 0
0 0
0 0
2018 0
2019 0
0 0
2021 2024
2022 2023
0 0
0 0
2025 2035
2026 2031
2027 2029
2028 0
0 0
2030 0
0 0
2032 2033
0 0
2034 0
0 0
2036 0
0 0
2038 2042
2039 0
2040 0
2041 0
0 0
2043 2062
2044 2047
2045 2046
0 0
0 0
2048 2049
0 0
2050 0
2051 2052
0 0
2053 0
2054 2061
2055 2058
2056 0
2057 0
0 0
2059 0
2060 0
0 0
0 0
0 0
2064 2688
2065 2383
2066 2374
2067 2137
2068 2116
2069 2091
2070 2076
2071 2072
0 0
2073 0
2074 2075
0 0
0 0
2077 2084
2078 2083
2079 2080
0 0
2081 0
2082 0
0 0
0 0
2085 0
2086 0
2087 2090
2088 2089
0 0
0 0
0 0
2092 2104
2093 2099
2094 0
2095 0
2096 2098
2097 0
0 0
0 0
2100 0
2101 0
2102 2103
0 0
0 0
2105 2113
2106 2111
2107 2110
2108 0
2109 0
0 0
0 0
2112 0
0 0
2114 2115
0 0
0 0
2117 0
2118 2119
0 0
2120 2126
2121 2122
0 0
2123 2125
2124 0
0 0
0 0
2127 2128
0 0
2129 2131
2130 0
0 0
2132 2136
2133 0
2134 2135
0 0
0 0
0 0
2138 2347
2139 2279
2140 2218
2141 2185
2142 2148
2143 2146
2144 2145
0 0
0 0
2147 0
0 0
2149 2158
2150 2153
2151 0
2152 0
0 0
2154 2156
2155 0
0 0
2157 0
0 0
2159 2184
2160 2162
2161 0
0 0
2163 2180
2164 2178
2165 2177
2166 0
2167 2168
0 0
2169 2174
2170 2173
2171 2172
0 0
0 0
0 0
2175 2176
0 0
0 0
0 0
2179 0
0 0
2181 0
2182 0
2183 0
0 0
0 0
2186 2208
2187 2207
2188 2206
2189 2202
2190 2195
2191 2193
2192 0
0 0
2194 0
0 0
2196 2200
2197 2198
0 0
2199 0
0 0
2201 0
0 0
2203 2204
0 0
2205 0
0 0
0 0
0 0
2209 2215
2210 2214
2211 2213
2212 0
0 0
0 0
0 0
2216 2217
0 0
0 0
2219 2247
2220 2222
2221 0
0 0
2223 2245
2224 2225
0 0
2226 2241
2227 2237
2228 2234
2229 2231
2230 0
0 0
2232 2233
0 0
0 0
2235 2236
0 0
0 0
2238 0
2239 2240
0 0
0 0
2242 2244
2243 0
0 0
0 0
2246 0
0 0
2248 2268
2249 2257
2250 2255
2251 2254
2252 2253
0 0
0 0
0 0
2256 0
0 0
2258 2265
2259 2264
2260 2261
0 0
2262 0
2263 0
0 0
0 0
2266 0
2267 0
0 0
2269 2275
2270 2271
0 0
2272 2273
0 0
2274 0
0 0
2276 0
2277 2278
0 0
0 0
2280 2325
2281 2321
2282 2320
2283 2297
2284 0
2285 2293
2286 2292
2287 2288
0 0
2289 0
2290 2291
0 0
0 0
0 0
2294 2296
2295 0
0 0
0 0
2298 2307
2299 2304
2300 2301
0 0
2302 2303
0 0
0 0
2305 0
2306 0
0 0
2308 2315
2309 0
2310 2311
0 0
2312 2314
2313 0
0 0
0 0
2316 2318
2317 0
0 0
2319 0
0 0
0 0
2322 2323
0 0
2324 0
0 0
2326 2341
2327 2328
0 0
2329 2334
2330 2331
0 0
2332 2333
0 0
0 0
2335 0
2336 0
2337 2338
0 0
2339 0
2340 0
0 0
2342 2343
0 0
2344 0
2345 2346
0 0
0 0
2348 2355
2349 2354
2350 2353
2351 0
2352 0
0 0
0 0
0 0
2356 2371
2357 2366
2358 2359
0 0
2360 2365
2361 0
2362 2364
2363 0
0 0
0 0
0 0
2367 0
2368 2369
0 0
2370 0
0 0
2372 2373
0 0
0 0
2375 2379
2376 0
2377 0
2378 0
0 0
2380 2381
0 0
2382 0
0 0
2384 2589
2385 2450
2386 2408
2387 2393
2388 0
2389 2390
0 0
2391 2392
0 0
0 0
2394 2400
2395 2397
2396 0
0 0
2398 0
2399 0
0 0
2401 2405
2402 0
2403 0
2404 0
0 0
2406 0
2407 0
0 0
2409 2416
2410 0
2411 2415
2412 0
2413 0
2414 0
0 0
0 0
2417 2442
2418 2438
2419 2426
2420 2421
0 0
2422 2423
0 0
2424 0
2425 0
0 0
2427 2429
2428 0
0 0
2430 0
2431 2433
2432 0
0 0
2434 2436
2435 0
0 0
2437 0
0 0
2439 2440
0 0
2441 0
0 0
2443 2445
2444 0
0 0
2446 0
2447 2449
2448 0
0 0
0 0
2451 2546
2452 2522
2453 2519
2454 2486
2455 2476
2456 2468
2457 2459
2458 0
0 0
2460 2467
2461 2463
2462 0
0 0
2464 2465
0 0
2466 0
0 0
0 0
2469 2470
0 0
2471 0
2472 2473
0 0
2474 0
2475 0
0 0
2477 2482
2478 2481
2479 0
2480 0
0 0
0 0
2483 2485
2484 0
0 0
0 0
2487 2491
2488 0
2489 2490
0 0
0 0
2492 2514
2493 2506
2494 2503
2495 2501
2496 2499
2497 0
2498 0
0 0
2500 0
0 0
2502 0
0 0
2504 2505
0 0
0 0
2507 2510
2508 2509
0 0
0 0
2511 2512
0 0
2513 0
0 0
2515 2518
2516 2517
0 0
0 0
0 0
2520 2521
0 0
0 0
2523 2528
2524 2525
0 0
2526 2527
0 0
0 0
2529 2544
2530 2534
2531 0
2532 0
2533 0
0 0
2535 2539
2536 2537
0 0
2538 0
0 0
2540 2542
2541 0
0 0
2543 0
0 0
2545 0
0 0
2547 2578
2548 2563
2549 2560
2550 2555
2551 2552
0 0
2553 2554
0 0
0 0
2556 2558
2557 0
0 0
2559 0
0 0
2561 2562
0 0
0 0
2564 2572
2565 2571
2566 2569
2567 2568
0 0
0 0
2570 0
0 0
0 0
2573 2576
2574 0
2575 0
0 0
2577 0
0 0
2579 0
2580 2585
2581 0
2582 2584
2583 0
0 0
0 0
2586 0
2587 2588
0 0
0 0
2590 0
2591 2679
2592 2598
2593 2596
2594 0
2595 0
0 0
2597 0
0 0
2599 0
2600 2634
2601 2614
2602 2612
2603 2610
2604 2605
0 0
2606 2608
2607 0
0 0
2609 0
0 0
2611 0
0 0
2613 0
0 0
2615 0
2616 0
2617 2630
2618 2625
2619 2620
0 0
2621 2623
2622 0
0 0
2624 0
0 0
2626 2627
0 0
2628 2629
0 0
0 0
2631 2632
0 0
2633 0
0 0
2635 2660
2636 0
2637 2644
2638 2641
2639 2640
0 0
0 0
2642 2643
0 0
0 0
2645 2654
2646 2647
0 0
2648 2653
2649 0
2650 2652
2651 0
0 0
0 0
0 0
2655 2657
2656 0
0 0
2658 2659
0 0
0 0
2661 2669
2662 2666
2663 2664
0 0
2665 0
0 0
2667 0
2668 0
0 0
2670 2675
2671 0
2672 2673
0 0
2674 0
0 0
2676 2677
0 0
2678 0
0 0
2680 2683
2681 2682
0 0
0 0
2684 2685
0 0
2686 0
2687 0
0 0
2689 2706
2690 2693
2691 2692
0 0
0 0
2694 2704
2695 2699
2696 0
2697 2698
0 0
0 0
2700 0
2701 0
2702 2703
0 0
0 0
2705 0
0 0
2707 0
2708 2709
0 0
2710 0
0 0
2712 2870
2713 2828
2714 2799
2715 2749
2716 2723
2717 2721
2718 2720
2719 0
0 0
0 0
2722 0
0 0
2724 2743
2725 2734
2726 2728
2727 0
0 0
2729 2730
0 0
2731 0
2732 0
2733 0
0 0
2735 2737
2736 0
0 0
2738 0
2739 2740
0 0
2741 0
2742 0
0 0
2744 2748
2745 2746
0 0
2747 0
0 0
0 0
2750 2755
2751 0
2752 0
2753 2754
0 0
0 0
2756 2779
2757 2778
2758 2766
2759 2764
2760 0
2761 0
2762 2763
0 0
0 0
2765 0
0 0
2767 2771
2768 0
2769 2770
0 0
0 0
2772 2775
2773 2774
0 0
0 0
2776 2777
0 0
0 0
0 0
2780 2781
0 0
2782 2785
2783 0
2784 0
0 0
2786 2788
2787 0
0 0
2789 2797
2790 0
2791 2792
0 0
2793 2796
2794 0
2795 0
0 0
0 0
2798 0
0 0
2800 2827
2801 2808
2802 2806
2803 0
2804 2805
0 0
0 0
2807 0
0 0
2809 2816
2810 0
2811 2813
2812 0
0 0
2814 0
2815 0
0 0
2817 2824
2818 2821
2819 2820
0 0
0 0
2822 2823
0 0
0 0
2825 2826
0 0
0 0
0 0
2829 2849
2830 2840
2831 2838
2832 2834
2833 0
0 0
2835 2836
0 0
2837 0
0 0
2839 0
0 0
2841 2848
2842 0
2843 2844
0 0
2845 2847
2846 0
0 0
0 0
0 0
2850 2852
2851 0
0 0
2853 2868
2854 2861
2855 2860
2856 0
2857 0
2858 0
2859 0
0 0
0 0
2862 2867
2863 2866
2864 2865
0 0
0 0
0 0
0 0
2869 0
0 0
2871 2959
2872 2940
2873 2915
2874 2911
2875 2907
2876 2878
2877 0
0 0
2879 2886
2880 2884
2881 2883
2882 0
0 0
0 0
2885 0
0 0
2887 2899
2888 2893
2889 2891
2890 0
0 0
2892 0
0 0
2894 2896
2895 0
0 0
2897 0
2898 0
0 0
2900 2905
2901 2904
2902 0
2903 0
0 0
0 0
2906 0
0 0
2908 2909
0 0
2910 0
0 0
2912 2914
2913 0
0 0
0 0
2916 2925
2917 2923
2918 2922
2919 0
2920 0
2921 0
0 0
0 0
2924 0
0 0
2926 2937
2927 2932
2928 2930
2929 0
0 0
2931 0
0 0
2933 2936
2934 0
2935 0
0 0
0 0
2938 2939
0 0
0 0
2941 2943
2942 0
0 0
2944 2953
2945 2950
2946 0
2947 2949
2948 0
0 0
0 0
2951 2952
0 0
0 0
2954 2955
0 0
2956 2958
2957 0
0 0
0 0
2960 3056
2961 3006
2962 2966
2963 2965
2964 0
0 0
0 0
2967 2990
2968 2983
2969 2971
2970 0
0 0
2972 0
2973 2976
2974 2975
0 0
0 0
2977 2979
2978 0
0 0
2980 2981
0 0
2982 0
0 0
2984 2988
2985 2986
0 0
2987 0
0 0
2989 0
0 0
2991 2998
2992 2996
2993 2994
0 0
2995 0
0 0
2997 0
0 0
2999 0
3000 3002
3001 0
0 0
3003 0
3004 0
3005 0
0 0
3007 3039
3008 3018
3009 3016
3010 3013
3011 3012
0 0
0 0
3014 0
3015 0
0 0
3017 0
0 0
3019 3037
3020 3035
3021 3027
3022 0
3023 3026
3024 0
3025 0
0 0
0 0
3028 3030
3029 0
0 0
3031 0
3032 0
3033 0
3034 0
0 0
3036 0
0 0
3038 0
0 0
3040 3048
3041 3047
3042 0
3043 3044
0 0
3045 3046
0 0
0 0
0 0
3049 0
3050 3054
3051 3053
3052 0
0 0
0 0
3055 0
0 0
3057 3350
3058 3155
3059 3132
3060 3123
3061 3067
3062 3065
3063 0
3064 0
0 0
3066 0
0 0
3068 3090
3069 3080
3070 0
3071 3076
3072 3075
3073 0
3074 0
0 0
0 0
3077 3078
0 0
3079 0
0 0
3081 3087
3082 0
3083 0
3084 0
3085 0
3086 0
0 0
3088 0
3089 0
0 0
3091 3094
3092 0
3093 0
0 0
3095 3115
3096 0
3097 3110
3098 3099
0 0
3100 3103
3101 3102
0 0
0 0
3104 3109
3105 3107
3106 0
0 0
3108 0
0 0
0 0
3111 3114
3112 0
3113 0
0 0
0 0
3116 3118
3117 0
0 0
3119 3120
0 0
3121 3122
0 0
0 0
3124 3131
3125 3128
3126 0
3127 0
0 0
3129 3130
0 0
0 0
0 0
3133 3151
3134 3149
3135 3143
3136 3140
3137 3139
3138 0
0 0
0 0
3141 3142
0 0
0 0
3144 3147
3145 0
3146 0
0 0
3148 0
0 0
3150 0
0 0
3152 0
3153 3154
0 0
0 0
3156 3211
3157 3192
3158 3172
3159 3169
3160 3163
3161 3162
0 0
0 0
3164 3166
3165 0
0 0
3167 0
3168 0
0 0
3170 0
3171 0
0 0
3173 3189
3174 3175
0 0
3176 3182
3177 3179
3178 0
0 0
3180 0
3181 0
0 0
3183 3187
3184 3186
3185 0
0 0
0 0
3188 0
0 0
3190 0
3191 0
0 0
3193 3203
3194 3195
0 0
3196 3201
3197 3199
3198 0
0 0
3200 0
0 0
3202 0
0 0
3204 3205
0 0
3206 3209
3207 3208
0 0
0 0
3210 0
0 0
3212 3333
3213 3296
3214 3233
3215 3220
3216 3218
3217 0
0 0
3219 0
0 0
3221 3222
0 0
3223 3231
3224 3229
3225 3227
3226 0
0 0
3228 0
0 0
3230 0
0 0
3232 0
0 0
3234 3239
3235 0
3236 0
3237 0
3238 0
0 0
3240 3266
3241 3252
3242 3245
3243 0
3244 0
0 0
3246 3247
0 0
3248 3251
3249 0
3250 0
0 0
0 0
3253 3261
3254 3255
0 0
3256 3257
0 0
3258 0
3259 0
3260 0
0 0
3262 3264
3263 0
0 0
3265 0
0 0
3267 3271
3268 3269
0 0
3270 0
0 0
3272 3278
3273 3275
3274 0
0 0
3276 3277
0 0
0 0
3279 3291
3280 3290
3281 3285
3282 0
3283 0
3284 0
0 0
3286 0
3287 3288
0 0
3289 0
0 0
0 0
3292 3294
3293 0
0 0
3295 0
0 0
3297 3303
3298 3299
0 0
3300 0
3301 0
3302 0
0 0
3304 3307
3305 3306
0 0
0 0
3308 3330
3309 3325
3310 3315
3311 3313
3312 0
0 0
3314 0
0 0
3316 3322
3317 3320
3318 0
3319 0
0 0
3321 0
0 0
3323 0
3324 0
0 0
3326 3329
3327 3328
0 0
0 0
0 0
3331 0
3332 0
0 0
3334 3341
3335 0
3336 3337
0 0
3338 3340
3339 0
0 0
0 0
3342 3347
3343 3344
0 0
3345 0
3346 0
0 0
3348 3349
0 0
0 0
3351 4163
3352 3616
3353 3465
3354 3414
3355 3413
3356 3387
3357 3365
3358 0
3359 3361
3360 0
0 0
3362 3363
0 0
3364 0
0 0
3366 3375
3367 3372
3368 3369
0 0
3370 3371
0 0
0 0
3373 3374
0 0
0 0
3376 0
3377 3385
3378 3384
3379 0
3380 3381
0 0
3382 0
3383 0
0 0
0 0
3386 0
0 0
3388 0
3389 3391
3390 0
0 0
3392 3394
3393 0
0 0
3395 3404
3396 3400
3397 3399
3398 0
0 0
0 0
3401 3402
0 0
3403 0
0 0
3405 3408
3406 3407
0 0
0 0
3409 3412
3410 3411
0 0
0 0
0 0
0 0
3415 3440
3416 3421
3417 0
3418 3419
0 0
3420 0
0 0
3422 3436
3423 3431
3424 3429
3425 0
3426 3427
0 0
3428 0
0 0
3430 0
0 0
3432 3433
0 0
3434 3435
0 0
0 0
3437 3439
3438 0
0 0
0 0
3441 3448
3442 3446
3443 0
3444 3445
0 0
0 0
3447 0
0 0
3449 3457
3450 3452
3451 0
0 0
3453 3454
0 0
3455 3456
0 0
0 0
3458 3461
3459 3460
0 0
0 0
3462 0
3463 0
3464 0
0 0
3466 3536
3467 3514
3468 3470
3469 0
0 0
3471 3502
3472 3492
3473 3482
3474 3479
3475 3477
3476 0
0 0
3478 0
0 0
3480 3481
0 0
0 0
3483 3486
3484 3485
0 0
0 0
3487 3491
3488 3490
3489 0
0 0
0 0
0 0
3493 3501
3494 0
3495 3496
0 0
3497 3500
3498 3499
0 0
0 0
0 0
0 0
3503 3512
3504 3505
0 0
3506 3509
3507 3508
0 0
0 0
3510 3511
0 0
0 0
3513 0
0 0
3515 3534
3516 3533
3517 3527
3518 3519
0 0
3520 3526
3521 3523
3522 0
0 0
3524 3525
0 0
0 0
0 0
3528 3532
3529 3530
0 0
3531 0
0 0
0 0
0 0
3535 0
0 0
3537 3550
3538 3547
3539 3540
0 0
3541 3546
3542 0
3543 3545
3544 0
0 0
0 0
0 0
3548 3549
0 0
0 0
3551 3567
3552 3566
3553 3559
3554 3558
3555 3557
3556 0
0 0
0 0
0 0
3560 3561
0 0
3562 0
3563 0
3564 3565
0 0
0 0
0 0
3568 3570
3569 0
0 0
3571 3579
3572 3575
3573 3574
0 0
0 0
3576 3578
3577 0
0 0
0 0
3580 3610
3581 3593
3582 0
3583 3589
3584 3587
3585 3586
0 0
0 0
3588 0
0 0
3590 3591
0 0
3592 0
0 0
3594 3606
3595 3599
3596 3597
0 0
3598 0
0 0
3600 3605
3601 3602
0 0
3603 3604
0 0
0 0
0 0
3607 3609
3608 0
0 0
0 0
3611 3614
3612 0
3613 0
0 0
3615 0
0 0
3617 3889
3618 3710
3619 3690
3620 3678
3621 3663
3622 3643
3623 3639
3624 3633
3625 3632
3626 3628
3627 0
0 0
3629 3631
3630 0
0 0
0 0
0 0
3634 3637
3635 3636
0 0
0 0
3638 0
0 0
3640 3641
0 0
3642 0
0 0
3644 3649
3645 3648
3646 0
3647 0
0 0
0 0
3650 0
3651 3654
3652 0
3653 0
0 0
3655 3656
0 0
3657 3660
3658 3659
0 0
0 0
3661 0
3662 0
0 0
3664 3675
3665 3670
3666 3668
3667 0
0 0
3669 0
0 0
3671 3673
3672 0
0 0
3674 0
0 0
3676 0
3677 0
0 0
3679 3685
3680 3682
3681 0
0 0
3683 0
3684 0
0 0
3686 3687
0 0
3688 3689
0 0
0 0
3691 3700
3692 3698
3693 3696
3694 3695
0 0
0 0
3697 0
0 0
3699 0
0 0
3701 3702
0 0
3703 0
3704 3709
3705 3708
3706 3707
0 0
0 0
0 0
0 0
3711 3806
3712 3773
3713 3722
3714 3717
3715 3716
0 0
0 0
3718 0
3719 3721
3720 0
0 0
0 0
3723 3725
3724 0
0 0
3726 3735
3727 3733
3728 0
3729 3730
0 0
3731 0
3732 0
0 0
3734 0
0 0
3736 3744
3737 3743
3738 3740
3739 0
0 0
3741 0
3742 0
0 0
0 0
3745 3757
3746 3747
0 0
3748 3755
3749 3752
3750 0
3751 0
0 0
3753 0
3754 0
0 0
3756 0
0 0
3758 3772
3759 0
3760 3766
3761 3765
3762 3763
0 0
3764 0
0 0
0 0
3767 3768
0 0
3769 3771
3770 0
0 0
0 0
0 0
3774 3801
3775 3799
3776 3786
3777 3778
0 0
3779 3785
3780 0
3781 3782
0 0
3783 3784
0 0
0 0
0 0
3787 3796
3788 3790
3789 0
0 0
3791 3793
3792 0
0 0
3794 0
3795 0
0 0
3797 3798
0 0
0 0
3800 0
0 0
3802 3803
0 0
3804 3805
0 0
0 0
3807 3854
3808 3820
3809 3817
3810 3814
3811 3813
3812 0
0 0
0 0
3815 3816
0 0
0 0
3818 0
3819 0
0 0
3821 3824
3822 0
3823 0
0 0
3825 3844
3826 3836
3827 3831
3828 3830
3829 0
0 0
0 0
3832 3834
3833 0
0 0
3835 0
0 0
3837 3838
0 0
3839 3843
3840 3841
0 0
3842 0
0 0
0 0
3845 3848
3846 0
3847 0
0 0
3849 3851
3850 0
0 0
3852 0
3853 0
0 0
3855 3888
3856 3885
3857 3882
3858 3873
3859 3864
3860 3862
3861 0
0 0
3863 0
0 0
3865 3870
3866 3868
3867 0
0 0
3869 0
0 0
3871 0
3872 0
0 0
3874 3876
3875 0
0 0
3877 3878
0 0
3879 3880
0 0
3881 0
0 0
3883 3884
0 0
0 0
3886 0
3887 0
0 0
0 0
3890 4053
3891 3946
3892 3912
3893 3903
3894 3895
0 0
3896 3899
3897 0
3898 0
0 0
3900 0
3901 0
3902 0
0 0
3904 3909
3905 3908
3906 3907
0 0
0 0
0 0
3910 0
3911 0
0 0
3913 3921
3914 3919
3915 3918
3916 0
3917 0
0 0
0 0
3920 0
0 0
3922 3932
3923 3925
3924 0
0 0
3926 3929
3927 3928
0 0
0 0
3930 0
3931 0
0 0
3933 3935
3934 0
0 0
3936 3945
3937 3944
3938 3943
3939 3940
0 0
3941 3942
0 0
0 0
0 0
0 0
0 0
3947 4033
3948 4015
3949 3997
3950 3975
3951 3968
3952 3960
3953 3954
0 0
3955 0
3956 3958
3957 0
0 0
3959 0
0 0
3961 3962
0 0
3963 3964
0 0
3965 3967
3966 0
0 0
0 0
3969 3972
3970 0
3971 0
0 0
3973 3974
0 0
0 0
3976 3995
3977 3980
3978 0
3979 0
0 0
3981 3994
3982 3984
3983 0
0 0
3985 3988
3986 0
3987 0
0 0
3989 3993
3990 3991
0 0
3992 0
0 0
0 0
0 0
3996 0
0 0
3998 4004
3999 4000
0 0
4001 4002
0 0
4003 0
0 0
4005 0
4006 4012
4007 4009
4008 0
0 0
4010 4011
0 0
0 0
4013 4014
0 0
0 0
4016 4031
4017 4030
4018 4024
4019 4023
4020 4021
0 0
4022 0
0 0
0 0
4025 0
4026 4029
4027 4028
0 0
0 0
0 0
0 0
4032 0
0 0
4034 4042
4035 4041
4036 4037
0 0
4038 0
4039 4040
0 0
0 0
0 0
4043 4051
4044 0
4045 4049
4046 4047
0 0
4048 0
0 0
4050 0
0 0
4052 0
0 0
4054 4110
4055 4080
4056 4058
4057 0
0 0
4059 4079
4060 4066
4061 4063
4062 0
0 0
4064 0
4065 0
0 0
4067 4074
4068 4070
4069 0
0 0
4071 4072
0 0
4073 0
0 0
4075 4077
4076 0
0 0
4078 0
0 0
0 0
4081 4086
4082 4084
4083 0
0 0
4085 0
0 0
4087 4109
4088 4108
4089 4107
4090 4103
4091 4094
4092 4093
0 0
0 0
4095 4099
4096 4098
4097 0
0 0
0 0
4100 4102
4101 0
0 0
0 0
4104 4106
4105 0
0 0
0 0
0 0
0 0
0 0
4111 4140
4112 4114
4113 0
0 0
4115 4117
4116 0
0 0
4118 4133
4119 4127
4120 4126
4121 4123
4122 0
0 0
4124 4125
0 0
0 0
0 0
4128 4132
4129 4130
0 0
4131 0
0 0
0 0
4134 4135
0 0
4136 4138
4137 0
0 0
4139 0
0 0
4141 4160
4142 4144
4143 0
0 0
4145 4149
4146 4147
0 0
4148 0
0 0
4150 4154
4151 4153
4152 0
0 0
0 0
4155 0
4156 4157
0 0
4158 4159
0 0
0 0
4161 4162
0 0
0 0
4164 4483
4165 4289
4166 4249
4167 4236
4168 4193
4169 4184
4170 4174
4171 4172
0 0
4173 0
0 0
4175 4180
4176 0
4177 4178
0 0
4179 0
0 0
4181 0
4182 4183
0 0
0 0
4185 4187
4186 0
0 0
4188 4190
4189 0
0 0
4191 4192
0 0
0 0
4194 4232
4195 4203
4196 0
4197 4198
0 0
4199 0
4200 4202
4201 0
0 0
0 0
4204 4207
4205 4206
0 0
0 0
4208 4228
4209 0
4210 4223
4211 4219
4212 4218
4213 4215
4214 0
0 0
4216 0
4217 0
0 0
0 0
4220 4221
0 0
4222 0
0 0
4224 4226
4225 0
0 0
4227 0
0 0
4229 0
4230 0
4231 0
0 0
4233 0
4234 4235
0 0
0 0
4237 4247
4238 4239
0 0
4240 4241
0 0
4242 4245
4243 4244
0 0
0 0
4246 0
0 0
4248 0
0 0
4250 4260
4251 4256
4252 4255
4253 4254
0 0
0 0
0 0
4257 4259
4258 0
0 0
0 0
4261 4278
4262 4266
4263 0
4264 0
4265 0
0 0
4267 4275
4268 4271
4269 4270
0 0
0 0
4272 4273
0 0
4274 0
0 0
4276 4277
0 0
0 0
4279 4282
4280 4281
0 0
0 0
4283 4284
0 0
4285 4288
4286 0
4287 0
0 0
0 0
4290 4358
4291 4334
4292 4330
4293 4311
4294 4300
4295 4296
0 0
4297 4298
0 0
4299 0
0 0
4301 4308
4302 4304
4303 0
0 0
4305 4306
0 0
4307 0
0 0
4309 4310
0 0
0 0
4312 4325
4313 4317
4314 4315
0 0
4316 0
0 0
4318 4319
0 0
4320 4321
0 0
4322 4323
0 0
4324 0
0 0
4326 4329
4327 4328
0 0
0 0
0 0
4331 4333
4332 0
0 0
0 0
4335 4354
4336 4349
4337 4339
4338 0
0 0
4340 4341
0 0
4342 4345
4343 0
4344 0
0 0
4346 0
4347 0
4348 0
0 0
4350 4352
4351 0
0 0
4353 0
0 0
4355 4357
4356 0
0 0
0 0
4359 4428
4360 4408
4361 4399
4362 4372
4363 4366
4364 0
4365 0
0 0
4367 0
4368 4370
4369 0
0 0
4371 0
0 0
4373 4391
4374 4380
4375 4376
0 0
4377 4379
4378 0
0 0
0 0
4381 4386
4382 0
4383 0
4384 4385
0 0
0 0
4387 0
4388 4390
4389 0
0 0
0 0
4392 4397
4393 4394
0 0
4395 4396
0 0
0 0
4398 0
0 0
4400 4403
4401 0
4402 0
0 0
4404 4407
4405 0
4406 0
0 0
0 0
4409 4422
4410 4411
0 0
4412 0
4413 4419
4414 4416
4415 0
0 0
4417 0
4418 0
0 0
4420 4421
0 0
0 0
4423 0
4424 4426
4425 0
0 0
4427 0
0 0
4429 4448
4430 4434
4431 4432
0 0
4433 0
0 0
4435 4438
4436 4437
0 0
0 0
4439 4444
4440 4443
4441 0
4442 0
0 0
0 0
4445 4446
0 0
4447 0
0 0
4449 4480
4450 4473
4451 4468
4452 4458
4453 4455
4454 0
0 0
4456 0
4457 0
0 0
4459 4463
4460 4461
0 0
4462 0
0 0
4464 4466
4465 0
0 0
4467 0
0 0
4469 4470
0 0
4471 4472
0 0
0 0
4474 4478
4475 4476
0 0
4477 0
0 0
4479 0
0 0
4481 4482
0 0
0 0
4484 4504
4485 4493
4486 4492
4487 4488
0 0
4489 4490
0 0
4491 0
0 0
0 0
4494 4500
4495 0
4496 4498
4497 0
0 0
4499 0
0 0
4501 4502
0 0
4503 0
0 0
4505 4509
4506 4507
0 0
4508 0
0 0
4510 4523
4511 4515
4512 4513
0 0
4514 0
0 0
4516 4517
0 0
4518 4522
4519 0
4520 0
4521 0
0 0
0 0
4524 4525
0 0
4526 4529
4527 4528
0 0
0 0
0 0
4531 4624
4532 4610
4533 4586
4534 4578
4535 4548
4536 4540
4537 4539
4538 0
0 0
0 0
4541 4544
4542 4543
0 0
0 0
4545 4546
0 0
4547 0
0 0
4549 4552
4550 4551
0 0
0 0
4553 4573
4554 4559
4555 0
4556 4557
0 0
4558 0
0 0
4560 4566
4561 4562
0 0
4563 4564
0 0
4565 0
0 0
4567 4568
0 0
4569 0
4570 0
4571 4572
0 0
0 0
4574 0
4575 4577
4576 0
0 0
0 0
4579 4585
4580 4583
4581 4582
0 0
0 0
4584 0
0 0
0 0
4587 4606
4588 4597
4589 4595
4590 4594
4591 4592
0 0
4593 0
0 0
0 0
4596 0
0 0
4598 0
4599 4605
4600 4601
0 0
4602 0
4603 0
4604 0
0 0
0 0
4607 4609
4608 0
0 0
0 0
4611 4613
4612 0
0 0
4614 4623
4615 4622
4616 4618
4617 0
0 0
4619 0
4620 0
4621 0
0 0
0 0
0 0
4625 4654
4626 4631
4627 4628
0 0
4629 4630
0 0
0 0
4632 4636
4633 4635
4634 0
0 0
0 0
4637 4645
4638 4641
4639 0
4640 0
0 0
4642 4643
0 0
4644 0
0 0
4646 4653
4647 4649
4648 0
0 0
4650 0
4651 0
4652 0
0 0
0 0
4655 0
4656 0
0 0
4658 4951
4659 4703
4660 4667
4661 4665
4662 4664
4663 0
0 0
0 0
4666 0
0 0
4668 4683
4669 4680
4670 0
4671 4678
4672 4676
4673 4674
0 0
4675 0
0 0
4677 0
0 0
4679 0
0 0
4681 0
4682 0
0 0
4684 4701
4685 4697
4686 4687
0 0
4688 4689
0 0
4690 4696
4691 4695
4692 0
4693 4694
0 0
0 0
0 0
0 0
4698 4700
4699 0
0 0
0 0
4702 0
0 0
4704 4841
4705 4810
4706 4744
4707 4733
4708 4711
4709 0
4710 0
0 0
4712 4720
4713 4718
4714 4715
0 0
4716 4717
0 0
0 0
4719 0
0 0
4721 4725
4722 4723
0 0
4724 0
0 0
4726 4730
4727 4728
0 0
4729 0
0 0
4731 4732
0 0
0 0
4734 4739
4735 4738
4736 4737
0 0
0 0
0 0
4740 4742
4741 0
0 0
4743 0
0 0
4745 4754
4746 4747
0 0
4748 4752
4749 4750
0 0
4751 0
0 0
4753 0
0 0
4755 4759
4756 0
4757 0
4758 0
0 0
4760 4769
4761 4763
4762 0
0 0
4764 4768
4765 4766
0 0
4767 0
0 0
0 0
4770 4809
4771 4784
4772 0
4773 4775
4774 0
0 0
4776 4778
4777 0
0 0
4779 4781
4780 0
0 0
4782 0
4783 0
0 0
4785 4788
4786 4787
0 0
0 0
4789 4800
4790 4797
4791 4794
4792 4793
0 0
0 0
4795 0
4796 0
0 0
4798 0
4799 0
0 0
4801 0
4802 0
4803 4808
4804 4807
4805 0
4806 0
0 0
0 0
0 0
0 0
4811 4822
4812 4820
4813 4814
0 0
4815 0
4816 0
4817 4819
4818 0
0 0
0 0
4821 0
0 0
4823 4836
4824 4825
0 0
4826 4831
4827 4829
4828 0
0 0
4830 0
0 0
4832 4834
4833 0
0 0
4835 0
0 0
4837 4839
4838 0
0 0
4840 0
0 0
4842 4925
4843 4845
4844 0
0 0
4846 4892
4847 4874
4848 4860
4849 4851
4850 0
0 0
4852 4857
4853 4856
4854 0
4855 0
0 0
0 0
4858 4859
0 0
0 0
4861 4863
4862 0
0 0
4864 4868
4865 4866
0 0
4867 0
0 0
4869 4870
0 0
4871 0
4872 4873
0 0
0 0
4875 4883
4876 4881
4877 4879
4878 0
0 0
4880 0
0 0
4882 0
0 0
4884 4890
4885 4887
4886 0
0 0
4888 4889
0 0
0 0
4891 0
0 0
4893 0
4894 4913
4895 4908
4896 4903
4897 4898
0 0
4899 0
4900 4902
4901 0
0 0
0 0
4904 0
4905 0
4906 0
4907 0
0 0
4909 4910
0 0
4911 0
4912 0
0 0
4914 4918
4915 4917
4916 0
0 0
0 0
4919 4920
0 0
4921 4922
0 0
4923 0
4924 0
0 0
4926 4942
4927 4939
4928 4933
4929 4930
0 0
4931 0
4932 0
0 0
4934 4938
4935 0
4936 0
4937 0
0 0
0 0
4940 4941
0 0
0 0
4943 0
4944 4946
4945 0
0 0
4947 4949
4948 0
0 0
4950 0
0 0
4952 5414
4953 5122
4954 4975
4955 4970
4956 4959
4957 4958
0 0
0 0
4960 4967
4961 4966
4962 4965
4963 4964
0 0
0 0
0 0
0 0
4968 4969
0 0
0 0
4971 4973
4972 0
0 0
4974 0
0 0
4976 5079
4977 4982
4978 0
4979 0
4980 4981
0 0
0 0
4983 4984
0 0
4985 5043
4986 4987
0 0
4988 5033
4989 4994
4990 4993
4991 4992
0 0
0 0
0 0
4995 5028
4996 5005
4997 0
4998 5002
4999 5000
0 0
5001 0
0 0
5003 0
5004 0
0 0
5006 5018
5007 5015
5008 0
5009 0
5010 0
5011 0
5012 5014
5013 0
0 0
0 0
5016 5017
0 0
0 0
5019 5023
5020 5021
0 0
5022 0
0 0
5024 5026
5025 0
0 0
5027 0
0 0
5029 0
5030 0
5031 0
5032 0
0 0
5034 5036
5035 0
0 0
5037 0
5038 5040
5039 0
0 0
5041 0
5042 0
0 0
5044 5052
5045 5046
0 0
5047 5050
5048 0
5049 0
0 0
5051 0
0 0
5053 5056
5054 5055
0 0
0 0
5057 5074
5058 5071
5059 5065
5060 5064
5061 5062
0 0
5063 0
0 0
0 0
5066 5070
5067 0
5068 5069
0 0
0 0
0 0
5072 0
5073 0
0 0
5075 5076
0 0
5077 0
5078 0
0 0
5080 5121
5081 5101
5082 5098
5083 0
5084 5093
5085 5092
5086 0
5087 5088
0 0
5089 0
5090 0
5091 0
0 0
0 0
5094 0
5095 0
5096 5097
0 0
0 0
5099 0
5100 0
0 0
5102 5114
5103 5111
5104 5105
0 0
5106 5109
5107 0
5108 0
0 0
5110 0
0 0
5112 0
5113 0
0 0
5115 5119
5116 5117
0 0
5118 0
0 0
5120 0
0 0
0 0
5123 5243
5124 5146
5125 5140
5126 5129
5127 0
5128 0
0 0
5130 5136
5131 5135
5132 5133
0 0
5134 0
0 0
0 0
5137 0
5138 0
5139 0
0 0
5141 5143
5142 0
0 0
5144 5145
0 0
0 0
5147 5186
5148 5175
5149 5150
0 0
5151 0
5152 5159
5153 5155
5154 0
0 0
5156 5158
5157 0
0 0
0 0
5160 5170
5161 5163
5162 0
0 0
5164 5168
5165 5167
5166 0
0 0
0 0
5169 0
0 0
5171 5173
5172 0
0 0
5174 0
0 0
5176 5177
0 0
5178 5182
5179 0
5180 5181
0 0
0 0
5183 5185
5184 0
0 0
0 0
5187 5204
5188 5203
5189 5190
0 0
5191 0
5192 5201
5193 5199
5194 0
5195 5196
0 0
5197 0
5198 0
0 0
5200 0
0 0
5202 0
0 0
0 0
5205 5217
5206 0
5207 5216
5208 5215
5209 0
5210 0
5211 5214
5212 5213
0 0
0 0
0 0
0 0
0 0
5218 5232
5219 5223
5220 0
5221 0
5222 0
0 0
5224 5228
5225 5227
5226 0
0 0
0 0
5229 0
5230 5231
0 0
0 0
5233 5234
0 0
5235 5237
5236 0
0 0
5238 5240
5239 0
0 0
5241 0
5242 0
0 0
5244 5307
5245 5299
5246 5291
5247 5259
5248 5255
5249 5254
5250 0
5251 5253
5252 0
0 0
0 0
0 0
5256 5258
5257 0
0 0
0 0
5260 5264
5261 0
5262 5263
0 0
0 0
5265 5272
5266 5269
5267 0
5268 0
0 0
5270 5271
0 0
0 0
5273 5285
5274 5283
5275 5278
5276 0
5277 0
0 0
5279 0
5280 5282
5281 0
0 0
0 0
5284 0
0 0
5286 5289
5287 0
5288 0
0 0
5290 0
0 0
5292 5298
5293 5296
5294 5295
0 0
0 0
5297 0
0 0
0 0
5300 5301
0 0
5302 5305
5303 5304
0 0
0 0
5306 0
0 0
5308 5352
5309 5316
5310 5312
5311 0
0 0
5313 0
5314 5315
0 0
0 0
5317 5320
5318 5319
0 0
0 0
5321 5330
5322 5323
0 0
5324 5328
5325 5327
5326 0
0 0
0 0
5329 0
0 0
5331 5346
5332 5336
5333 0
5334 0
5335 0
0 0
5337 5342
5338 5339
0 0
5340 0
5341 0
0 0
5343 5344
0 0
5345 0
0 0
5347 5351
5348 5350
5349 0
0 0
0 0
0 0
5353 5362
5354 5357
5355 0
5356 0
0 0
5358 5361
5359 5360
0 0
0 0
0 0
5363 5407
5364 5401
5365 5370
5366 5367
0 0
5368 0
5369 0
0 0
5371 5394
5372 5388
5373 5384
5374 5383
5375 5376
0 0
5377 5379
5378 0
0 0
5380 5382
5381 0
0 0
0 0
0 0
5385 0
5386 0
5387 0
0 0
5389 5391
5390 0
0 0
5392 5393
0 0
0 0
5395 5400
5396 5398
5397 0
0 0
5399 0
0 0
0 0
5402 5406
5403 5405
5404 0
0 0
0 0
0 0
5408 0
5409 5413
5410 0
5411 5412
0 0
0 0
0 0
5415 5416
0 0
5417 5418
0 0
5419 5420
0 0
5421 0
5422 5424
5423 0
0 0
0 0
5426 5450
5427 5438
5428 5430
5429 0
0 0
5431 5434
5432 0
5433 0
0 0
5435 5436
0 0
5437 0
0 0
5439 5440
0 0
5441 5449
5442 5448
5443 5444
0 0
5445 0
5446 0
5447 0
0 0
0 0
0 0
5451 5465
5452 5460
5453 5457
5454 5455
0 0
5456 0
0 0
5458 0
5459 0
0 0
5461 5462
0 0
5463 0
5464 0
0 0
5466 5469
5467 0
5468 0
0 0
5470 5472
5471 0
0 0
5473 0
5474 0
0 0
5476 5941
5477 5648
5478 5611
5479 5531
5480 0
5481 5501
5482 5491
5483 0
5484 5489
5485 0
5486 5488
5487 0
0 0
0 0
5490 0
0 0
5492 5493
0 0
5494 5499
5495 5498
5496 0
5497 0
0 0
0 0
5500 0
0 0
5502 5524
5503 5522
5504 5512
5505 5508
5506 0
5507 0
0 0
5509 0
5510 0
5511 0
0 0
5513 5516
5514 5515
0 0
0 0
5517 5519
5518 0
0 0
5520 5521
0 0
0 0
5523 0
0 0
5525 5526
0 0
5527 5529
5528 0
0 0
5530 0
0 0
5532 5541
5533 5534
0 0
5535 5538
5536 0
5537 0
0 0
5539 5540
0 0
0 0
5542 5597
5543 5571
5544 5569
5545 5558
5546 5548
5547 0
0 0
5549 5552
5550 0
5551 0
0 0
5553 5554
0 0
5555 0
5556 5557
0 0
0 0
5559 5566
5560 5563
5561 5562
0 0
0 0
5564 0
5565 0
0 0
5567 5568
0 0
0 0
5570 0
0 0
5572 5574
5573 0
0 0
5575 5583
5576 5581
5577 5579
5578 0
0 0
5580 0
0 0
5582 0
0 0
5584 5585
0 0
5586 5593
5587 5589
5588 0
0 0
5590 0
5591 0
5592 0
0 0
5594 5596
5595 0
0 0
0 0
5598 5602
5599 5601
5600 0
0 0
0 0
5603 5607
5604 0
5605 5606
0 0
0 0
5608 0
5609 5610
0 0
0 0
5612 5613
0 0
5614 5638
5615 5627
5616 5624
5617 5618
0 0
5619 5622
5620 5621
0 0
0 0
5623 0
0 0
5625 5626
0 0
0 0
5628 5633
5629 5632
5630 0
5631 0
0 0
0 0
5634 5637
5635 5636
0 0
0 0
0 0
5639 5642
5640 5641
0 0
0 0
5643 5646
5644 0
5645 0
0 0
5647 0
0 0
5649 5736
5650 5666
5651 5653
5652 0
0 0
5654 5655
0 0
5656 5661
5657 0
5658 5659
0 0
5660 0
0 0
5662 5665
5663 5664
0 0
0 0
0 0
5667 5733
5668 5682
5669 5680
5670 5675
5671 5672
0 0
5673 0
5674 0
0 0
5676 5678
5677 0
0 0
5679 0
0 0
5681 0
0 0
5683 5722
5684 5712
5685 5691
5686 5690
5687 5688
0 0
5689 0
0 0
0 0
5692 5708
5693 5694
0 0
5695 5699
5696 0
5697 5698
0 0
0 0
5700 5702
5701 0
0 0
5703 0
5704 0
5705 0
5706 5707
0 0
0 0
5709 5710
0 0
5711 0
0 0
5713 5717
5714 0
5715 0
5716 0
0 0
5718 5720
5719 0
0 0
5721 0
0 0
5723 5724
0 0
5725 5731
5726 5729
5727 0
5728 0
0 0
5730 0
0 0
5732 0
0 0
5734 5735
0 0
0 0
5737 5893
5738 5860
5739 5810
5740 5742
5741 0
0 0
5743 5792
5744 5758
5745 5751
5746 5749
5747 5748
0 0
0 0
5750 0
0 0
5752 5753
0 0
5754 5755
0 0
5756 5757
0 0
0 0
5759 5772
5760 5769
5761 5766
5762 5765
5763 5764
0 0
0 0
0 0
5767 0
5768 0
0 0
5770 0
5771 0
0 0
5773 5780
5774 5779
5775 0
5776 5777
0 0
5778 0
0 0
0 0
5781 5782
0 0
5783 5790
5784 5786
5785 0
0 0
5787 5789
5788 0
0 0
0 0
5791 0
0 0
5793 5802
5794 5800
5795 0
5796 5799
5797 0
5798 0
0 0
0 0
5801 0
0 0
5803 0
5804 5807
5805 0
5806 0
0 0
5808 5809
0 0
0 0
5811 5836
5812 5829
5813 5824
5814 0
5815 5821
5816 5817
0 0
5818 0
5819 0
5820 0
0 0
5822 0
5823 0
0 0
5825 0
5826 5827
0 0
5828 0
0 0
5830 5835
5831 5832
0 0
5833 5834
0 0
0 0
0 0
5837 5851
5838 5842
5839 5840
0 0
5841 0
0 0
5843 5844
0 0
5845 5848
5846 5847
0 0
0 0
5849 0
5850 0
0 0
5852 5854
5853 0
0 0
5855 5857
5856 0
0 0
5858 0
5859 0
0 0
5861 5879
5862 5869
5863 5864
0 0
5865 5866
0 0
5867 0
5868 0
0 0
5870 5872
5871 0
0 0
5873 5878
5874 5877
5875 5876
0 0
0 0
0 0
0 0
5880 5888
5881 5884
5882 5883
0 0
0 0
5885 0
5886 5887
0 0
0 0
5889 5890
0 0
5891 5892
0 0
0 0
5894 5909
5895 5907
5896 5900
5897 5899
5898 0
0 0
0 0
5901 5906
5902 5903
0 0
5904 5905
0 0
0 0
0 0
5908 0
0 0
5910 5917
5911 5916
5912 0
5913 0
5914 0
5915 0
0 0
0 0
5918 5919
0 0
5920 5926
5921 0
5922 5923
0 0
5924 0
5925 0
0 0
5927 5933
5928 5932
5929 5931
5930 0
0 0
0 0
0 0
5934 5938
5935 0
5936 5937
0 0
0 0
5939 5940
0 0
0 0
5942 6903
5943 6619
5944 6029
5945 5956
5946 5948
5947 0
0 0
5949 5953
5950 0
5951 5952
0 0
0 0
5954 0
5955 0
0 0
5957 6014
5958 6000
5959 5970
5960 5966
5961 5962
0 0
5963 0
5964 0
5965 0
0 0
5967 5968
0 0
5969 0
0 0
5971 5981
5972 5973
0 0
5974 5977
5975 5976
0 0
0 0
5978 5979
0 0
5980 0
0 0
5982 5998
5983 5997
5984 5985
0 0
5986 5989
5987 5988
0 0
0 0
5990 5992
5991 0
0 0
5993 5994
0 0
5995 5996
0 0
0 0
0 0
5999 0
0 0
6001 6004
6002 6003
0 0
0 0
6005 6013
6006 0
6007 6012
6008 6009
0 0
6010 0
6011 0
0 0
0 0
0 0
6015 6021
6016 6019
6017 6018
0 0
0 0
6020 0
0 0
6022 6024
6023 0
0 0
6025 6028
6026 6027
0 0
0 0
0 0
6030 6352
6031 6274
6032 6104
6033 6077
6034 6064
6035 6038
6036 0
6037 0
0 0
6039 6046
6040 0
6041 6045
6042 0
6043 0
6044 0
0 0
0 0
6047 6061
6048 6055
6049 0
6050 6051
0 0
6052 6054
6053 0
0 0
0 0
6056 6057
0 0
6058 6059
0 0
6060 0
0 0
6062 6063
0 0
0 0
6065 6072
6066 6070
6067 0
6068 0
6069 0
0 0
6071 0
0 0
6073 6074
0 0
6075 0
6076 0
0 0
6078 6102
6079 6080
0 0
6081 6100
6082 6089
6083 6084
0 0
6085 6086
0 0
6087 0
6088 0
0 0
6090 0
6091 6098
6092 6094
6093 0
0 0
6095 6096
0 0
6097 0
0 0
6099 0
0 0
6101 0
0 0
6103 0
0 0
6105 6261
6106 6117
6107 6111
6108 6110
6109 0
0 0
0 0
6112 6114
6113 0
0 0
6115 6116
0 0
0 0
6118 6130
6119 6126
6120 6125
6121 6124
6122 6123
0 0
0 0
0 0
0 0
6127 0
6128 6129
0 0
0 0
6131 6155
6132 6146
6133 6138
6134 6135
0 0
6136 6137
0 0
0 0
6139 6145
6140 6142
6141 0
0 0
6143 6144
0 0
0 0
0 0
6147 0
6148 0
6149 0
6150 6154
6151 6152
0 0
6153 0
0 0
0 0
6156 6231
6157 0
6158 6190
6159 6169
6160 0
6161 6165
6162 6164
6163 0
0 0
0 0
6166 0
6167 6168
0 0
0 0
6170 6184
6171 6183
6172 6177
6173 6176
6174 0
6175 0
0 0
0 0
6178 6180
6179 0
0 0
6181 6182
0 0
0 0
0 0
6185 6187
6186 0
0 0
6188 6189
0 0
0 0
6191 6212
6192 6193
0 0
6194 6201
6195 6197
6196 0
0 0
6198 6200
6199 0
0 0
0 0
6202 6209
6203 6208
6204 0
6205 6207
6206 0
0 0
0 0
0 0
6210 6211
0 0
0 0
6213 6217
6214 0
6215 0
6216 0
0 0
6218 6228
6219 6223
6220 6222
6221 0
0 0
0 0
6224 6227
6225 0
6226 0
0 0
0 0
6229 0
6230 0
0 0
6232 6258
6233 6255
6234 6245
6235 6236
0 0
6237 0
6238 6244
6239 6241
6240 0
0 0
6242 6243
0 0
0 0
0 0
6246 6249
6247 0
6248 0
0 0
6250 6251
0 0
6252 6253
0 0
6254 0
0 0
6256 0
6257 0
0 0
6259 0
6260 0
0 0
6262 6263
0 0
6264 6271
6265 6270
6266 6267
0 0
6268 6269
0 0
0 0
0 0
6272 6273
0 0
0 0
6275 6314
6276 6297
6277 6286
6278 6284
6279 6281
6280 0
0 0
6282 0
6283 0
0 0
6285 0
0 0
6287 6295
6288 6292
6289 6290
0 0
6291 0
0 0
6293 6294
0 0
0 0
6296 0
0 0
6298 6306
6299 6304
6300 6301
0 0
6302 0
6303 0
0 0
6305 0
0 0
6307 6308
0 0
6309 6310
0 0
6311 6313
6312 0
0 0
0 0
6315 6316
0 0
6317 6346
6318 6319
0 0
6320 6326
6321 6325
6322 0
6323 0
6324 0
0 0
0 0
6327 6340
6328 6332
6329 0
6330 6331
0 0
0 0
6333 6339
6334 6337
6335 0
6336 0
0 0
6338 0
0 0
0 0
6341 0
6342 0
6343 0
6344 0
6345 0
0 0
6347 6350
6348 6349
0 0
0 0
6351 0
0 0
6353 6572
6354 6362
6355 6360
6356 0
6357 6358
0 0
6359 0
0 0
6361 0
0 0
6363 6487
6364 6475
6365 6426
6366 6421
6367 6416
6368 6407
6369 6393
6370 6389
6371 6383
6372 6377
6373 6375
6374 0
0 0
6376 0
0 0
6378 6382
6379 0
6380 6381
0 0
0 0
0 0
6384 0
6385 6388
6386 6387
0 0
0 0
0 0
6390 6391
0 0
6392 0
0 0
6394 6404
6395 0
6396 6399
6397 0
6398 0
0 0
6400 6402
6401 0
0 0
6403 0
0 0
6405 6406
0 0
0 0
6408 6412
6409 6411
6410 0
0 0
0 0
6413 6415
6414 0
0 0
0 0
6417 0
6418 0
6419 6420
0 0
0 0
6422 6423
0 0
6424 6425
0 0
0 0
6427 6445
6428 6431
6429 6430
0 0
0 0
6432 6436
6433 6435
6434 0
0 0
0 0
6437 6442
6438 6440
6439 0
0 0
6441 0
0 0
6443 0
6444 0
0 0
6446 6451
6447 0
6448 6449
0 0
6450 0
0 0
6452 6459
6453 6457
6454 0
6455 6456
0 0
0 0
6458 0
0 0
6460 0
6461 6463
6462 0
0 0
6464 6473
6465 6469
6466 6467
0 0
6468 0
0 0
6470 0
6471 0
6472 0
0 0
6474 0
0 0
6476 0
6477 6481
6478 6479
0 0
6480 0
0 0
6482 6483
0 0
6484 0
6485 6486
0 0
0 0
6488 6530
6489 6509
6490 6507
6491 6506
6492 6502
6493 6501
6494 0
6495 6496
0 0
6497 6498
0 0
6499 0
6500 0
0 0
0 0
6503 0
6504 6505
0 0
0 0
0 0
6508 0
0 0
6510 6526
6511 6523
6512 6517
6513 6514
0 0
6515 6516
0 0
0 0
6518 0
6519 6521
6520 0
0 0
6522 0
0 0
6524 0
6525 0
0 0
6527 6529
6528 0
0 0
0 0
6531 6553
6532 6549
6533 6538
6534 6536
6535 0
0 0
6537 0
0 0
6539 6540
0 0
6541 6542
0 0
6543 6544
0 0
6545 6547
6546 0
0 0
6548 0
0 0
6550 6552
6551 0
0 0
0 0
6554 6566
6555 6557
6556 0
0 0
6558 6564
6559 6563
6560 6561
0 0
6562 0
0 0
0 0
6565 0
0 0
6567 0
6568 6570
6569 0
0 0
6571 0
0 0
6573 6589
6574 6580
6575 0
6576 6578
6577 0
0 0
6579 0
0 0
6581 0
6582 6587
6583 6586
6584 0
6585 0
0 0
0 0
6588 0
0 0
6590 6613
6591 6606
6592 6601
6593 0
6594 6598
6595 0
6596 6597
0 0
0 0
6599 6600
0 0
0 0
6602 6603
0 0
6604 6605
0 0
0 0
6607 6608
0 0
6609 6610
0 0
6611 0
6612 0
0 0
6614 6617
6615 0
6616 0
0 0
6618 0
0 0
6620 6673
6621 0
6622 6626
6623 0
6624 6625
0 0
0 0
6627 6629
6628 0
0 0
6630 6654
6631 6638
6632 6637
6633 6634
0 0
6635 6636
0 0
0 0
0 0
6639 6643
6640 6641
0 0
6642 0
0 0
6644 6652
6645 6650
6646 0
6647 6648
0 0
6649 0
0 0
6651 0
0 0
6653 0
0 0
6655 6661
6656 6660
6657 0
6658 0
6659 0
0 0
0 0
6662 6667
6663 6666
6664 0
6665 0
0 0
0 0
6668 6669
0 0
6670 6672
6671 0
0 0
0 0
6674 6875
6675 6858
6676 6854
6677 6808
6678 6742
6679 6728
6680 6686
6681 6685
6682 6683
0 0
6684 0
0 0
0 0
6687 6720
6688 6719
6689 6707
6690 6705
6691 6700
6692 6694
6693 0
0 0
6695 6696
0 0
6697 6699
6698 0
0 0
0 0
6701 0
6702 0
6703 0
6704 0
0 0
6706 0
0 0
6708 6709
0 0
6710 6715
6711 6713
6712 0
0 0
6714 0
0 0
6716 6717
0 0
6718 0
0 0
0 0
6721 6726
6722 0
6723 6724
0 0
6725 0
0 0
6727 0
0 0
6729 6735
6730 6733
6731 6732
0 0
0 0
6734 0
0 0
6736 0
6737 0
6738 6739
0 0
6740 6741
0 0
0 0
6743 6799
6744 6781
6745 6779
6746 6778
6747 6767
6748 6752
6749 0
6750 6751
0 0
0 0
6753 6766
6754 6761
6755 6757
6756 0
0 0
6758 6759
0 0
6760 0
0 0
6762 6763
0 0
6764 6765
0 0
0 0
0 0
6768 6777
6769 6772
6770 6771
0 0
0 0
6773 0
6774 6775
0 0
6776 0
0 0
0 0
0 0
6780 0
0 0
6782 6785
6783 0
6784 0
0 0
6786 6798
6787 6792
6788 6789
0 0
6790 6791
0 0
0 0
6793 6797
6794 6795
0 0
6796 0
0 0
0 0
0 0
6800 6803
6801 0
6802 0
0 0
6804 0
6805 0
6806 0
6807 0
0 0
6809 6827
6810 6820
6811 6819
6812 6815
6813 0
6814 0
0 0
6816 6818
6817 0
0 0
0 0
0 0
6821 6824
6822 6823
0 0
0 0
6825 6826
0 0
0 0
6828 6852
6829 6843
6830 6840
6831 6836
6832 6833
0 0
6834 6835
0 0
0 0
6837 6838
0 0
6839 0
0 0
6841 6842
0 0
0 0
6844 6845
0 0
6846 6850
6847 0
6848 6849
0 0
0 0
6851 0
0 0
6853 0
0 0
6855 0
6856 6857
0 0
0 0
6859 6871
6860 6866
6861 6863
6862 0
0 0
6864 0
6865 0
0 0
6867 6869
6868 0
0 0
6870 0
0 0
6872 6874
6873 0
0 0
0 0
6876 6885
6877 0
6878 6881
6879 0
6880 0
0 0
6882 6884
6883 0
0 0
0 0
6886 6899
6887 6888
0 0
6889 0
6890 6898
6891 6892
0 0
6893 6895
6894 0
0 0
6896 0
6897 0
0 0
0 0
6900 6901
0 0
6902 0
0 0
6904 7531
6905 7469
6906 7181
6907 7019
6908 6996
6909 6955
6910 6936
6911 6933
6912 6913
0 0
6914 0
6915 6916
0 0
6917 6921
6918 6919
0 0
6920 0
0 0
6922 6932
6923 6926
6924 6925
0 0
0 0
6927 6930
6928 6929
0 0
0 0
6931 0
0 0
0 0
6934 0
6935 0
0 0
6937 6950
6938 6941
6939 0
6940 0
0 0
6942 6944
6943 0
0 0
6945 6948
6946 6947
0 0
0 0
6949 0
0 0
6951 0
6952 6953
0 0
6954 0
0 0
6956 6970
6957 6959
6958 0
0 0
6960 0
6961 6966
6962 6964
6963 0
0 0
6965 0
0 0
6967 6968
0 0
6969 0
0 0
6971 6993
6972 6977
6973 0
6974 0
6975 0
6976 0
0 0
6978 6992
6979 6983
6980 6982
6981 0
0 0
0 0
6984 6990
6985 6989
6986 6987
0 0
6988 0
0 0
0 0
6991 0
0 0
0 0
6994 6995
0 0
0 0
6997 7005
6998 7001
6999 0
7000 0
0 0
7002 7004
7003 0
0 0
0 0
7006 7014
7007 7011
7008 7010
7009 0
0 0
0 0
7012 7013
0 0
0 0
7015 7018
7016 0
7017 0
0 0
0 0
7020 7048
7021 7045
7022 7035
7023 7026
7024 0
7025 0
0 0
7027 7034
7028 0
7029 7031
7030 0
0 0
7032 7033
0 0
0 0
0 0
7036 7039
7037 7038
0 0
0 0
7040 7044
7041 7042
0 0
7043 0
0 0
0 0
7046 0
7047 0
0 0
7049 7065
7050 7058
7051 7057
7052 7054
7053 0
0 0
7055 0
7056 0
0 0
0 0
7059 7060
0 0
7061 7063
7062 0
0 0
7064 0
0 0
7066 7101
7067 0
7068 7078
7069 7071
7070 0
0 0
7072 7073
0 0
7074 7075
0 0
7076 0
7077 0
0 0
7079 7080
0 0
7081 7084
7082 0
7083 0
0 0
7085 7097
7086 7089
7087 7088
0 0
0 0
7090 7091
0 0
7092 0
7093 7096
7094 0
7095 0
0 0
0 0
7098 7100
7099 0
0 0
0 0
7102 7163
7103 7111
7104 7105
0 0
7106 7107
0 0
7108 7109
0 0
7110 0
0 0
7112 0
7113 7145
7114 7142
7115 0
7116 7132
7117 0
7118 7123
7119 0
7120 7121
0 0
7122 0
0 0
7124 7128
7125 7127
7126 0
0 0
0 0
7129 0
7130 7131
0 0
0 0
7133 7135
7134 0
0 0
7136 0
7137 0
7138 7139
0 0
7140 7141
0 0
0 0
7143 7144
0 0
0 0
7146 7159
7147 7156
7148 0
7149 7150
0 0
7151 7152
0 0
7153 7155
7154 0
0 0
0 0
7157 0
7158 0
0 0
7160 7161
0 0
7162 0
0 0
7164 7168
7165 0
7166 0
7167 0
0 0
7169 7174
7170 7172
7171 0
0 0
7173 0
0 0
7175 7176
0 0
7177 7179
7178 0
0 0
7180 0
0 0
7182 7186
7183 0
7184 0
7185 0
0 0
7187 7435
7188 7285
7189 7235
7190 7192
7191 0
0 0
7193 7230
7194 7217
7195 7216
7196 7211
7197 7199
7198 0
0 0
7200 7208
7201 7202
0 0
7203 7206
7204 0
7205 0
0 0
7207 0
0 0
7209 7210
0 0
0 0
7212 7214
7213 0
0 0
7215 0
0 0
0 0
7218 7224
7219 7221
7220 0
0 0
7222 7223
0 0
0 0
7225 7228
7226 0
7227 0
0 0
7229 0
0 0
7231 7234
7232 0
7233 0
0 0
0 0
7236 7282
7237 7260
7238 7252
7239 7248
7240 7245
7241 7244
7242 0
7243 0
0 0
0 0
7246 0
7247 0
0 0
7249 0
7250 0
7251 0
0 0
7253 7254
0 0
7255 7259
7256 7257
0 0
7258 0
0 0
0 0
7261 7276
7262 7267
7263 7265
7264 0
0 0
7266 0
0 0
7268 7271
7269 0
7270 0
0 0
7272 7274
7273 0
0 0
7275 0
0 0
7277 7281
7278 7279
0 0
7280 0
0 0
0 0
7283 7284
0 0
0 0
7286 7380
7287 7355
7288 7332
7289 7330
7290 7316
7291 7312
7292 7310
7293 7295
7294 0
0 0
7296 7301
7297 7300
7298 7299
0 0
0 0
0 0
7302 7307
7303 7305
7304 0
0 0
7306 0
0 0
7308 7309
0 0
0 0
7311 0
0 0
7313 0
7314 7315
0 0
0 0
7317 7323
7318 7320
7319 0
0 0
7321 0
7322 0
0 0
7324 7328
7325 0
7326 0
7327 0
0 0
7329 0
0 0
7331 0
0 0
7333 7346
7334 7336
7335 0
0 0
7337 7340
7338 7339
0 0
0 0
7341 0
7342 0
7343 0
7344 7345
0 0
0 0
7347 7353
7348 7352
7349 0
7350 7351
0 0
0 0
0 0
7354 0
0 0
7356 7375
7357 0
7358 7368
7359 7360
0 0
7361 7363
7362 0
0 0
7364 7366
7365 0
0 0
7367 0
0 0
7369 7373
7370 7372
7371 0
0 0
0 0
7374 0
0 0
7376 0
7377 0
7378 0
7379 0
0 0
7381 7432
7382 7423
7383 7387
7384 7386
7385 0
0 0
0 0
7388 7420
7389 7401
7390 7400
7391 7394
7392 0
7393 0
0 0
7395 7397
7396 0
0 0
7398 7399
0 0
0 0
0 0
7402 7405
7403 7404
0 0
0 0
7406 7410
7407 7409
7408 0
0 0
0 0
7411 7414
7412 0
7413 0
0 0
7415 0
7416 7418
7417 0
0 0
7419 0
0 0
7421 0
7422 0
0 0
7424 7425
0 0
7426 0
7427 0
7428 0
7429 7431
7430 0
0 0
0 0
7433 0
7434 0
0 0
7436 7439
7437 0
7438 0
0 0
7440 7446
7441 7445
7442 0
7443 7444
0 0
0 0
0 0
7447 7451
7448 7449
0 0
7450 0
0 0
7452 7456
7453 7455
7454 0
0 0
0 0
7457 7467
7458 0
7459 7461
7460 0
0 0
7462 7463
0 0
7464 7466
7465 0
0 0
0 0
7468 0
0 0
7470 7483
7471 7476
7472 7473
0 0
7474 7475
0 0
0 0
7477 7479
7478 0
0 0
7480 7482
7481 0
0 0
0 0
7484 7495
7485 7488
7486 0
7487 0
0 0
7489 7491
7490 0
0 0
7492 7493
0 0
7494 0
0 0
7496 7504
7497 7500
7498 7499
0 0
0 0
7501 7502
0 0
7503 0
0 0
7505 7511
7506 7507
0 0
7508 7510
7509 0
0 0
0 0
7512 7520
7513 7517
7514 7516
7515 0
0 0
0 0
7518 7519
0 0
0 0
7521 7523
7522 0
0 0
7524 7527
7525 0
7526 0
0 0
7528 0
7529 0
7530 0
0 0
7532 8390
7533 7935
7534 7890
7535 7662
7536 7545
7537 7543
7538 7539
0 0
7540 7542
7541 0
0 0
0 0
7544 0
0 0
7546 7623
7547 7556
7548 7553
7549 7551
7550 0
0 0
7552 0
0 0
7554 0
7555 0
0 0
7557 7585
7558 0
7559 7579
7560 7569
7561 7563
7562 0
0 0
7564 7566
7565 0
0 0
7567 0
7568 0
0 0
7570 7571
0 0
7572 7578
7573 7575
7574 0
0 0
7576 0
7577 0
0 0
0 0
7580 7581
0 0
7582 0
7583 0
7584 0
0 0
7586 7615
7587 7606
7588 7593
7589 7592
7590 7591
0 0
0 0
0 0
7594 7605
7595 7598
7596 0
7597 0
0 0
7599 7603
7600 0
7601 7602
0 0
0 0
7604 0
0 0
0 0
7607 7613
7608 7611
7609 7610
0 0
0 0
7612 0
0 0
7614 0
0 0
7616 7618
7617 0
0 0
7619 0
7620 7622
7621 0
0 0
0 0
7624 7633
7625 7628
7626 0
7627 0
0 0
7629 0
7630 7632
7631 0
0 0
0 0
7634 7647
7635 7637
7636 0
0 0
7638 7643
7639 7640
0 0
7641 7642
0 0
0 0
7644 7645
0 0
7646 0
0 0
7648 7661
7649 7650
0 0
7651 7658
7652 7653
0 0
7654 0
7655 7657
7656 0
0 0
0 0
7659 7660
0 0
0 0
0 0
7663 7694
7664 7669
7665 7667
7666 0
0 0
7668 0
0 0
7670 7675
7671 7673
7672 0
0 0
7674 0
0 0
7676 7693
7677 7686
7678 7679
0 0
7680 7684
7681 0
7682 7683
0 0
0 0
7685 0
0 0
7687 7689
7688 0
0 0
7690 7691
0 0
7692 0
0 0
0 0
7695 7857
7696 7786
7697 7742
7698 7725
7699 7723
7700 7706
7701 7705
7702 7704
7703 0
0 0
0 0
0 0
7707 7718
7708 7717
7709 7716
7710 7713
7711 7712
0 0
0 0
7714 7715
0 0
0 0
0 0
0 0
7719 0
7720 7722
7721 0
0 0
0 0
7724 0
0 0
7726 7727
0 0
7728 7729
0 0
7730 7739
7731 7734
7732 0
7733 0
0 0
7735 7736
0 0
7737 7738
0 0
0 0
7740 7741
0 0
0 0
7743 7756
7744 7754
7745 7753
7746 7749
7747 0
7748 0
0 0
7750 7752
7751 0
0 0
0 0
0 0
7755 0
0 0
7757 7781
7758 7759
0 0
7760 7777
7761 7767
7762 0
7763 7765
7764 0
0 0
7766 0
0 0
7768 7773
7769 7772
7770 7771
0 0
0 0
0 0
7774 7775
0 0
7776 0
0 0
7778 0
7779 0
7780 0
0 0
7782 7784
7783 0
0 0
7785 0
0 0
7787 7830
7788 7796
7789 7794
7790 7791
0 0
7792 7793
0 0
0 0
7795 0
0 0
7797 7825
7798 7812
7799 7802
7800 7801
0 0
0 0
7803 7804
0 0
7805 0
7806 7807
0 0
7808 7811
7809 0
7810 0
0 0
0 0
7813 7821
7814 7815
0 0
7816 7819
7817 0
7818 0
0 0
7820 0
0 0
7822 7824
7823 0
0 0
0 0
7826 7827
0 0
7828 0
7829 0
0 0
7831 7841
7832 7836
7833 7835
7834 0
0 0
0 0
7837 7839
7838 0
0 0
7840 0
0 0
7842 7846
7843 7844
0 0
7845 0
0 0
7847 7855
7848 7851
7849 0
7850 0
0 0
7852 7854
7853 0
0 0
0 0
7856 0
0 0
7858 7885
7859 7860
0 0
7861 7867
7862 7864
7863 0
0 0
7865 7866
0 0
0 0
7868 7883
7869 7882
7870 0
7871 7874
7872 7873
0 0
0 0
7875 7881
7876 0
7877 7879
7878 0
0 0
7880 0
0 0
0 0
0 0
7884 0
0 0
7886 7887
0 0
7888 0
7889 0
0 0
7891 7933
7892 7895
7893 0
7894 0
0 0
7896 7903
7897 7902
7898 0
7899 7900
0 0
7901 0
0 0
0 0
7904 7928
7905 7911
7906 7908
7907 0
0 0
7909 7910
0 0
0 0
7912 7918
7913 7916
7914 7915
0 0
0 0
7917 0
0 0
7919 7926
7920 7921
0 0
7922 0
7923 0
7924 0
7925 0
0 0
7927 0
0 0
7929 0
7930 7932
7931 0
0 0
0 0
7934 0
0 0
7936 8356
7937 8145
7938 7950
7939 7940
0 0
7941 7942
0 0
7943 0
7944 7948
7945 0
7946 0
7947 0
0 0
7949 0
0 0
7951 8098
7952 7967
7953 7954
0 0
7955 7958
7956 0
7957 0
0 0
7959 7962
7960 7961
0 0
0 0
7963 0
7964 7966
7965 0
0 0
0 0
7968 8009
7969 7985
7970 7978
7971 7976
7972 7973
0 0
7974 7975
0 0
0 0
7977 0
0 0
7979 7981
7980 0
0 0
7982 7983
0 0
7984 0
0 0
7986 7991
7987 7990
7988 0
7989 0
0 0
0 0
7992 8008
7993 0
7994 7998
7995 0
7996 0
7997 0
0 0
7999 8000
0 0
8001 8004
8002 0
8003 0
0 0
8005 8007
8006 0
0 0
0 0
0 0
8010 8043
8011 8023
8012 8019
8013 8016
8014 0
8015 0
0 0
8017 0
8018 0
0 0
8020 8022
8021 0
0 0
0 0
8024 8030
8025 8027
8026 0
0 0
8028 8029
0 0
0 0
8031 8034
8032 8033
0 0
0 0
8035 8040
8036 8038
8037 0
0 0
8039 0
0 0
8041 8042
0 0
0 0
8044 8081
8045 8047
8046 0
0 0
8048 8070
8049 0
8050 8051
0 0
8052 8068
8053 8064
8054 8061
8055 0
8056 8059
8057 0
8058 0
0 0
8060 0
0 0
8062 0
8063 0
0 0
8065 8067
8066 0
0 0
0 0
8069 0
0 0
8071 8076
8072 0
8073 0
8074 0
8075 0
0 0
8077 8078
0 0
8079 0
8080 0
0 0
8082 8085
8083 8084
0 0
0 0
8086 8093
8087 8091
8088 8089
0 0
8090 0
0 0
8092 0
0 0
8094 8097
8095 8096
0 0
0 0
0 0
8099 8102
8100 8101
0 0
0 0
8103 8127
8104 8112
8105 8111
8106 8107
0 0
8108 8110
8109 0
0 0
0 0
0 0
8113 8124
8114 8117
8115 8116
0 0
0 0
8118 8119
0 0
8120 8122
8121 0
0 0
8123 0
0 0
8125 8126
0 0
0 0
8128 8135
8129 8133
8130 8131
0 0
8132 0
0 0
8134 0
0 0
8136 8143
8137 8139
8138 0
0 0
8140 0
8141 8142
0 0
0 0
8144 0
0 0
8146 8309
8147 8232
8148 8194
8149 8174
8150 8167
8151 8154
8152 0
8153 0
0 0
8155 8166
8156 0
8157 8158
0 0
8159 8161
8160 0
0 0
8162 8164
8163 0
0 0
8165 0
0 0
0 0
8168 0
8169 0
8170 8173
8171 0
8172 0
0 0
0 0
8175 8181
8176 8178
8177 0
0 0
8179 0
8180 0
0 0
8182 0
8183 8188
8184 0
8185 8186
0 0
8187 0
0 0
8189 8193
8190 8192
8191 0
0 0
0 0
0 0
8195 8218
8196 8210
8197 0
8198 8201
8199 8200
0 0
0 0
8202 0
8203 8204
0 0
8205 8207
8206 0
0 0
8208 0
8209 0
0 0
8211 0
8212 8214
8213 0
0 0
8215 0
8216 0
8217 0
0 0
8219 0
8220 0
8221 8231
8222 8228
8223 8224
0 0
8225 0
8226 8227
0 0
0 0
8229 0
8230 0
0 0
0 0
8233 8257
8234 8245
8235 8237
8236 0
0 0
8238 8241
8239 8240
0 0
0 0
8242 8243
0 0
8244 0
0 0
8246 8253
8247 8249
8248 0
0 0
8250 8252
8251 0
0 0
0 0
8254 8256
8255 0
0 0
0 0
8258 8305
8259 8293
8260 8271
8261 8266
8262 0
8263 8264
0 0
8265 0
0 0
8267 0
8268 8269
0 0
8270 0
0 0
8272 8285
8273 8280
8274 8275
0 0
8276 8277
0 0
8278 8279
0 0
0 0
8281 0
8282 0
8283 0
8284 0
0 0
8286 8292
8287 8289
8288 0
0 0
8290 8291
0 0
0 0
0 0
8294 8297
8295 0
8296 0
0 0
8298 8300
8299 0
0 0
8301 8304
8302 0
8303 0
0 0
0 0
8306 0
8307 0
8308 0
0 0
8310 8322
8311 8320
8312 8318
8313 0
8314 8316
8315 0
0 0
8317 0
0 0
8319 0
0 0
8321 0
0 0
8323 8346
8324 8337
8325 8331
8326 8327
0 0
8328 8330
8329 0
0 0
0 0
8332 8333
0 0
8334 0
8335 8336
0 0
0 0
8338 8341
8339 8340
0 0
0 0
8342 8343
0 0
8344 0
8345 0
0 0
8347 8350
8348 8349
0 0
0 0
8351 8352
0 0
8353 8355
8354 0
0 0
0 0
8357 8364
8358 8362
8359 0
8360 8361
0 0
0 0
8363 0
0 0
8365 8366
0 0
8367 8381
8368 8374
8369 8372
8370 0
8371 0
0 0
8373 0
0 0
8375 8380
8376 8378
8377 0
0 0
8379 0
0 0
0 0
8382 0
8383 0
8384 8389
8385 8386
0 0
8387 8388
0 0
0 0
0 0
8391 8463
8392 8419
8393 8398
8394 8396
8395 0
0 0
8397 0
0 0
8399 8405
8400 0
8401 8404
8402 8403
0 0
0 0
0 0
8406 8411
8407 8409
8408 0
0 0
8410 0
0 0
8412 8413
0 0
8414 8417
8415 8416
0 0
0 0
8418 0
0 0
8420 8430
8421 8425
8422 8424
8423 0
0 0
0 0
8426 8427
0 0
8428 8429
0 0
0 0
8431 8443
8432 8442
8433 0
8434 8440
8435 8438
8436 8437
0 0
0 0
8439 0
0 0
8441 0
0 0
0 0
8444 8458
8445 8455
8446 0
8447 8449
8448 0
0 0
8450 8451
0 0
8452 8454
8453 0
0 0
0 0
8456 0
8457 0
0 0
8459 8460
0 0
8461 0
8462 0
0 0
8464 0
8465 0
8466 8467
0 0
0 0
8469 8884
8470 8714
8471 8532
8472 8520
8473 8486
8474 8482
8475 8480
8476 8479
8477 8478
0 0
0 0
0 0
8481 0
0 0
8483 8485
8484 0
0 0
0 0
8487 8512
8488 8490
8489 0
0 0
8491 8510
8492 8495
8493 0
8494 0
0 0
8496 8498
8497 0
0 0
8499 8506
8500 8501
0 0
8502 8504
8503 0
0 0
8505 0
0 0
8507 8509
8508 0
0 0
0 0
8511 0
0 0
8513 8515
8514 0
0 0
8516 8518
8517 0
0 0
8519 0
0 0
8521 8528
8522 0
8523 8524
0 0
8525 8526
0 0
8527 0
0 0
8529 8531
8530 0
0 0
0 0
8533 8618
8534 8565
8535 8558
8536 8544
8537 0
8538 8540
8539 0
0 0
8541 8542
0 0
8543 0
0 0
8545 8550
8546 8549
8547 0
8548 0
0 0
0 0
8551 8555
8552 8554
8553 0
0 0
0 0
8556 0
8557 0
0 0
8559 8564
8560 8561
0 0
8562 8563
0 0
0 0
0 0
8566 8602
8567 8577
8568 8573
8569 8571
8570 0
0 0
8572 0
0 0
8574 8576
8575 0
0 0
0 0
8578 8595
8579 8580
0 0
8581 8593
8582 8591
8583 0
8584 8590
8585 0
8586 8589
8587 8588
0 0
0 0
0 0
0 0
8592 0
0 0
8594 0
0 0
8596 0
8597 8599
8598 0
0 0
8600 0
8601 0
0 0
8603 8613
8604 8609
8605 0
8606 8608
8607 0
0 0
0 0
8610 0
8611 0
8612 0
0 0
8614 0
8615 8616
0 0
8617 0
0 0
8619 8651
8620 8632
8621 8624
8622 8623
0 0
0 0
8625 8629
8626 0
8627 0
8628 0
0 0
8630 8631
0 0
0 0
8633 0
8634 8645
8635 8642
8636 8641
8637 8639
8638 0
0 0
8640 0
0 0
0 0
8643 8644
0 0
0 0
8646 0
8647 0
8648 0
8649 8650
0 0
0 0
8652 8709
8653 8700
8654 8698
8655 8690
8656 8689
8657 8687
8658 8672
8659 8670
8660 8663
8661 8662
0 0
0 0
8664 8666
8665 0
0 0
8667 8669
8668 0
0 0
0 0
8671 0
0 0
8673 8686
8674 8684
8675 8683
8676 8679
8677 0
8678 0
0 0
8680 8681
0 0
8682 0
0 0
0 0
8685 0
0 0
0 0
8688 0
0 0
0 0
8691 8694
8692 8693
0 0
0 0
8695 0
8696 8697
0 0
0 0
8699 0
0 0
8701 8704
8702 8703
0 0
0 0
8705 8707
8706 0
0 0
8708 0
0 0
8710 8712
8711 0
0 0
8713 0
0 0
8715 8853
8716 8762
8717 8757
8718 8733
8719 8723
8720 0
8721 0
8722 0
0 0
8724 8731
8725 0
8726 8729
8727 0
8728 0
0 0
8730 0
0 0
8732 0
0 0
8734 8751
8735 8739
8736 0
8737 0
8738 0
0 0
8740 0
8741 8746
8742 8745
8743 0
8744 0
0 0
0 0
8747 8750
8748 0
8749 0
0 0
0 0
8752 8754
8753 0
0 0
8755 0
8756 0
0 0
8758 8759
0 0
8760 0
8761 0
0 0
8763 8828
8764 8786
8765 8781
8766 8779
8767 8778
8768 8775
8769 8771
8770 0
0 0
8772 0
8773 0
8774 0
0 0
8776 0
8777 0
0 0
0 0
8780 0
0 0
8782 0
8783 8785
8784 0
0 0
0 0
8787 8819
8788 8803
8789 8797
8790 8793
8791 0
8792 0
0 0
8794 8795
0 0
8796 0
0 0
8798 8801
8799 0
8800 0
0 0
8802 0
0 0
8804 8815
8805 8813
8806 0
8807 8809
8808 0
0 0
8810 0
8811 8812
0 0
0 0
8814 0
0 0
8816 8818
8817 0
0 0
0 0
8820 8827
8821 8824
8822 8823
0 0
0 0
8825 8826
0 0
0 0
0 0
8829 8837
8830 0
8831 8834
8832 0
8833 0
0 0
8835 0
8836 0
0 0
8838 8852
8839 8846
8840 0
8841 8843
8842 0
0 0
8844 8845
0 0
0 0
8847 8850
8848 0
8849 0
0 0
8851 0
0 0
0 0
8854 8876
8855 8869
8856 8864
8857 8860
8858 8859
0 0
0 0
8861 0
8862 8863
0 0
0 0
8865 8868
8866 0
8867 0
0 0
0 0
8870 0
8871 0
8872 8874
8873 0
0 0
8875 0
0 0
8877 8882
8878 8880
8879 0
0 0
8881 0
0 0
8883 0
0 0
8885 9138
8886 8915
8887 8911
8888 8891
8889 8890
0 0
0 0
8892 8901
8893 8897
8894 8895
0 0
8896 0
0 0
8898 0
8899 8900
0 0
0 0
8902 8910
8903 8909
8904 8905
0 0
8906 8907
0 0
8908 0
0 0
0 0
0 0
8912 8914
8913 0
0 0
0 0
8916 9123
8917 9050
8918 8924
8919 8920
0 0
8921 0
8922 0
8923 0
0 0
8925 8973
8926 8944
8927 8931
8928 0
8929 8930
0 0
0 0
8932 8933
0 0
8934 8941
8935 8937
8936 0
0 0
8938 8940
8939 0
0 0
0 0
8942 0
8943 0
0 0
8945 8949
8946 0
8947 8948
0 0
0 0
8950 8972
8951 8953
8952 0
0 0
8954 8961
8955 8959
8956 0
8957 8958
0 0
0 0
8960 0
0 0
8962 8969
8963 8968
8964 8966
8965 0
0 0
8967 0
0 0
0 0
8970 8971
0 0
0 0
0 0
8974 9041
8975 9036
8976 8992
8977 8979
8978 0
0 0
8980 8990
8981 8984
8982 0
8983 0
0 0
8985 8989
8986 8988
8987 0
0 0
0 0
0 0
8991 0
0 0
8993 9007
8994 8999
8995 8996
0 0
8997 8998
0 0
0 0
9000 9002
9001 0
0 0
9003 9006
9004 0
9005 0
0 0
0 0
9008 9016
9009 9010
0 0
9011 9015
9012 9013
0 0
9014 0
0 0
0 0
9017 9018
0 0
9019 9021
9020 0
0 0
9022 9032
9023 0
9024 9028
9025 0
9026 0
9027 0
0 0
9029 0
9030 9031
0 0
0 0
9033 9034
0 0
9035 0
0 0
9037 9039
9038 0
0 0
9040 0
0 0
9042 9047
9043 9044
0 0
9045 9046
0 0
0 0
9048 0
9049 0
0 0
9051 9063
9052 9055
9053 9054
0 0
0 0
9056 0
9057 9062
9058 9061
9059 9060
0 0
0 0
0 0
0 0
9064 9075
9065 9067
9066 0
0 0
9068 9070
9069 0
0 0
9071 9073
9072 0
0 0
9074 0
0 0
9076 9081
9077 9080
9078 0
9079 0
0 0
0 0
9082 9098
9083 9089
9084 0
9085 9088
9086 9087
0 0
0 0
0 0
9090 9096
9091 0
9092 9093
0 0
9094 0
9095 0
0 0
9097 0
0 0
9099 9102
9100 9101
0 0
0 0
9103 9122
9104 9115
9105 9113
9106 9108
9107 0
0 0
9109 0
9110 0
9111 0
9112 0
0 0
9114 0
0 0
9116 9120
9117 9118
0 0
9119 0
0 0
9121 0
0 0
0 0
9124 9137
9125 9126
0 0
9127 9133
9128 9131
9129 0
9130 0
0 0
9132 0
0 0
9134 0
9135 9136
0 0
0 0
0 0
9139 9825
9140 9560
9141 9233
9142 9194
9143 9176
9144 9154
9145 9148
9146 0
9147 0
0 0
9149 9152
9150 9151
0 0
0 0
9153 0
0 0
9155 9167
9156 9166
9157 9163
9158 9162
9159 9160
0 0
9161 0
0 0
0 0
9164 0
9165 0
0 0
0 0
9168 9171
9169 9170
0 0
0 0
9172 9174
9173 0
0 0
9175 0
0 0
9177 9187
9178 9183
9179 9181
9180 0
0 0
9182 0
0 0
9184 9186
9185 0
0 0
0 0
9188 0
9189 9193
9190 9192
9191 0
0 0
0 0
0 0
9195 9231
9196 9199
9197 0
9198 0
0 0
9200 9211
9201 9207
9202 9203
0 0
9204 9205
0 0
9206 0
0 0
9208 9209
0 0
9210 0
0 0
9212 9226
9213 9214
0 0
9215 9222
9216 9218
9217 0
0 0
9219 9221
9220 0
0 0
0 0
9223 9224
0 0
9225 0
0 0
9227 9229
9228 0
0 0
9230 0
0 0
9232 0
0 0
9234 9402
9235 9380
9236 9337
9237 9282
9238 9254
9239 9243
9240 9242
9241 0
0 0
0 0
9244 9245
0 0
9246 9253
9247 9250
9248 9249
0 0
0 0
9251 0
9252 0
0 0
0 0
9255 9257
9256 0
0 0
9258 0
9259 9278
9260 9265
9261 9264
9262 9263
0 0
0 0
0 0
9266 9275
9267 9274
9268 0
9269 9270
0 0
9271 9273
9272 0
0 0
0 0
0 0
9276 0
9277 0
0 0
9279 9280
0 0
9281 0
0 0
9283 9328
9284 9289
9285 9286
0 0
9287 0
9288 0
0 0
9290 9306
9291 9302
9292 9294
9293 0
0 0
9295 9298
9296 0
9297 0
0 0
9299 9300
0 0
9301 0
0 0
9303 9305
9304 0
0 0
0 0
9307 9324
9308 9312
9309 9311
9310 0
0 0
0 0
9313 9320
9314 9319
9315 9317
9316 0
0 0
9318 0
0 0
0 0
9321 9323
9322 0
0 0
0 0
9325 9327
9326 0
0 0
0 0
9329 9336
9330 0
9331 9332
0 0
9333 9335
9334 0
0 0
0 0
0 0
9338 9354
9339 9346
9340 9343
9341 9342
0 0
0 0
9344 0
9345 0
0 0
9347 9350
9348 9349
0 0
0 0
9351 9353
9352 0
0 0
0 0
9355 9368
9356 9366
9357 9362
9358 0
9359 9361
9360 0
0 0
0 0
9363 9364
0 0
9365 0
0 0
9367 0
0 0
9369 9379
9370 9371
0 0
9372 9378
9373 9376
9374 0
9375 0
0 0
9377 0
0 0
0 0
0 0
9381 9383
9382 0
0 0
9384 9388
9385 0
9386 9387
0 0
0 0
9389 9398
9390 9391
0 0
9392 0
9393 9396
9394 0
9395 0
0 0
9397 0
0 0
9399 9401
9400 0
0 0
0 0
9403 9430
9404 9407
9405 0
9406 0
0 0
9408 9415
9409 9410
0 0
9411 9414
9412 9413
0 0
0 0
0 0
9416 0
9417 9426
9418 9420
9419 0
0 0
9421 9425
9422 0
9423 9424
0 0
0 0
0 0
9427 9429
9428 0
0 0
0 0
9431 9549
9432 9460
9433 9448
9434 9435
0 0
9436 9438
9437 0
0 0
9439 9443
9440 9441
0 0
9442 0
0 0
9444 9446
9445 0
0 0
9447 0
0 0
9449 9456
9450 9452
9451 0
0 0
9453 9454
0 0
9455 0
0 0
9457 9459
9458 0
0 0
0 0
9461 9491
9462 9484
9463 9466
9464 9465
0 0
0 0
9467 9470
9468 0
9469 0
0 0
9471 9480
9472 9476
9473 9474
0 0
9475 0
0 0
9477 9479
9478 0
0 0
0 0
9481 0
9482 9483
0 0
0 0
9485 9486
0 0
9487 0
9488 9489
0 0
9490 0
0 0
9492 9516
9493 9515
9494 9511
9495 9506
9496 9502
9497 9498
0 0
9499 9500
0 0
9501 0
0 0
9503 9505
9504 0
0 0
0 0
9507 0
9508 9509
0 0
9510 0
0 0
9512 9513
0 0
9514 0
0 0
0 0
9517 9519
9518 0
0 0
9520 9542
9521 9538
9522 9532
9523 9527
9524 9525
0 0
9526 0
0 0
9528 9529
0 0
9530 0
9531 0
0 0
9533 9534
0 0
9535 0
9536 9537
0 0
0 0
9539 9540
0 0
9541 0
0 0
9543 9548
9544 0
9545 9547
9546 0
0 0
0 0
0 0
9550 0
9551 9552
0 0
9553 9556
9554 0
9555 0
0 0
9557 9559
9558 0
0 0
0 0
9561 9817
9562 9582
9563 0
9564 9576
9565 9566
0 0
9567 9569
9568 0
0 0
9570 9571
0 0
9572 0
9573 9574
0 0
9575 0
0 0
9577 0
9578 9579
0 0
9580 0
9581 0
0 0
9583 9760
9584 9723
9585 9648
9586 9591
9587 9590
9588 9589
0 0
0 0
0 0
9592 9627
9593 9622
9594 9604
9595 9596
0 0
9597 0
9598 9602
9599 9600
0 0
9601 0
0 0
9603 0
0 0
9605 9609
9606 0
9607 0
9608 0
0 0
9610 9617
9611 9615
9612 9613
0 0
9614 0
0 0
9616 0
0 0
9618 9621
9619 0
9620 0
0 0
0 0
9623 9624
0 0
9625 9626
0 0
0 0
9628 9634
9629 9630
0 0
9631 0
9632 9633
0 0
0 0
9635 9642
9636 9641
9637 9639
9638 0
0 0
9640 0
0 0
0 0
9643 0
9644 0
9645 9647
9646 0
0 0
0 0
9649 9682
9650 9668
9651 9655
9652 9653
0 0
9654 0
0 0
9656 0
9657 9662
9658 9661
9659 0
9660 0
0 0
0 0
9663 9665
9664 0
0 0
9666 0
9667 0
0 0
9669 9676
9670 9671
0 0
9672 0
9673 9675
9674 0
0 0
0 0
9677 0
9678 0
9679 9680
0 0
9681 0
0 0
9683 9711
9684 9688
9685 9687
9686 0
0 0
0 0
9689 9709
9690 9696
9691 9695
9692 9694
9693 0
0 0
0 0
0 0
9697 9698
0 0
9699 0
9700 9704
9701 9703
9702 0
0 0
0 0
9705 9706
0 0
9707 9708
0 0
0 0
9710 0
0 0
9712 9717
9713 9714
0 0
9715 9716
0 0
0 0
9718 9721
9719 9720
0 0
0 0
9722 0
0 0
9724 9726
9725 0
0 0
9727 9741
9728 9739
9729 9738
9730 9736
9731 9735
9732 9733
0 0
9734 0
0 0
0 0
9737 0
0 0
0 0
9740 0
0 0
9742 9758
9743 9751
9744 9745
0 0
9746 9748
9747 0
0 0
9749 0
9750 0
0 0
9752 9753
0 0
9754 0
9755 9756
0 0
9757 0
0 0
9759 0
0 0
9761 9814
9762 9763
0 0
9764 9804
9765 9779
9766 9769
9767 9768
0 0
0 0
9770 9776
9771 9773
9772 0
0 0
9774 0
9775 0
0 0
9777 9778
0 0
0 0
9780 0
9781 9791
9782 9783
0 0
9784 9788
9785 0
9786 0
9787 0
0 0
9789 9790
0 0
0 0
9792 9802
9793 9795
9794 0
0 0
9796 0
9797 9800
9798 0
9799 0
0 0
9801 0
0 0
9803 0
0 0
9805 9813
9806 9810
9807 0
9808 0
9809 0
0 0
9811 0
9812 0
0 0
0 0
9815 9816
0 0
0 0
9818 9819
0 0
9820 0
9821 9822
0 0
9823 0
9824 0
0 0
9826 9953
9827 9864
9828 9852
9829 9838
9830 9832
9831 0
0 0
9833 0
9834 9836
9835 0
0 0
9837 0
0 0
9839 9847
9840 0
9841 0
9842 9846
9843 0
9844 0
9845 0
0 0
0 0
9848 9849
0 0
9850 9851
0 0
0 0
9853 9863
9854 9857
9855 0
9856 0
0 0
9858 9859
0 0
9860 9862
9861 0
0 0
0 0
0 0
9865 9917
9866 9898
9867 9870
9868 9869
0 0
0 0
9871 9876
9872 9873
0 0
9874 9875
0 0
0 0
9877 9896
9878 9887
9879 9882
9880 0
9881 0
0 0
9883 0
9884 9885
0 0
9886 0
0 0
9888 9895
9889 9890
0 0
9891 9892
0 0
9893 9894
0 0
0 0
0 0
9897 0
0 0
9899 9911
9900 9907
9901 0
9902 9903
0 0
9904 9906
9905 0
0 0
0 0
9908 9910
9909 0
0 0
0 0
9912 9913
0 0
9914 0
9915 9916
0 0
0 0
9918 9942
9919 9933
9920 9924
9921 0
9922 0
9923 0
0 0
9925 9926
0 0
9927 9928
0 0
9929 0
9930 9931
0 0
9932 0
0 0
9934 9941
9935 9937
9936 0
0 0
9938 9940
9939 0
0 0
0 0
0 0
9943 9948
9944 9946
9945 0
0 0
9947 0
0 0
9949 0
9950 9951
0 0
9952 0
0 0
9954 0
9955 9963
9956 9959
9957 9958
0 0
0 0
9960 0
9961 9962
0 0
0 0
9964 9978
9965 9967
9966 0
0 0
9968 9970
9969 0
0 0
9971 9974
9972 0
9973 0
0 0
9975 9976
0 0
9977 0
0 0
9979 9993
9980 9988
9981 9985
9982 9984
9983 0
0 0
0 0
9986 0
9987 0
0 0
9989 9991
9990 0
0 0
9992 0
0 0
9994 9996
9995 0
0 0
9997 9999
9998 0
0 0
10000 0
0 0
