10000
2 3164
3 418
4 176
5 148
6 24
7 21
8 10
9 0
0 0
11 12
0 0
13 0
14 18
15 0
16 17
0 0
0 0
19 20
0 0
0 0
22 23
0 0
0 0
25 75
26 55
27 32
28 30
29 0
0 0
31 0
0 0
33 38
34 37
35 0
36 0
0 0
0 0
39 44
40 0
41 42
0 0
43 0
0 0
45 50
46 47
0 0
48 49
0 0
0 0
51 52
0 0
53 0
54 0
0 0
56 69
57 63
58 61
59 0
60 0
0 0
62 0
0 0
64 66
65 0
0 0
67 68
0 0
0 0
70 0
71 0
72 0
73 74
0 0
0 0
76 123
77 101
78 93
79 85
80 81
0 0
82 84
83 0
0 0
0 0
86 89
87 0
88 0
0 0
90 91
0 0
92 0
0 0
94 99
95 97
96 0
0 0
98 0
0 0
100 0
0 0
102 118
103 104
0 0
105 107
106 0
0 0
108 115
109 112
110 111
0 0
0 0
113 0
114 0
0 0
116 0
117 0
0 0
119 120
0 0
121 122
0 0
0 0
124 143
125 134
126 131
127 129
128 0
0 0
130 0
0 0
132 133
0 0
0 0
135 0
136 137
0 0
138 0
139 142
140 141
0 0
0 0
0 0
144 147
145 0
146 0
0 0
0 0
149 155
150 154
151 0
152 153
0 0
0 0
0 0
156 160
157 159
158 0
0 0
0 0
161 174
162 171
163 167
164 165
0 0
166 0
0 0
168 169
0 0
170 0
0 0
172 0
173 0
0 0
175 0
0 0
177 395
178 185
179 180
0 0
181 184
182 0
183 0
0 0
0 0
186 277
187 217
188 199
189 196
190 194
191 192
0 0
193 0
0 0
195 0
0 0
197 0
198 0
0 0
200 211
201 204
202 0
203 0
0 0
205 209
206 0
207 0
208 0
0 0
210 0
0 0
212 213
0 0
214 215
0 0
216 0
0 0
218 255
219 240
220 223
221 0
222 0
0 0
224 226
225 0
0 0
227 235
228 229
0 0
230 0
231 232
0 0
233 234
0 0
0 0
236 237
0 0
238 0
239 0
0 0
241 246
242 243
0 0
244 245
0 0
0 0
247 254
248 250
249 0
0 0
251 252
0 0
253 0
0 0
0 0
256 273
257 267
258 265
259 262
260 0
261 0
0 0
263 0
264 0
0 0
266 0
0 0
268 270
269 0
0 0
271 272
0 0
0 0
274 275
0 0
276 0
0 0
278 302
279 292
280 288
281 282
0 0
283 0
284 286
285 0
0 0
287 0
0 0
289 290
0 0
291 0
0 0
293 298
294 296
295 0
0 0
297 0
0 0
299 300
0 0
301 0
0 0
303 329
304 311
305 306
0 0
307 310
308 0
309 0
0 0
0 0
312 0
313 319
314 318
315 316
0 0
317 0
0 0
0 0
320 327
321 323
322 0
0 0
324 326
325 0
0 0
0 0
328 0
0 0
330 390
331 384
332 351
333 344
334 341
335 0
336 0
337 338
0 0
339 0
340 0
0 0
342 343
0 0
0 0
345 0
346 347
0 0
348 350
349 0
0 0
0 0
352 363
353 361
354 359
355 356
0 0
357 0
358 0
0 0
360 0
0 0
362 0
0 0
364 371
365 0
366 367
0 0
368 369
0 0
370 0
0 0
372 374
373 0
0 0
375 383
376 381
377 380
378 379
0 0
0 0
0 0
382 0
0 0
0 0
385 388
386 0
387 0
0 0
389 0
0 0
391 393
392 0
0 0
394 0
0 0
396 398
397 0
0 0
399 411
400 409
401 407
402 405
403 0
404 0
0 0
406 0
0 0
408 0
0 0
410 0
0 0
412 417
413 0
414 415
0 0
416 0
0 0
0 0
419 992
420 548
421 487
422 452
423 428
424 425
0 0
426 0
427 0
0 0
429 434
430 431
0 0
432 0
433 0
0 0
435 437
436 0
0 0
438 448
439 443
440 0
441 0
442 0
0 0
444 446
445 0
0 0
447 0
0 0
449 450
0 0
451 0
0 0
453 486
454 471
455 463
456 462
457 459
458 0
0 0
460 0
461 0
0 0
0 0
464 465
0 0
466 469
467 468
0 0
0 0
470 0
0 0
472 0
473 474
0 0
475 477
476 0
0 0
478 482
479 0
480 0
481 0
0 0
483 484
0 0
485 0
0 0
0 0
488 545
489 542
490 495
491 494
492 0
493 0
0 0
0 0
496 500
497 0
498 499
0 0
0 0
501 532
502 524
503 0
504 516
505 508
506 0
507 0
0 0
509 515
510 513
511 512
0 0
0 0
514 0
0 0
0 0
517 520
518 519
0 0
0 0
521 0
522 523
0 0
0 0
525 526
0 0
527 0
528 531
529 530
0 0
0 0
0 0
533 539
534 537
535 0
536 0
0 0
538 0
0 0
540 0
541 0
0 0
543 544
0 0
0 0
546 0
547 0
0 0
549 609
550 577
551 568
552 565
553 559
554 557
555 0
556 0
0 0
558 0
0 0
560 563
561 0
562 0
0 0
564 0
0 0
566 0
567 0
0 0
569 0
570 573
571 0
572 0
0 0
574 575
0 0
576 0
0 0
578 595
579 581
580 0
0 0
582 591
583 585
584 0
0 0
586 589
587 588
0 0
0 0
590 0
0 0
592 594
593 0
0 0
0 0
596 597
0 0
598 599
0 0
600 608
601 604
602 603
0 0
0 0
605 607
606 0
0 0
0 0
0 0
610 824
611 686
612 660
613 643
614 626
615 618
616 0
617 0
0 0
619 624
620 621
0 0
622 623
0 0
0 0
625 0
0 0
627 641
628 629
0 0
630 633
631 632
0 0
0 0
634 635
0 0
636 640
637 0
638 639
0 0
0 0
0 0
642 0
0 0
644 645
0 0
646 656
647 0
648 653
649 652
650 651
0 0
0 0
0 0
654 655
0 0
0 0
657 658
0 0
659 0
0 0
661 679
662 674
663 665
664 0
0 0
666 672
667 669
668 0
0 0
670 671
0 0
0 0
673 0
0 0
675 678
676 677
0 0
0 0
0 0
680 683
681 682
0 0
0 0
684 0
685 0
0 0
687 746
688 745
689 699
690 692
691 0
0 0
693 0
694 697
695 0
696 0
0 0
698 0
0 0
700 719
701 703
702 0
0 0
704 712
705 706
0 0
707 0
708 0
709 711
710 0
0 0
0 0
713 0
714 715
0 0
716 717
0 0
718 0
0 0
720 735
721 0
722 734
723 726
724 725
0 0
0 0
727 731
728 730
729 0
0 0
0 0
732 733
0 0
0 0
0 0
736 737
0 0
738 743
739 742
740 741
0 0
0 0
0 0
744 0
0 0
0 0
747 815
748 796
749 792
750 765
751 753
752 0
0 0
754 763
755 762
756 759
757 758
0 0
0 0
760 0
761 0
0 0
0 0
764 0
0 0
766 787
767 769
768 0
0 0
770 773
771 0
772 0
0 0
774 782
775 777
776 0
0 0
778 781
779 0
780 0
0 0
0 0
783 0
784 0
785 0
786 0
0 0
788 791
789 0
790 0
0 0
0 0
793 794
0 0
795 0
0 0
797 807
798 806
799 801
800 0
0 0
802 805
803 0
804 0
0 0
0 0
0 0
808 0
809 814
810 0
811 0
812 0
813 0
0 0
0 0
816 822
817 821
818 0
819 820
0 0
0 0
0 0
823 0
0 0
825 948
826 913
827 891
828 866
829 864
830 855
831 843
832 838
833 0
834 837
835 0
836 0
0 0
0 0
839 842
840 841
0 0
0 0
0 0
844 853
845 847
846 0
0 0
848 850
849 0
0 0
851 852
0 0
0 0
854 0
0 0
856 862
857 858
0 0
859 860
0 0
861 0
0 0
863 0
0 0
865 0
0 0
867 0
868 886
869 875
870 0
871 873
872 0
0 0
874 0
0 0
876 0
877 880
878 879
0 0
0 0
881 0
882 884
883 0
0 0
885 0
0 0
887 890
888 0
889 0
0 0
0 0
892 898
893 894
0 0
895 896
0 0
897 0
0 0
899 911
900 906
901 902
0 0
903 0
904 905
0 0
0 0
907 910
908 0
909 0
0 0
0 0
912 0
0 0
914 941
915 927
916 924
917 923
918 922
919 921
920 0
0 0
0 0
0 0
0 0
925 0
926 0
0 0
928 938
929 933
930 932
931 0
0 0
0 0
934 936
935 0
0 0
937 0
0 0
939 940
0 0
0 0
942 943
0 0
944 947
945 0
946 0
0 0
0 0
949 989
950 965
951 956
952 0
953 955
954 0
0 0
0 0
957 961
958 960
959 0
0 0
0 0
962 964
963 0
0 0
0 0
966 968
967 0
0 0
969 979
970 976
971 974
972 973
0 0
0 0
975 0
0 0
977 0
978 0
0 0
980 982
981 0
0 0
983 984
0 0
985 0
986 988
987 0
0 0
0 0
990 0
991 0
0 0
993 1378
994 1149
995 1116
996 1061
997 1060
998 1050
999 1032
1000 0
1001 1024
1002 1016
1003 1015
1004 1012
1005 1007
1006 0
0 0
1008 1010
1009 0
0 0
1011 0
0 0
1013 0
1014 0
0 0
0 0
1017 1019
1018 0
0 0
1020 1022
1021 0
0 0
1023 0
0 0
1025 1031
1026 1028
1027 0
0 0
1029 0
1030 0
0 0
0 0
1033 1034
0 0
1035 1046
1036 1045
1037 1039
1038 0
0 0
1040 0
1041 1043
1042 0
0 0
1044 0
0 0
0 0
1047 1048
0 0
1049 0
0 0
1051 1056
1052 1054
1053 0
0 0
1055 0
0 0
1057 1058
0 0
1059 0
0 0
0 0
1062 1073
1063 1066
1064 1065
0 0
0 0
1067 1070
1068 0
1069 0
0 0
1071 0
1072 0
0 0
1074 1099
1075 1090
1076 1086
1077 1082
1078 0
1079 1081
1080 0
0 0
0 0
1083 1085
1084 0
0 0
0 0
1087 0
1088 0
1089 0
0 0
1091 1098
1092 1095
1093 0
1094 0
0 0
1096 0
1097 0
0 0
0 0
1100 1113
1101 1105
1102 1103
0 0
1104 0
0 0
1106 1109
1107 1108
0 0
0 0
1110 0
1111 0
1112 0
0 0
1114 0
1115 0
0 0
1117 1131
1118 1123
1119 1120
0 0
1121 0
1122 0
0 0
1124 0
1125 1128
1126 0
1127 0
0 0
1129 0
1130 0
0 0
1132 1140
1133 1139
1134 1135
0 0
1136 1137
0 0
1138 0
0 0
0 0
1141 1148
1142 0
1143 1145
1144 0
0 0
1146 1147
0 0
0 0
0 0
1150 1350
1151 1194
1152 1168
1153 1158
1154 0
1155 1157
1156 0
0 0
0 0
1159 0
1160 1162
1161 0
0 0
1163 1167
1164 0
1165 0
1166 0
0 0
0 0
1169 1191
1170 1179
1171 1174
1172 1173
0 0
0 0
1175 1178
1176 1177
0 0
0 0
0 0
1180 0
1181 1184
1182 0
1183 0
0 0
1185 1187
1186 0
0 0
1188 1190
1189 0
0 0
0 0
1192 1193
0 0
0 0
1195 1336
1196 1312
1197 1223
1198 1203
1199 1200
0 0
1201 0
1202 0
0 0
1204 1219
1205 1210
1206 1207
0 0
1208 0
1209 0
0 0
1211 1214
1212 1213
0 0
0 0
1215 0
1216 1217
0 0
1218 0
0 0
1220 0
1221 0
1222 0
0 0
1224 1304
1225 1285
1226 1236
1227 1228
0 0
1229 0
1230 1231
0 0
1232 1233
0 0
1234 1235
0 0
0 0
1237 1255
1238 0
1239 1250
1240 1247
1241 1244
1242 1243
0 0
0 0
1245 0
1246 0
0 0
1248 1249
0 0
0 0
1251 0
1252 1253
0 0
1254 0
0 0
1256 1283
1257 1280
1258 1275
1259 1261
1260 0
0 0
1262 1269
1263 0
1264 1266
1265 0
0 0
1267 0
1268 0
0 0
1270 1271
0 0
1272 1274
1273 0
0 0
0 0
1276 1278
1277 0
0 0
1279 0
0 0
1281 0
1282 0
0 0
1284 0
0 0
1286 1303
1287 1299
1288 0
1289 1297
1290 1294
1291 1292
0 0
1293 0
0 0
1295 1296
0 0
0 0
1298 0
0 0
1300 1302
1301 0
0 0
0 0
0 0
1305 1307
1306 0
0 0
1308 1311
1309 0
1310 0
0 0
0 0
1313 1325
1314 1316
1315 0
0 0
1317 1320
1318 1319
0 0
0 0
1321 0
1322 1324
1323 0
0 0
0 0
1326 0
1327 1334
1328 1330
1329 0
0 0
1331 0
1332 1333
0 0
0 0
1335 0
0 0
1337 1346
1338 1339
0 0
1340 1342
1341 0
0 0
1343 1345
1344 0
0 0
0 0
1347 1348
0 0
1349 0
0 0
1351 1364
1352 1353
0 0
1354 1360
1355 0
1356 1358
1357 0
0 0
1359 0
0 0
1361 1363
1362 0
0 0
0 0
1365 1366
0 0
1367 1377
1368 1370
1369 0
0 0
1371 0
1372 1375
1373 0
1374 0
0 0
1376 0
0 0
0 0
1379 2552
1380 1978
1381 1866
1382 1497
1383 1399
1384 1391
1385 1389
1386 1388
1387 0
0 0
0 0
1390 0
0 0
1392 1398
1393 0
1394 1395
0 0
1396 0
1397 0
0 0
0 0
1400 1474
1401 1419
1402 1409
1403 1408
1404 1407
1405 1406
0 0
0 0
0 0
0 0
1410 1413
1411 1412
0 0
0 0
1414 0
1415 1416
0 0
1417 0
1418 0
0 0
1420 1427
1421 1426
1422 0
1423 0
1424 0
1425 0
0 0
0 0
1428 1444
1429 1433
1430 0
1431 1432
0 0
0 0
1434 1440
1435 1436
0 0
1437 0
1438 0
1439 0
0 0
1441 1442
0 0
1443 0
0 0
1445 1448
1446 0
1447 0
0 0
1449 1466
1450 1451
0 0
1452 1458
1453 1456
1454 0
1455 0
0 0
1457 0
0 0
1459 1462
1460 1461
0 0
0 0
1463 0
1464 1465
0 0
0 0
1467 0
1468 1471
1469 1470
0 0
0 0
1472 1473
0 0
0 0
1475 1477
1476 0
0 0
1478 0
1479 1483
1480 1481
0 0
1482 0
0 0
1484 1490
1485 1488
1486 0
1487 0
0 0
1489 0
0 0
1491 1494
1492 1493
0 0
0 0
1495 1496
0 0
0 0
1498 1629
1499 1554
1500 1531
1501 1512
1502 1507
1503 1505
1504 0
0 0
1506 0
0 0
1508 1511
1509 1510
0 0
0 0
0 0
1513 1521
1514 1515
0 0
1516 1518
1517 0
0 0
1519 1520
0 0
0 0
1522 1530
1523 1529
1524 0
1525 1527
1526 0
0 0
1528 0
0 0
0 0
0 0
1532 1538
1533 1537
1534 0
1535 0
1536 0
0 0
0 0
1539 1550
1540 0
1541 1547
1542 1546
1543 0
1544 1545
0 0
0 0
0 0
1548 0
1549 0
0 0
1551 0
1552 0
1553 0
0 0
1555 1559
1556 1558
1557 0
0 0
0 0
1560 1592
1561 1585
1562 1574
1563 1568
1564 1566
1565 0
0 0
1567 0
0 0
1569 1571
1570 0
0 0
1572 1573
0 0
0 0
1575 1583
1576 0
1577 0
1578 1581
1579 0
1580 0
0 0
1582 0
0 0
1584 0
0 0
1586 1589
1587 0
1588 0
0 0
1590 0
1591 0
0 0
1593 1616
1594 1614
1595 1606
1596 1605
1597 1602
1598 1601
1599 0
1600 0
0 0
0 0
1603 1604
0 0
0 0
0 0
1607 1611
1608 1610
1609 0
0 0
0 0
1612 1613
0 0
0 0
1615 0
0 0
1617 1624
1618 1620
1619 0
0 0
1621 1623
1622 0
0 0
0 0
1625 1628
1626 0
1627 0
0 0
0 0
1630 1677
1631 1639
1632 1636
1633 1634
0 0
1635 0
0 0
1637 1638
0 0
0 0
1640 1649
1641 1643
1642 0
0 0
1644 0
1645 1647
1646 0
0 0
1648 0
0 0
1650 1669
1651 1653
1652 0
0 0
1654 1661
1655 1656
0 0
1657 0
1658 0
1659 1660
0 0
0 0
1662 1663
0 0
1664 1667
1665 0
1666 0
0 0
1668 0
0 0
1670 1673
1671 0
1672 0
0 0
1674 0
1675 1676
0 0
0 0
1678 1737
1679 1706
1680 1698
1681 1688
1682 0
1683 1685
1684 0
0 0
1686 0
1687 0
0 0
1689 1694
1690 1692
1691 0
0 0
1693 0
0 0
1695 1696
0 0
1697 0
0 0
1699 1700
0 0
1701 1704
1702 1703
0 0
0 0
1705 0
0 0
1707 1731
1708 1715
1709 1713
1710 1712
1711 0
0 0
0 0
1714 0
0 0
1716 1727
1717 1724
1718 1721
1719 1720
0 0
0 0
1722 1723
0 0
0 0
1725 0
1726 0
0 0
1728 0
1729 1730
0 0
0 0
1732 1734
1733 0
0 0
1735 0
1736 0
0 0
1738 1821
1739 1791
1740 1756
1741 0
1742 1750
1743 1747
1744 0
1745 1746
0 0
0 0
1748 0
1749 0
0 0
1751 0
1752 1754
1753 0
0 0
1755 0
0 0
1757 1781
1758 1775
1759 1771
1760 1768
1761 1766
1762 0
1763 0
1764 1765
0 0
0 0
1767 0
0 0
1769 0
1770 0
0 0
1772 0
1773 1774
0 0
0 0
1776 1777
0 0
1778 0
1779 0
1780 0
0 0
1782 0
1783 1787
1784 0
1785 0
1786 0
0 0
1788 1789
0 0
1790 0
0 0
1792 1816
1793 1805
1794 1803
1795 1798
1796 1797
0 0
0 0
1799 1800
0 0
1801 0
1802 0
0 0
1804 0
0 0
1806 1810
1807 0
1808 1809
0 0
0 0
1811 0
1812 0
1813 1815
1814 0
0 0
0 0
1817 1818
0 0
1819 1820
0 0
0 0
1822 1836
1823 1829
1824 1825
0 0
1826 1828
1827 0
0 0
0 0
1830 1833
1831 1832
0 0
0 0
1834 1835
0 0
0 0
1837 1865
1838 1858
1839 1857
1840 1854
1841 1851
1842 1844
1843 0
0 0
1845 1848
1846 0
1847 0
0 0
1849 0
1850 0
0 0
1852 0
1853 0
0 0
1855 1856
0 0
0 0
0 0
1859 1863
1860 0
1861 1862
0 0
0 0
1864 0
0 0
0 0
1867 1895
1868 1876
1869 1874
1870 1873
1871 0
1872 0
0 0
0 0
1875 0
0 0
1877 1886
1878 1882
1879 0
1880 1881
0 0
0 0
1883 1885
1884 0
0 0
0 0
1887 1893
1888 1890
1889 0
0 0
1891 1892
0 0
0 0
1894 0
0 0
1896 1976
1897 1906
1898 1900
1899 0
0 0
1901 1904
1902 0
1903 0
0 0
1905 0
0 0
1907 1935
1908 1932
1909 1923
1910 1921
1911 1916
1912 1913
0 0
1914 1915
0 0
0 0
1917 1918
0 0
1919 1920
0 0
0 0
1922 0
0 0
1924 1931
1925 1926
0 0
1927 1928
0 0
1929 0
1930 0
0 0
0 0
1933 0
1934 0
0 0
1936 1959
1937 1952
1938 0
1939 1941
1940 0
0 0
1942 1948
1943 1946
1944 0
1945 0
0 0
1947 0
0 0
1949 1951
1950 0
0 0
0 0
1953 1955
1954 0
0 0
1956 1958
1957 0
0 0
0 0
1960 1970
1961 1966
1962 1964
1963 0
0 0
1965 0
0 0
1967 1968
0 0
1969 0
0 0
1971 0
1972 1973
0 0
1974 0
1975 0
0 0
1977 0
0 0
1979 2151
1980 1981
0 0
1982 2102
1983 1997
1984 1985
0 0
1986 1995
1987 1992
1988 0
1989 1991
1990 0
0 0
0 0
1993 1994
0 0
0 0
1996 0
0 0
1998 2023
1999 2008
2000 2007
2001 0
2002 2005
2003 0
2004 0
0 0
2006 0
0 0
0 0
2009 2010
0 0
2011 2018
2012 2014
2013 0
0 0
2015 0
2016 2017
0 0
0 0
2019 2022
2020 2021
0 0
0 0
0 0
2024 2093
2025 2081
2026 2063
2027 2054
2028 2038
2029 2031
2030 0
0 0
2032 2036
2033 0
2034 0
2035 0
0 0
2037 0
0 0
2039 2044
2040 2043
2041 0
2042 0
0 0
0 0
2045 2048
2046 0
2047 0
0 0
2049 2053
2050 2051
0 0
2052 0
0 0
0 0
2055 2060
2056 2058
2057 0
0 0
2059 0
0 0
2061 2062
0 0
0 0
2064 2065
0 0
2066 2069
2067 2068
0 0
0 0
2070 2075
2071 2073
2072 0
0 0
2074 0
0 0
2076 2079
2077 0
2078 0
0 0
2080 0
0 0
2082 2089
2083 0
2084 2088
2085 2087
2086 0
0 0
0 0
0 0
2090 2091
0 0
2092 0
0 0
2094 2098
2095 2097
2096 0
0 0
0 0
2099 2100
0 0
2101 0
0 0
2103 2125
2104 2118
2105 2116
2106 2112
2107 2108
0 0
2109 0
2110 2111
0 0
0 0
2113 0
2114 2115
0 0
0 0
2117 0
0 0
2119 2120
0 0
2121 2122
0 0
2123 0
2124 0
0 0
2126 2150
2127 2146
2128 2134
2129 2130
0 0
2131 2133
2132 0
0 0
0 0
2135 2140
2136 2139
2137 2138
0 0
0 0
0 0
2141 2145
2142 2144
2143 0
0 0
0 0
0 0
2147 2148
0 0
2149 0
0 0
0 0
2152 2471
2153 2280
2154 2227
2155 2203
2156 2185
2157 2183
2158 2181
2159 2160
0 0
2161 2176
2162 2172
2163 2168
2164 2167
2165 2166
0 0
0 0
0 0
2169 2171
2170 0
0 0
0 0
2173 2174
0 0
2175 0
0 0
2177 2178
0 0
2179 2180
0 0
0 0
2182 0
0 0
2184 0
0 0
2186 2193
2187 2191
2188 2189
0 0
2190 0
0 0
2192 0
0 0
2194 2195
0 0
2196 2198
2197 0
0 0
2199 2202
2200 0
2201 0
0 0
0 0
2204 2215
2205 0
2206 2207
0 0
2208 0
2209 2214
2210 2212
2211 0
0 0
2213 0
0 0
0 0
2216 2222
2217 2221
2218 2220
2219 0
0 0
0 0
0 0
2223 2224
0 0
2225 0
2226 0
0 0
2228 2275
2229 2272
2230 2259
2231 2241
2232 2235
2233 0
2234 0
0 0
2236 2240
2237 0
2238 2239
0 0
0 0
0 0
2242 2249
2243 2246
2244 2245
0 0
0 0
2247 2248
0 0
0 0
2250 2256
2251 2253
2252 0
0 0
2254 2255
0 0
0 0
2257 0
2258 0
0 0
2260 0
2261 2271
2262 2266
2263 2264
0 0
2265 0
0 0
2267 2268
0 0
2269 2270
0 0
0 0
0 0
2273 0
2274 0
0 0
2276 2279
2277 0
2278 0
0 0
0 0
2281 2406
2282 2287
2283 2285
2284 0
0 0
2286 0
0 0
2288 2337
2289 2299
2290 2295
2291 2293
2292 0
0 0
2294 0
0 0
2296 2298
2297 0
0 0
0 0
2300 2336
2301 2320
2302 2314
2303 2309
2304 0
2305 2306
0 0
2307 0
2308 0
0 0
2310 2311
0 0
2312 2313
0 0
0 0
2315 0
2316 0
2317 2318
0 0
2319 0
0 0
2321 0
2322 2329
2323 0
2324 2327
2325 0
2326 0
0 0
2328 0
0 0
2330 2332
2331 0
0 0
2333 2335
2334 0
0 0
0 0
0 0
2338 2395
2339 2345
2340 2341
0 0
2342 0
2343 2344
0 0
0 0
2346 2388
2347 2384
2348 2375
2349 2363
2350 2361
2351 2359
2352 2355
2353 0
2354 0
0 0
2356 0
2357 2358
0 0
0 0
2360 0
0 0
2362 0
0 0
2364 2373
2365 2370
2366 2369
2367 2368
0 0
0 0
0 0
2371 2372
0 0
0 0
2374 0
0 0
2376 2381
2377 2380
2378 0
2379 0
0 0
0 0
2382 2383
0 0
0 0
2385 2387
2386 0
0 0
0 0
2389 2391
2390 0
0 0
2392 0
2393 0
2394 0
0 0
2396 2399
2397 2398
0 0
0 0
2400 2405
2401 2404
2402 0
2403 0
0 0
0 0
0 0
2407 2408
0 0
2409 2460
2410 2438
2411 2428
2412 2423
2413 0
2414 2420
2415 0
2416 2417
0 0
2418 0
2419 0
0 0
2421 0
2422 0
0 0
2424 2426
2425 0
0 0
2427 0
0 0
2429 2436
2430 2435
2431 0
2432 0
2433 2434
0 0
0 0
0 0
2437 0
0 0
2439 2447
2440 2445
2441 0
2442 2443
0 0
2444 0
0 0
2446 0
0 0
2448 0
2449 2456
2450 2455
2451 2454
2452 2453
0 0
0 0
0 0
0 0
2457 2459
2458 0
0 0
0 0
2461 2465
2462 0
2463 0
2464 0
0 0
2466 2467
0 0
2468 2470
2469 0
0 0
0 0
2472 2478
2473 2476
2474 2475
0 0
0 0
2477 0
0 0
2479 2535
2480 2482
2481 0
0 0
2483 2530
2484 2508
2485 2495
2486 2491
2487 2489
2488 0
0 0
2490 0
0 0
2492 2493
0 0
2494 0
0 0
2496 2498
2497 0
0 0
2499 2503
2500 2501
0 0
2502 0
0 0
2504 2505
0 0
2506 2507
0 0
0 0
2509 2514
2510 2511
0 0
2512 0
2513 0
0 0
2515 2523
2516 2517
0 0
2518 0
2519 2520
0 0
2521 2522
0 0
0 0
2524 2526
2525 0
0 0
2527 2528
0 0
2529 0
0 0
2531 2534
2532 2533
0 0
0 0
0 0
2536 2542
2537 2538
0 0
2539 2541
2540 0
0 0
0 0
2543 2544
0 0
2545 2551
2546 2548
2547 0
0 0
2549 0
2550 0
0 0
0 0
2553 2778
2554 2750
2555 0
2556 2656
2557 2642
2558 2569
2559 2566
2560 2563
2561 2562
0 0
0 0
2564 2565
0 0
0 0
2567 2568
0 0
0 0
2570 2624
2571 2575
2572 2573
0 0
2574 0
0 0
2576 2588
2577 2587
2578 2582
2579 2581
2580 0
0 0
0 0
2583 0
2584 2586
2585 0
0 0
0 0
0 0
2589 2610
2590 2594
2591 0
2592 2593
0 0
0 0
2595 2608
2596 2601
2597 0
2598 2599
0 0
2600 0
0 0
2602 2605
2603 0
2604 0
0 0
2606 0
2607 0
0 0
2609 0
0 0
2611 2615
2612 2614
2613 0
0 0
0 0
2616 2621
2617 2620
2618 2619
0 0
0 0
0 0
2622 0
2623 0
0 0
2625 2633
2626 2630
2627 2628
0 0
2629 0
0 0
2631 0
2632 0
0 0
2634 2637
2635 0
2636 0
0 0
2638 2639
0 0
2640 0
2641 0
0 0
2643 2652
2644 2651
2645 0
2646 2647
0 0
2648 0
2649 2650
0 0
0 0
0 0
2653 0
2654 2655
0 0
0 0
2657 2663
2658 0
2659 2662
2660 0
2661 0
0 0
0 0
2664 2708
2665 2692
2666 2676
2667 2669
2668 0
0 0
2670 2673
2671 2672
0 0
0 0
2674 0
2675 0
0 0
2677 2689
2678 2685
2679 0
2680 2682
2681 0
0 0
2683 0
2684 0
0 0
2686 2687
0 0
2688 0
0 0
2690 2691
0 0
0 0
2693 2700
2694 0
2695 2699
2696 2698
2697 0
0 0
0 0
0 0
2701 2702
0 0
2703 2706
2704 0
2705 0
0 0
2707 0
0 0
2709 2719
2710 2713
2711 2712
0 0
0 0
2714 2717
2715 2716
0 0
0 0
2718 0
0 0
2720 2733
2721 2728
2722 2727
2723 2724
0 0
2725 0
2726 0
0 0
0 0
2729 2731
2730 0
0 0
2732 0
0 0
2734 2746
2735 2739
2736 2738
2737 0
0 0
0 0
2740 2741
0 0
2742 2743
0 0
2744 0
2745 0
0 0
2747 2749
2748 0
0 0
0 0
2751 2771
2752 2759
2753 2757
2754 2755
0 0
2756 0
0 0
2758 0
0 0
2760 2761
0 0
2762 2769
2763 2767
2764 2766
2765 0
0 0
0 0
2768 0
0 0
2770 0
0 0
2772 2777
2773 2774
0 0
2775 0
2776 0
0 0
0 0
2779 3008
2780 2868
2781 2803
2782 2785
2783 0
2784 0
0 0
2786 2792
2787 2789
2788 0
0 0
2790 2791
0 0
0 0
2793 2794
0 0
2795 2797
2796 0
0 0
2798 2802
2799 2800
0 0
2801 0
0 0
0 0
2804 2820
2805 2811
2806 2810
2807 2808
0 0
2809 0
0 0
0 0
2812 2813
0 0
2814 2815
0 0
2816 2819
2817 2818
0 0
0 0
0 0
2821 2860
2822 2850
2823 2830
2824 2827
2825 0
2826 0
0 0
2828 2829
0 0
0 0
2831 2839
2832 2836
2833 2834
0 0
2835 0
0 0
2837 2838
0 0
0 0
2840 2844
2841 0
2842 0
2843 0
0 0
2845 2847
2846 0
0 0
2848 2849
0 0
0 0
2851 2856
2852 2854
2853 0
0 0
2855 0
0 0
2857 2858
0 0
2859 0
0 0
2861 2867
2862 2864
2863 0
0 0
2865 2866
0 0
0 0
0 0
2869 2940
2870 2914
2871 2911
2872 2879
2873 2874
0 0
2875 2877
2876 0
0 0
2878 0
0 0
2880 2889
2881 2884
2882 2883
0 0
0 0
2885 2887
2886 0
0 0
2888 0
0 0
2890 2893
2891 0
2892 0
0 0
2894 2910
2895 2904
2896 2902
2897 0
2898 2899
0 0
2900 0
2901 0
0 0
2903 0
0 0
2905 2908
2906 0
2907 0
0 0
2909 0
0 0
0 0
2912 2913
0 0
0 0
2915 2917
2916 0
0 0
2918 2937
2919 2935
2920 2927
2921 2925
2922 2924
2923 0
0 0
0 0
2926 0
0 0
2928 0
2929 2930
0 0
2931 2933
2932 0
0 0
2934 0
0 0
2936 0
0 0
2938 0
2939 0
0 0
2941 2972
2942 2961
2943 2948
2944 0
2945 2946
0 0
2947 0
0 0
2949 2956
2950 0
2951 2953
2952 0
0 0
2954 2955
0 0
0 0
2957 2959
2958 0
0 0
2960 0
0 0
2962 2966
2963 0
2964 2965
0 0
0 0
2967 2969
2968 0
0 0
2970 2971
0 0
0 0
2973 3003
2974 3000
2975 2984
2976 2981
2977 2979
2978 0
0 0
2980 0
0 0
2982 0
2983 0
0 0
2985 2996
2986 2990
2987 2989
2988 0
0 0
0 0
2991 2992
0 0
2993 2994
0 0
2995 0
0 0
2997 2998
0 0
2999 0
0 0
3001 3002
0 0
0 0
3004 3005
0 0
3006 0
3007 0
0 0
3009 3077
3010 3042
3011 3023
3012 3022
3013 3018
3014 3015
0 0
3016 3017
0 0
0 0
3019 3021
3020 0
0 0
0 0
0 0
3024 3029
3025 3026
0 0
3027 3028
0 0
0 0
3030 3036
3031 3034
3032 0
3033 0
0 0
3035 0
0 0
3037 3039
3038 0
0 0
3040 0
3041 0
0 0
3043 3061
3044 3056
3045 3052
3046 3050
3047 3048
0 0
3049 0
0 0
3051 0
0 0
3053 3055
3054 0
0 0
0 0
3057 3058
0 0
3059 3060
0 0
0 0
3062 3066
3063 3065
3064 0
0 0
0 0
3067 3071
3068 3069
0 0
3070 0
0 0
3072 3073
0 0
3074 3076
3075 0
0 0
0 0
3078 3100
3079 3095
3080 3090
3081 3085
3082 3084
3083 0
0 0
0 0
3086 3089
3087 0
3088 0
0 0
0 0
3091 0
3092 3093
0 0
3094 0
0 0
3096 3097
0 0
3098 0
3099 0
0 0
3101 3124
3102 3104
3103 0
0 0
3105 3123
3106 3118
3107 3110
3108 0
3109 0
0 0
3111 3112
0 0
3113 3115
3114 0
0 0
3116 0
3117 0
0 0
3119 3121
3120 0
0 0
3122 0
0 0
0 0
3125 3148
3126 3132
3127 0
3128 3129
0 0
3130 3131
0 0
0 0
3133 3139
3134 3138
3135 3136
0 0
3137 0
0 0
0 0
3140 3145
3141 3143
3142 0
0 0
3144 0
0 0
3146 0
3147 0
0 0
3149 3159
3150 3153
3151 0
3152 0
0 0
3154 3157
3155 0
3156 0
0 0
3158 0
0 0
3160 3163
3161 3162
0 0
0 0
0 0
3165 5601
3166 5166
3167 4088
3168 3805
3169 3204
3170 3193
3171 3185
3172 3176
3173 3174
0 0
3175 0
0 0
3177 3178
0 0
3179 3181
3180 0
0 0
3182 0
3183 0
3184 0
0 0
3186 3187
0 0
3188 3191
3189 3190
0 0
0 0
3192 0
0 0
3194 3198
3195 3196
0 0
3197 0
0 0
3199 3200
0 0
3201 3202
0 0
3203 0
0 0
3205 3469
3206 3228
3207 3215
3208 3209
0 0
3210 3214
3211 3212
0 0
3213 0
0 0
0 0
3216 0
3217 0
3218 3227
3219 3222
3220 3221
0 0
0 0
3223 3226
3224 3225
0 0
0 0
0 0
0 0
3229 3330
3230 3305
3231 3299
3232 3239
3233 3237
3234 3235
0 0
3236 0
0 0
3238 0
0 0
3240 3287
3241 3280
3242 3273
3243 3257
3244 3252
3245 3249
3246 3248
3247 0
0 0
0 0
3250 0
3251 0
0 0
3253 3254
0 0
3255 3256
0 0
0 0
3258 3260
3259 0
0 0
3261 0
3262 3266
3263 3264
0 0
3265 0
0 0
3267 0
3268 3271
3269 0
3270 0
0 0
3272 0
0 0
3274 3279
3275 3278
3276 0
3277 0
0 0
0 0
0 0
3281 3285
3282 3284
3283 0
0 0
0 0
3286 0
0 0
3288 3295
3289 3294
3290 3292
3291 0
0 0
3293 0
0 0
0 0
3296 3297
0 0
3298 0
0 0
3300 3302
3301 0
0 0
3303 3304
0 0
0 0
3306 3329
3307 3314
3308 3311
3309 0
3310 0
0 0
3312 3313
0 0
0 0
3315 0
3316 3325
3317 0
3318 3323
3319 0
3320 3322
3321 0
0 0
0 0
3324 0
0 0
3326 0
3327 0
3328 0
0 0
0 0
3331 3420
3332 3334
3333 0
0 0
3335 3361
3336 3342
3337 3338
0 0
3339 3340
0 0
3341 0
0 0
3343 3352
3344 3346
3345 0
0 0
3347 0
3348 0
3349 3351
3350 0
0 0
0 0
3353 3355
3354 0
0 0
3356 3360
3357 0
3358 3359
0 0
0 0
0 0
3362 3409
3363 3406
3364 3386
3365 3373
3366 3369
3367 0
3368 0
0 0
3370 0
3371 3372
0 0
0 0
3374 3383
3375 3382
3376 3380
3377 3379
3378 0
0 0
0 0
3381 0
0 0
0 0
3384 3385
0 0
0 0
3387 3391
3388 3390
3389 0
0 0
0 0
3392 3399
3393 3396
3394 3395
0 0
0 0
3397 3398
0 0
0 0
3400 3402
3401 0
0 0
3403 0
3404 0
3405 0
0 0
3407 0
3408 0
0 0
3410 3419
3411 3416
3412 3414
3413 0
0 0
3415 0
0 0
3417 3418
0 0
0 0
0 0
3421 3465
3422 3454
3423 3452
3424 3449
3425 3442
3426 3429
3427 0
3428 0
0 0
3430 3438
3431 0
3432 3435
3433 0
3434 0
0 0
3436 3437
0 0
0 0
3439 3440
0 0
3441 0
0 0
3443 0
3444 3448
3445 3446
0 0
3447 0
0 0
0 0
3450 0
3451 0
0 0
3453 0
0 0
3455 3458
3456 3457
0 0
0 0
3459 3461
3460 0
0 0
3462 0
3463 3464
0 0
0 0
3466 0
3467 0
3468 0
0 0
3470 3714
3471 3603
3472 3588
3473 3532
3474 3517
3475 3488
3476 3482
3477 0
3478 0
3479 3481
3480 0
0 0
0 0
3483 3485
3484 0
0 0
3486 3487
0 0
0 0
3489 3509
3490 3498
3491 3495
3492 0
3493 0
3494 0
0 0
3496 0
3497 0
0 0
3499 3502
3500 3501
0 0
0 0
3503 3508
3504 3507
3505 0
3506 0
0 0
0 0
0 0
3510 3512
3511 0
0 0
3513 3516
3514 3515
0 0
0 0
0 0
3518 0
3519 3520
0 0
3521 3524
3522 0
3523 0
0 0
3525 3527
3526 0
0 0
3528 3530
3529 0
0 0
3531 0
0 0
3533 3566
3534 3545
3535 3544
3536 3537
0 0
3538 3543
3539 3541
3540 0
0 0
3542 0
0 0
0 0
0 0
3546 3551
3547 0
3548 3549
0 0
3550 0
0 0
3552 3561
3553 3557
3554 3555
0 0
3556 0
0 0
3558 0
3559 0
3560 0
0 0
3562 3565
3563 3564
0 0
0 0
0 0
3567 0
3568 3584
3569 3579
3570 3573
3571 0
3572 0
0 0
3574 3576
3575 0
0 0
3577 0
3578 0
0 0
3580 3581
0 0
3582 3583
0 0
0 0
3585 3587
3586 0
0 0
0 0
3589 3597
3590 3594
3591 3593
3592 0
0 0
0 0
3595 3596
0 0
0 0
3598 3599
0 0
3600 3602
3601 0
0 0
0 0
3604 3620
3605 0
3606 3614
3607 0
3608 3609
0 0
3610 3613
3611 0
3612 0
0 0
0 0
3615 3616
0 0
3617 0
3618 3619
0 0
0 0
3621 3703
3622 3701
3623 3694
3624 3627
3625 0
3626 0
0 0
3628 3649
3629 3635
3630 3632
3631 0
0 0
3633 3634
0 0
0 0
3636 3637
0 0
3638 3642
3639 3641
3640 0
0 0
0 0
3643 0
3644 3646
3645 0
0 0
3647 0
3648 0
0 0
3650 3692
3651 3655
3652 3653
0 0
3654 0
0 0
3656 3682
3657 3666
3658 3663
3659 3660
0 0
3661 0
3662 0
0 0
3664 0
3665 0
0 0
3667 3677
3668 3669
0 0
3670 3674
3671 0
3672 0
3673 0
0 0
3675 3676
0 0
0 0
3678 3681
3679 0
3680 0
0 0
0 0
3683 3688
3684 3686
3685 0
0 0
3687 0
0 0
3689 0
3690 3691
0 0
0 0
3693 0
0 0
3695 0
3696 3699
3697 3698
0 0
0 0
3700 0
0 0
3702 0
0 0
3704 3711
3705 3710
3706 0
3707 3709
3708 0
0 0
0 0
0 0
3712 0
3713 0
0 0
3715 3728
3716 3721
3717 0
3718 0
3719 0
3720 0
0 0
3722 3727
3723 3724
0 0
3725 3726
0 0
0 0
0 0
3729 3733
3730 0
3731 0
3732 0
0 0
3734 3744
3735 3741
3736 3739
3737 0
3738 0
0 0
3740 0
0 0
3742 3743
0 0
0 0
3745 3801
3746 3759
3747 3758
3748 3755
3749 3750
0 0
3751 3753
3752 0
0 0
3754 0
0 0
3756 3757
0 0
0 0
0 0
3760 3800
3761 3798
3762 3774
3763 3766
3764 3765
0 0
0 0
3767 3771
3768 3769
0 0
3770 0
0 0
3772 0
3773 0
0 0
3775 3788
3776 3782
3777 3781
3778 3779
0 0
3780 0
0 0
0 0
3783 0
3784 3787
3785 0
3786 0
0 0
0 0
3789 3791
3790 0
0 0
3792 3794
3793 0
0 0
3795 3797
3796 0
0 0
0 0
3799 0
0 0
0 0
3802 0
3803 0
3804 0
0 0
3806 4023
3807 3816
3808 0
3809 3812
3810 3811
0 0
0 0
3813 0
3814 3815
0 0
0 0
3817 3962
3818 3927
3819 3848
3820 3837
3821 3823
3822 0
0 0
3824 3833
3825 3832
3826 3829
3827 3828
0 0
0 0
3830 0
3831 0
0 0
0 0
3834 3835
0 0
3836 0
0 0
3838 3844
3839 3843
3840 3841
0 0
3842 0
0 0
0 0
3845 3846
0 0
3847 0
0 0
3849 3887
3850 3859
3851 3858
3852 3857
3853 3856
3854 3855
0 0
0 0
0 0
0 0
0 0
3860 3861
0 0
3862 3867
3863 3864
0 0
3865 0
3866 0
0 0
3868 3878
3869 0
3870 3877
3871 3876
3872 3874
3873 0
0 0
3875 0
0 0
0 0
0 0
3879 3886
3880 3881
0 0
3882 3883
0 0
3884 3885
0 0
0 0
0 0
3888 3904
3889 3903
3890 3899
3891 0
3892 3893
0 0
3894 3896
3895 0
0 0
3897 3898
0 0
0 0
3900 3901
0 0
3902 0
0 0
0 0
3905 3914
3906 3912
3907 3908
0 0
3909 3911
3910 0
0 0
0 0
3913 0
0 0
3915 0
3916 3920
3917 3918
0 0
3919 0
0 0
3921 3925
3922 3924
3923 0
0 0
0 0
3926 0
0 0
3928 3945
3929 3940
3930 3936
3931 3933
3932 0
0 0
3934 3935
0 0
0 0
3937 0
3938 0
3939 0
0 0
3941 0
3942 0
3943 0
3944 0
0 0
3946 3956
3947 3949
3948 0
0 0
3950 3954
3951 3952
0 0
3953 0
0 0
3955 0
0 0
3957 3959
3958 0
0 0
3960 0
3961 0
0 0
3963 4002
3964 3993
3965 3966
0 0
3967 3976
3968 3974
3969 3971
3970 0
0 0
3972 0
3973 0
0 0
3975 0
0 0
3977 0
3978 3986
3979 3984
3980 0
3981 3983
3982 0
0 0
0 0
3985 0
0 0
3987 3991
3988 0
3989 3990
0 0
0 0
3992 0
0 0
3994 4001
3995 3998
3996 3997
0 0
0 0
3999 4000
0 0
0 0
0 0
4003 4019
4004 4014
4005 4010
4006 0
4007 4009
4008 0
0 0
0 0
4011 0
4012 0
4013 0
0 0
4015 4017
4016 0
0 0
4018 0
0 0
4020 0
4021 4022
0 0
0 0
4024 4046
4025 4039
4026 4030
4027 4029
4028 0
0 0
0 0
4031 4032
0 0
4033 0
4034 4037
4035 4036
0 0
0 0
4038 0
0 0
4040 0
4041 4045
4042 4044
4043 0
0 0
0 0
0 0
4047 4062
4048 4054
4049 4053
4050 4051
0 0
4052 0
0 0
0 0
4055 4060
4056 0
4057 4058
0 0
4059 0
0 0
4061 0
0 0
4063 4073
4064 4066
4065 0
0 0
4067 4071
4068 4069
0 0
4070 0
0 0
4072 0
0 0
4074 4077
4075 0
4076 0
0 0
4078 4083
4079 4082
4080 0
4081 0
0 0
0 0
4084 4085
0 0
4086 0
4087 0
0 0
4089 4903
4090 4723
4091 4422
4092 4170
4093 4122
4094 4100
4095 4096
0 0
4097 4098
0 0
4099 0
0 0
4101 4107
4102 4105
4103 0
4104 0
0 0
4106 0
0 0
4108 4121
4109 4110
0 0
4111 4113
4112 0
0 0
4114 4115
0 0
4116 4117
0 0
4118 4119
0 0
4120 0
0 0
0 0
4123 4137
4124 4127
4125 0
4126 0
0 0
4128 4136
4129 4133
4130 4131
0 0
4132 0
0 0
4134 0
4135 0
0 0
0 0
4138 4168
4139 4148
4140 4145
4141 4144
4142 4143
0 0
0 0
0 0
4146 0
4147 0
0 0
4149 4151
4150 0
0 0
4152 4156
4153 4154
0 0
4155 0
0 0
4157 4159
4158 0
0 0
4160 0
4161 4163
4162 0
0 0
4164 4166
4165 0
0 0
4167 0
0 0
4169 0
0 0
4171 4242
4172 4231
4173 4224
4174 4211
4175 4196
4176 4188
4177 4180
4178 4179
0 0
0 0
4181 4184
4182 0
4183 0
0 0
4185 4186
0 0
4187 0
0 0
4189 4192
4190 4191
0 0
0 0
4193 4194
0 0
4195 0
0 0
4197 0
4198 4201
4199 0
4200 0
0 0
4202 4206
4203 4205
4204 0
0 0
0 0
4207 4209
4208 0
0 0
4210 0
0 0
4212 4214
4213 0
0 0
4215 4222
4216 4217
0 0
4218 4221
4219 4220
0 0
0 0
0 0
4223 0
0 0
4225 4230
4226 4227
0 0
4228 4229
0 0
0 0
0 0
4232 4234
4233 0
0 0
4235 4241
4236 4240
4237 0
4238 4239
0 0
0 0
0 0
0 0
4243 4323
4244 4278
4245 4264
4246 4252
4247 4250
4248 0
4249 0
0 0
4251 0
0 0
4253 4260
4254 4259
4255 0
4256 4257
0 0
4258 0
0 0
0 0
4261 0
4262 4263
0 0
0 0
4265 4270
4266 4267
0 0
4268 0
4269 0
0 0
4271 4273
4272 0
0 0
4274 4276
4275 0
0 0
4277 0
0 0
4279 4305
4280 4283
4281 4282
0 0
0 0
4284 4295
4285 4289
4286 0
4287 0
4288 0
0 0
4290 4291
0 0
4292 0
4293 4294
0 0
0 0
4296 4303
4297 4301
4298 4299
0 0
4300 0
0 0
4302 0
0 0
4304 0
0 0
4306 4322
4307 4314
4308 4309
0 0
4310 4313
4311 4312
0 0
0 0
0 0
4315 4318
4316 4317
0 0
0 0
4319 4321
4320 0
0 0
0 0
0 0
4324 4360
4325 4345
4326 4342
4327 4334
4328 4332
4329 4330
0 0
4331 0
0 0
4333 0
0 0
4335 4340
4336 4339
4337 0
4338 0
0 0
0 0
4341 0
0 0
4343 0
4344 0
0 0
4346 4351
4347 0
4348 4349
0 0
4350 0
0 0
4352 4359
4353 4355
4354 0
0 0
4356 0
4357 4358
0 0
0 0
0 0
4361 4384
4362 4369
4363 4364
0 0
4365 4367
4366 0
0 0
4368 0
0 0
4370 4379
4371 4378
4372 4374
4373 0
0 0
4375 0
4376 0
4377 0
0 0
0 0
4380 4383
4381 0
4382 0
0 0
0 0
4385 4408
4386 4395
4387 4391
4388 4389
0 0
4390 0
0 0
4392 4393
0 0
4394 0
0 0
4396 4407
4397 4402
4398 4400
4399 0
0 0
4401 0
0 0
4403 4405
4404 0
0 0
4406 0
0 0
0 0
4409 0
4410 4412
4411 0
0 0
4413 4418
4414 4416
4415 0
0 0
4417 0
0 0
4419 0
4420 4421
0 0
0 0
4423 4622
4424 4500
4425 4450
4426 4448
4427 4439
4428 4437
4429 4436
4430 4434
4431 4432
0 0
4433 0
0 0
4435 0
0 0
0 0
4438 0
0 0
4440 4442
4441 0
0 0
4443 4444
0 0
4445 0
4446 4447
0 0
0 0
4449 0
0 0
4451 4489
4452 4469
4453 4462
4454 0
4455 4457
4456 0
0 0
4458 4459
0 0
4460 0
4461 0
0 0
4463 4465
4464 0
0 0
4466 4468
4467 0
0 0
0 0
4470 4486
4471 4476
4472 4474
4473 0
0 0
4475 0
0 0
4477 4484
4478 4482
4479 0
4480 4481
0 0
0 0
4483 0
0 0
4485 0
0 0
4487 0
4488 0
0 0
4490 4493
4491 4492
0 0
0 0
4494 4497
4495 0
4496 0
0 0
4498 4499
0 0
0 0
4501 4537
4502 4533
4503 4513
4504 4506
4505 0
0 0
4507 4508
0 0
4509 0
4510 4511
0 0
4512 0
0 0
4514 4521
4515 0
4516 0
4517 4519
4518 0
0 0
4520 0
0 0
4522 4523
0 0
4524 4525
0 0
4526 4528
4527 0
0 0
4529 4530
0 0
4531 4532
0 0
0 0
4534 0
4535 0
4536 0
0 0
4538 4540
4539 0
0 0
4541 4542
0 0
4543 4559
4544 4554
4545 4546
0 0
4547 4553
4548 4552
4549 4550
0 0
4551 0
0 0
0 0
0 0
4555 4556
0 0
4557 0
4558 0
0 0
4560 4601
4561 4596
4562 4592
4563 4569
4564 4568
4565 0
4566 0
4567 0
0 0
0 0
4570 4580
4571 4578
4572 4577
4573 4574
0 0
4575 4576
0 0
0 0
0 0
4579 0
0 0
4581 4583
4582 0
0 0
4584 4591
4585 4589
4586 4587
0 0
4588 0
0 0
4590 0
0 0
0 0
4593 4595
4594 0
0 0
0 0
4597 0
4598 0
4599 0
4600 0
0 0
4602 4604
4603 0
0 0
4605 4617
4606 4612
4607 4608
0 0
4609 0
4610 4611
0 0
0 0
4613 4615
4614 0
0 0
4616 0
0 0
4618 4620
4619 0
0 0
4621 0
0 0
4623 4637
4624 4628
4625 4627
4626 0
0 0
0 0
4629 4636
4630 4632
4631 0
0 0
4633 4634
0 0
4635 0
0 0
0 0
4638 4716
4639 4701
4640 4681
4641 4649
4642 4648
4643 4644
0 0
4645 0
4646 4647
0 0
0 0
0 0
4650 4665
4651 4655
4652 0
4653 4654
0 0
0 0
4656 4662
4657 4661
4658 4660
4659 0
0 0
0 0
0 0
4663 0
4664 0
0 0
4666 4671
4667 4670
4668 4669
0 0
0 0
0 0
4672 4677
4673 4674
0 0
4675 0
4676 0
0 0
4678 4680
4679 0
0 0
0 0
4682 4696
4683 4685
4684 0
0 0
4686 0
4687 4688
0 0
4689 4695
4690 4693
4691 0
4692 0
0 0
4694 0
0 0
0 0
4697 4698
0 0
4699 0
4700 0
0 0
4702 4709
4703 4705
4704 0
0 0
4706 4708
4707 0
0 0
0 0
4710 0
4711 4713
4712 0
0 0
4714 4715
0 0
0 0
4717 0
4718 0
4719 0
4720 4722
4721 0
0 0
0 0
4724 4732
4725 4731
4726 4729
4727 4728
0 0
0 0
4730 0
0 0
0 0
4733 4848
4734 4842
4735 4761
4736 4742
4737 4740
4738 0
4739 0
0 0
4741 0
0 0
4743 4746
4744 4745
0 0
0 0
4747 4757
4748 4754
4749 4752
4750 4751
0 0
0 0
4753 0
0 0
4755 0
4756 0
0 0
4758 4760
4759 0
0 0
0 0
4762 4784
4763 4772
4764 4768
4765 0
4766 0
4767 0
0 0
4769 0
4770 4771
0 0
0 0
4773 4783
4774 4782
4775 4781
4776 4779
4777 0
4778 0
0 0
4780 0
0 0
0 0
0 0
0 0
4785 4832
4786 4800
4787 4791
4788 0
4789 4790
0 0
0 0
4792 4797
4793 4795
4794 0
0 0
4796 0
0 0
4798 0
4799 0
0 0
4801 4818
4802 4816
4803 4809
4804 4805
0 0
4806 4808
4807 0
0 0
0 0
4810 0
4811 4814
4812 4813
0 0
0 0
4815 0
0 0
4817 0
0 0
4819 4829
4820 4828
4821 4826
4822 4824
4823 0
0 0
4825 0
0 0
4827 0
0 0
0 0
4830 4831
0 0
0 0
4833 4836
4834 0
4835 0
0 0
4837 4841
4838 0
4839 0
4840 0
0 0
0 0
4843 4844
0 0
4845 4846
0 0
4847 0
0 0
4849 4889
4850 4882
4851 4874
4852 4866
4853 4861
4854 4857
4855 4856
0 0
0 0
4858 4860
4859 0
0 0
0 0
4862 4864
4863 0
0 0
4865 0
0 0
4867 4872
4868 0
4869 4870
0 0
4871 0
0 0
4873 0
0 0
4875 4876
0 0
4877 4880
4878 0
4879 0
0 0
4881 0
0 0
4883 4887
4884 4885
0 0
4886 0
0 0
4888 0
0 0
4890 0
4891 4899
4892 4893
0 0
4894 4898
4895 4897
4896 0
0 0
0 0
0 0
4900 0
4901 4902
0 0
0 0
4904 5074
4905 4937
4906 4934
4907 4917
4908 4911
4909 4910
0 0
0 0
4912 4913
0 0
4914 4916
4915 0
0 0
0 0
4918 4928
4919 4924
4920 4923
4921 0
4922 0
0 0
0 0
4925 0
4926 4927
0 0
0 0
4929 4931
4930 0
0 0
4932 0
4933 0
0 0
4935 4936
0 0
0 0
4938 5043
4939 5016
4940 5004
4941 4991
4942 4962
4943 4948
4944 0
4945 0
4946 4947
0 0
0 0
4949 4955
4950 4954
4951 4953
4952 0
0 0
0 0
0 0
4956 0
4957 0
4958 4960
4959 0
0 0
4961 0
0 0
4963 4977
4964 4970
4965 4968
4966 4967
0 0
0 0
4969 0
0 0
4971 0
4972 4975
4973 0
4974 0
0 0
4976 0
0 0
4978 4982
4979 0
4980 4981
0 0
0 0
4983 4987
4984 4986
4985 0
0 0
0 0
4988 0
4989 4990
0 0
0 0
4992 4998
4993 0
4994 0
4995 4997
4996 0
0 0
0 0
4999 5003
5000 5002
5001 0
0 0
0 0
0 0
5005 5010
5006 0
5007 0
5008 0
5009 0
0 0
5011 5015
5012 0
5013 5014
0 0
0 0
0 0
5017 5029
5018 0
5019 5022
5020 5021
0 0
0 0
5023 0
5024 5027
5025 5026
0 0
0 0
5028 0
0 0
5030 5031
0 0
5032 5035
5033 5034
0 0
0 0
5036 5038
5037 0
0 0
5039 0
5040 5041
0 0
5042 0
0 0
5044 5055
5045 5049
5046 5048
5047 0
0 0
0 0
5050 5054
5051 5052
0 0
5053 0
0 0
0 0
5056 5073
5057 5069
5058 5062
5059 5061
5060 0
0 0
0 0
5063 0
5064 5067
5065 0
5066 0
0 0
5068 0
0 0
5070 5072
5071 0
0 0
0 0
0 0
5075 5139
5076 5116
5077 5078
0 0
5079 5108
5080 5094
5081 5085
5082 0
5083 5084
0 0
0 0
5086 5091
5087 5090
5088 5089
0 0
0 0
0 0
5092 0
5093 0
0 0
5095 5102
5096 5101
5097 5100
5098 5099
0 0
0 0
0 0
0 0
5103 5104
0 0
5105 5106
0 0
5107 0
0 0
5109 5114
5110 0
5111 5112
0 0
5113 0
0 0
5115 0
0 0
5117 5122
5118 0
5119 0
5120 5121
0 0
0 0
5123 0
5124 5137
5125 5130
5126 5129
5127 0
5128 0
0 0
0 0
5131 5132
0 0
5133 5136
5134 0
5135 0
0 0
0 0
5138 0
0 0
5140 5161
5141 5150
5142 0
5143 5149
5144 5147
5145 5146
0 0
0 0
5148 0
0 0
0 0
5151 5153
5152 0
0 0
5154 5157
5155 0
5156 0
0 0
5158 5160
5159 0
0 0
0 0
5162 5164
5163 0
0 0
5165 0
0 0
5167 5504
5168 5349
5169 5236
5170 5224
5171 5211
5172 5210
5173 5180
5174 5179
5175 0
5176 0
5177 5178
0 0
0 0
0 0
5181 5205
5182 5195
5183 5184
0 0
5185 5192
5186 5190
5187 0
5188 0
5189 0
0 0
5191 0
0 0
5193 5194
0 0
0 0
5196 0
5197 5201
5198 5199
0 0
5200 0
0 0
5202 5204
5203 0
0 0
0 0
5206 5207
0 0
5208 5209
0 0
0 0
0 0
5212 0
5213 5219
5214 5215
0 0
5216 5218
5217 0
0 0
0 0
5220 0
5221 5222
0 0
5223 0
0 0
5225 5232
5226 5227
0 0
5228 5231
5229 0
5230 0
0 0
0 0
5233 5234
0 0
5235 0
0 0
5237 5335
5238 5312
5239 5281
5240 5280
5241 5276
5242 5269
5243 5252
5244 5246
5245 0
0 0
5247 5251
5248 5250
5249 0
0 0
0 0
0 0
5253 5259
5254 5255
0 0
5256 0
5257 0
5258 0
0 0
5260 0
5261 5264
5262 0
5263 0
0 0
5265 5268
5266 0
5267 0
0 0
0 0
5270 5275
5271 0
5272 5274
5273 0
0 0
0 0
0 0
5277 5278
0 0
5279 0
0 0
0 0
5282 5310
5283 5306
5284 5288
5285 5286
0 0
5287 0
0 0
5289 5296
5290 5295
5291 5292
0 0
5293 5294
0 0
0 0
0 0
5297 5298
0 0
5299 5304
5300 5301
0 0
5302 0
5303 0
0 0
5305 0
0 0
5307 0
5308 5309
0 0
0 0
5311 0
0 0
5313 5324
5314 5315
0 0
5316 5319
5317 5318
0 0
0 0
5320 5323
5321 5322
0 0
0 0
0 0
5325 5326
0 0
5327 5329
5328 0
0 0
5330 5331
0 0
5332 5333
0 0
5334 0
0 0
5336 5342
5337 5341
5338 5340
5339 0
0 0
0 0
0 0
5343 5345
5344 0
0 0
5346 5348
5347 0
0 0
0 0
5350 5487
5351 5481
5352 5450
5353 5373
5354 5371
5355 5360
5356 5358
5357 0
0 0
5359 0
0 0
5361 5365
5362 5363
0 0
5364 0
0 0
5366 5370
5367 5369
5368 0
0 0
0 0
0 0
5372 0
0 0
5374 5406
5375 5398
5376 0
5377 0
5378 0
5379 5381
5380 0
0 0
5382 5387
5383 5385
5384 0
0 0
5386 0
0 0
5388 0
5389 5393
5390 5392
5391 0
0 0
0 0
5394 5395
0 0
5396 0
5397 0
0 0
5399 5405
5400 0
5401 5403
5402 0
0 0
5404 0
0 0
0 0
5407 5419
5408 5418
5409 0
5410 5414
5411 5412
0 0
5413 0
0 0
5415 5417
5416 0
0 0
0 0
0 0
5420 5438
5421 5429
5422 5426
5423 5425
5424 0
0 0
0 0
5427 0
5428 0
0 0
5430 5437
5431 5434
5432 0
5433 0
0 0
5435 0
5436 0
0 0
0 0
5439 0
5440 5444
5441 5442
0 0
5443 0
0 0
5445 5449
5446 5448
5447 0
0 0
0 0
0 0
5451 5462
5452 5453
0 0
5454 5460
5455 0
5456 0
5457 5459
5458 0
0 0
0 0
5461 0
0 0
5463 5480
5464 5475
5465 5472
5466 0
5467 5468
0 0
5469 0
5470 0
5471 0
0 0
5473 0
5474 0
0 0
5476 5477
0 0
5478 0
5479 0
0 0
0 0
5482 5486
5483 0
5484 0
5485 0
0 0
0 0
5488 5501
5489 5497
5490 5491
0 0
5492 5494
5493 0
0 0
5495 5496
0 0
0 0
5498 5499
0 0
5500 0
0 0
5502 5503
0 0
0 0
5505 5582
5506 5562
5507 5522
5508 5515
5509 0
5510 5511
0 0
5512 5513
0 0
5514 0
0 0
5516 5519
5517 0
5518 0
0 0
5520 5521
0 0
0 0
5523 5525
5524 0
0 0
5526 5552
5527 5545
5528 5531
5529 0
5530 0
0 0
5532 5544
5533 5540
5534 5535
0 0
5536 5539
5537 5538
0 0
0 0
0 0
5541 5542
0 0
5543 0
0 0
0 0
5546 5547
0 0
5548 5551
5549 5550
0 0
0 0
0 0
5553 5554
0 0
5555 0
5556 5560
5557 5559
5558 0
0 0
0 0
5561 0
0 0
5563 5577
5564 5571
5565 5566
0 0
5567 5568
0 0
5569 0
5570 0
0 0
5572 0
5573 0
5574 5576
5575 0
0 0
0 0
5578 5581
5579 5580
0 0
0 0
0 0
5583 5589
5584 5588
5585 0
5586 5587
0 0
0 0
0 0
5590 5592
5591 0
0 0
5593 5594
0 0
5595 5599
5596 5597
0 0
5598 0
0 0
5600 0
0 0
5602 9397
5603 5724
5604 5624
5605 5606
0 0
5607 5610
5608 5609
0 0
0 0
5611 0
5612 5617
5613 5615
5614 0
0 0
5616 0
0 0
5618 5619
0 0
5620 5621
0 0
5622 5623
0 0
0 0
5625 5709
5626 5627
0 0
5628 5704
5629 5674
5630 5639
5631 5636
5632 5635
5633 0
5634 0
0 0
0 0
5637 0
5638 0
0 0
5640 5649
5641 0
5642 5648
5643 5647
5644 0
5645 0
5646 0
0 0
0 0
0 0
5650 5665
5651 5661
5652 5657
5653 0
5654 5655
0 0
5656 0
0 0
5658 0
5659 0
5660 0
0 0
5662 5663
0 0
5664 0
0 0
5666 5670
5667 5668
0 0
5669 0
0 0
5671 5673
5672 0
0 0
0 0
5675 5688
5676 5682
5677 0
5678 0
5679 5681
5680 0
0 0
0 0
5683 0
5684 0
5685 5687
5686 0
0 0
0 0
5689 5696
5690 0
5691 5693
5692 0
0 0
5694 0
5695 0
0 0
5697 5699
5698 0
0 0
5700 5701
0 0
5702 0
5703 0
0 0
5705 5708
5706 0
5707 0
0 0
0 0
5710 5721
5711 5713
5712 0
0 0
5714 5718
5715 5716
0 0
5717 0
0 0
5719 5720
0 0
0 0
5722 0
5723 0
0 0
5725 5960
5726 5901
5727 5737
5728 0
5729 5731
5730 0
0 0
5732 0
5733 5735
5734 0
0 0
5736 0
0 0
5738 5881
5739 5844
5740 5764
5741 5753
5742 5751
5743 5750
5744 5749
5745 5746
0 0
5747 0
5748 0
0 0
0 0
0 0
5752 0
0 0
5754 5757
5755 0
5756 0
0 0
5758 5762
5759 5760
0 0
5761 0
0 0
5763 0
0 0
5765 5776
5766 5769
5767 0
5768 0
0 0
5770 5775
5771 5772
0 0
5773 5774
0 0
0 0
0 0
5777 5827
5778 5787
5779 5785
5780 0
5781 5784
5782 5783
0 0
0 0
0 0
5786 0
0 0
5788 5800
5789 5797
5790 0
5791 5792
0 0
5793 5796
5794 0
5795 0
0 0
0 0
5798 5799
0 0
0 0
5801 5821
5802 5820
5803 5818
5804 5805
0 0
5806 0
5807 5809
5808 0
0 0
5810 5814
5811 0
5812 5813
0 0
0 0
5815 5816
0 0
5817 0
0 0
5819 0
0 0
0 0
5822 0
5823 5826
5824 0
5825 0
0 0
0 0
5828 5837
5829 5836
5830 5831
0 0
5832 5835
5833 5834
0 0
0 0
0 0
0 0
5838 5839
0 0
5840 5843
5841 5842
0 0
0 0
0 0
5845 5858
5846 5854
5847 5853
5848 5850
5849 0
0 0
5851 5852
0 0
0 0
0 0
5855 5856
0 0
5857 0
0 0
5859 5871
5860 5861
0 0
5862 5866
5863 5864
0 0
5865 0
0 0
5867 0
5868 0
5869 5870
0 0
0 0
5872 5879
5873 5878
5874 5875
0 0
5876 0
5877 0
0 0
0 0
5880 0
0 0
5882 5899
5883 5892
5884 5889
5885 5886
0 0
5887 0
5888 0
0 0
5890 0
5891 0
0 0
5893 5896
5894 0
5895 0
0 0
5897 0
5898 0
0 0
5900 0
0 0
5902 5921
5903 5914
5904 5912
5905 5909
5906 5907
0 0
5908 0
0 0
5910 0
5911 0
0 0
5913 0
0 0
5915 5916
0 0
5917 0
5918 5919
0 0
5920 0
0 0
5922 5929
5923 5928
5924 5926
5925 0
0 0
5927 0
0 0
0 0
5930 5958
5931 5943
5932 5942
5933 5935
5934 0
0 0
5936 5937
0 0
5938 5939
0 0
5940 0
5941 0
0 0
0 0
5944 0
5945 5953
5946 5951
5947 5948
0 0
5949 0
5950 0
0 0
5952 0
0 0
5954 5957
5955 0
5956 0
0 0
0 0
5959 0
0 0
5961 8437
5962 7272
5963 6519
5964 6053
5965 6013
5966 6012
5967 5986
5968 5981
5969 5970
0 0
5971 5975
5972 5973
0 0
5974 0
0 0
5976 5977
0 0
5978 5980
5979 0
0 0
0 0
5982 0
5983 5984
0 0
5985 0
0 0
5987 6005
5988 6000
5989 5994
5990 5993
5991 5992
0 0
0 0
0 0
5995 5998
5996 0
5997 0
0 0
5999 0
0 0
6001 6003
6002 0
0 0
6004 0
0 0
6006 6011
6007 0
6008 6009
0 0
6010 0
0 0
0 0
0 0
6014 6050
6015 6026
6016 6022
6017 6021
6018 6020
6019 0
0 0
0 0
0 0
6023 0
6024 6025
0 0
0 0
6027 6040
6028 6030
6029 0
0 0
6031 6036
6032 0
6033 6035
6034 0
0 0
0 0
6037 6039
6038 0
0 0
0 0
6041 6045
6042 6044
6043 0
0 0
0 0
6046 0
6047 6049
6048 0
0 0
0 0
6051 0
6052 0
0 0
6054 6218
6055 6151
6056 6138
6057 6069
6058 6062
6059 6060
0 0
6061 0
0 0
6063 6068
6064 6065
0 0
6066 0
6067 0
0 0
0 0
6070 6087
6071 6083
6072 6081
6073 6075
6074 0
0 0
6076 6078
6077 0
0 0
6079 6080
0 0
0 0
6082 0
0 0
6084 6086
6085 0
0 0
0 0
6088 6120
6089 0
6090 6107
6091 6102
6092 6095
6093 0
6094 0
0 0
6096 6099
6097 0
6098 0
0 0
6100 0
6101 0
0 0
6103 6106
6104 0
6105 0
0 0
0 0
6108 6119
6109 6117
6110 6113
6111 6112
0 0
0 0
6114 0
6115 6116
0 0
0 0
6118 0
0 0
0 0
6121 6134
6122 6130
6123 6125
6124 0
0 0
6126 0
6127 0
6128 0
6129 0
0 0
6131 6132
0 0
6133 0
0 0
6135 0
6136 0
6137 0
0 0
6139 6144
6140 6143
6141 0
6142 0
0 0
0 0
6145 6147
6146 0
0 0
6148 6149
0 0
6150 0
0 0
6152 6171
6153 6163
6154 6156
6155 0
0 0
6157 6160
6158 6159
0 0
0 0
6161 6162
0 0
0 0
6164 6165
0 0
6166 6170
6167 6169
6168 0
0 0
0 0
0 0
6172 6175
6173 6174
0 0
0 0
6176 6179
6177 0
6178 0
0 0
6180 6190
6181 6187
6182 0
6183 0
6184 6186
6185 0
0 0
0 0
6188 6189
0 0
0 0
6191 6204
6192 0
6193 6196
6194 0
6195 0
0 0
6197 6201
6198 6199
0 0
6200 0
0 0
6202 6203
0 0
0 0
6205 6213
6206 0
6207 6208
0 0
6209 6212
6210 0
6211 0
0 0
0 0
6214 0
6215 0
6216 6217
0 0
0 0
6219 6241
6220 6227
6221 6226
6222 6223
0 0
6224 0
6225 0
0 0
0 0
6228 6239
6229 6236
6230 6234
6231 0
6232 0
6233 0
0 0
6235 0
0 0
6237 6238
0 0
0 0
6240 0
0 0
6242 6258
6243 6256
6244 6245
0 0
6246 6248
6247 0
0 0
6249 6250
0 0
6251 6252
0 0
6253 0
6254 0
6255 0
0 0
6257 0
0 0
6259 6460
6260 6334
6261 6320
6262 6288
6263 6266
6264 6265
0 0
0 0
6267 6276
6268 6274
6269 6273
6270 0
6271 6272
0 0
0 0
0 0
6275 0
0 0
6277 6281
6278 6279
0 0
6280 0
0 0
6282 6283
0 0
6284 6285
0 0
6286 6287
0 0
0 0
6289 6312
6290 6304
6291 6298
6292 0
6293 6296
6294 0
6295 0
0 0
6297 0
0 0
6299 6301
6300 0
0 0
6302 6303
0 0
0 0
6305 6311
6306 6308
6307 0
0 0
6309 0
6310 0
0 0
0 0
6313 6318
6314 6316
6315 0
0 0
6317 0
0 0
6319 0
0 0
6321 6331
6322 6325
6323 0
6324 0
0 0
6326 6329
6327 0
6328 0
0 0
6330 0
0 0
6332 6333
0 0
0 0
6335 6362
6336 6337
0 0
6338 6352
6339 6348
6340 6344
6341 0
6342 0
6343 0
0 0
6345 0
6346 6347
0 0
0 0
6349 0
6350 0
6351 0
0 0
6353 6354
0 0
6355 6359
6356 0
6357 0
6358 0
0 0
6360 6361
0 0
0 0
6363 6377
6364 6367
6365 0
6366 0
0 0
6368 6373
6369 6370
0 0
6371 6372
0 0
0 0
6374 6375
0 0
6376 0
0 0
6378 6385
6379 6383
6380 6382
6381 0
0 0
0 0
6384 0
0 0
6386 6452
6387 6408
6388 6400
6389 6399
6390 6396
6391 6394
6392 6393
0 0
0 0
6395 0
0 0
6397 6398
0 0
0 0
0 0
6401 6407
6402 6405
6403 6404
0 0
0 0
6406 0
0 0
0 0
6409 6434
6410 6430
6411 0
6412 6423
6413 0
6414 6415
0 0
6416 6418
6417 0
0 0
6419 6420
0 0
6421 6422
0 0
0 0
6424 6425
0 0
6426 6429
6427 6428
0 0
0 0
0 0
6431 0
6432 0
6433 0
0 0
6435 6442
6436 6439
6437 6438
0 0
0 0
6440 6441
0 0
0 0
6443 6451
6444 6450
6445 6447
6446 0
0 0
6448 0
6449 0
0 0
0 0
0 0
6453 6455
6454 0
0 0
6456 0
6457 0
6458 0
6459 0
0 0
6461 6491
6462 6467
6463 6466
6464 0
6465 0
0 0
0 0
6468 6488
6469 6474
6470 0
6471 0
6472 6473
0 0
0 0
6475 6483
6476 6479
6477 6478
0 0
0 0
6480 6482
6481 0
0 0
0 0
6484 6486
6485 0
0 0
6487 0
0 0
6489 0
6490 0
0 0
6492 6498
6493 6497
6494 0
6495 0
6496 0
0 0
0 0
6499 6500
0 0
6501 6510
6502 6507
6503 6506
6504 0
6505 0
0 0
0 0
6508 6509
0 0
0 0
6511 6514
6512 6513
0 0
0 0
6515 6517
6516 0
0 0
6518 0
0 0
6520 6708
6521 6678
6522 6639
6523 6580
6524 6564
6525 6549
6526 6527
0 0
6528 6532
6529 0
6530 6531
0 0
0 0
6533 6543
6534 6535
0 0
6536 6542
6537 6541
6538 0
6539 0
6540 0
0 0
0 0
0 0
6544 6548
6545 6547
6546 0
0 0
0 0
0 0
6550 6562
6551 6559
6552 6557
6553 6554
0 0
6555 0
6556 0
0 0
6558 0
0 0
6560 6561
0 0
0 0
6563 0
0 0
6565 6567
6566 0
0 0
6568 6575
6569 6572
6570 6571
0 0
0 0
6573 6574
0 0
0 0
6576 6579
6577 0
6578 0
0 0
0 0
6581 6626
6582 6585
6583 6584
0 0
0 0
6586 6605
6587 6604
6588 6590
6589 0
0 0
6591 6594
6592 6593
0 0
0 0
6595 6599
6596 0
6597 6598
0 0
0 0
6600 6601
0 0
6602 0
6603 0
0 0
0 0
6606 6612
6607 0
6608 0
6609 6611
6610 0
0 0
0 0
6613 6616
6614 6615
0 0
0 0
6617 6624
6618 0
6619 6622
6620 0
6621 0
0 0
6623 0
0 0
6625 0
0 0
6627 0
6628 6631
6629 0
6630 0
0 0
6632 6636
6633 6634
0 0
6635 0
0 0
6637 0
6638 0
0 0
6640 6675
6641 6660
6642 0
6643 6654
6644 6647
6645 0
6646 0
0 0
6648 6650
6649 0
0 0
6651 6652
0 0
6653 0
0 0
6655 0
6656 0
6657 0
6658 0
6659 0
0 0
6661 6662
0 0
6663 6672
6664 6670
6665 6668
6666 6667
0 0
0 0
6669 0
0 0
6671 0
0 0
6673 0
6674 0
0 0
6676 0
6677 0
0 0
6679 6689
6680 6685
6681 6683
6682 0
0 0
6684 0
0 0
6686 6688
6687 0
0 0
0 0
6690 6694
6691 6692
0 0
6693 0
0 0
6695 6697
6696 0
0 0
6698 6700
6699 0
0 0
6701 6707
6702 6703
0 0
6704 6705
0 0
6706 0
0 0
0 0
6709 6846
6710 6768
6711 6729
6712 6716
6713 6714
0 0
6715 0
0 0
6717 0
6718 0
6719 6722
6720 0
6721 0
0 0
6723 6724
0 0
6725 6727
6726 0
0 0
6728 0
0 0
6730 6733
6731 6732
0 0
0 0
6734 6766
6735 6756
6736 6744
6737 0
6738 6740
6739 0
0 0
6741 0
6742 0
6743 0
0 0
6745 6753
6746 6751
6747 6750
6748 0
6749 0
0 0
0 0
6752 0
0 0
6754 0
6755 0
0 0
6757 6758
0 0
6759 6763
6760 6762
6761 0
0 0
0 0
6764 0
6765 0
0 0
6767 0
0 0
6769 6784
6770 6782
6771 6774
6772 6773
0 0
0 0
6775 0
6776 6781
6777 6778
0 0
6779 0
6780 0
0 0
0 0
6783 0
0 0
6785 6826
6786 6804
6787 6802
6788 6790
6789 0
0 0
6791 6799
6792 6796
6793 6794
0 0
6795 0
0 0
6797 0
6798 0
0 0
6800 6801
0 0
0 0
6803 0
0 0
6805 6807
6806 0
0 0
6808 6822
6809 6820
6810 6815
6811 6814
6812 0
6813 0
0 0
0 0
6816 0
6817 6818
0 0
6819 0
0 0
6821 0
0 0
6823 6825
6824 0
0 0
0 0
6827 6835
6828 6831
6829 6830
0 0
0 0
6832 6833
0 0
6834 0
0 0
6836 6843
6837 6842
6838 0
6839 6840
0 0
6841 0
0 0
0 0
6844 6845
0 0
0 0
6847 6966
6848 6887
6849 6857
6850 6851
0 0
6852 6856
6853 6854
0 0
6855 0
0 0
0 0
6858 6873
6859 6872
6860 6863
6861 6862
0 0
0 0
6864 6871
6865 6869
6866 6867
0 0
6868 0
0 0
6870 0
0 0
0 0
0 0
6874 6882
6875 6878
6876 0
6877 0
0 0
6879 0
6880 0
6881 0
0 0
6883 6884
0 0
6885 0
6886 0
0 0
6888 6939
6889 6898
6890 6895
6891 6892
0 0
6893 0
6894 0
0 0
6896 0
6897 0
0 0
6899 6907
6900 0
6901 6904
6902 6903
0 0
0 0
6905 0
6906 0
0 0
6908 6938
6909 6919
6910 6914
6911 6913
6912 0
0 0
0 0
6915 6916
0 0
6917 0
6918 0
0 0
6920 6937
6921 6936
6922 6935
6923 6926
6924 0
6925 0
0 0
6927 6928
0 0
6929 6932
6930 6931
0 0
0 0
6933 0
6934 0
0 0
0 0
0 0
0 0
0 0
6940 6960
6941 6944
6942 6943
0 0
0 0
6945 6957
6946 6947
0 0
6948 6951
6949 0
6950 0
0 0
6952 6954
6953 0
0 0
6955 0
6956 0
0 0
6958 6959
0 0
0 0
6961 6963
6962 0
0 0
6964 0
6965 0
0 0
6967 7260
6968 7051
6969 7047
6970 7040
6971 7011
6972 6981
6973 6978
6974 6977
6975 6976
0 0
0 0
0 0
6979 6980
0 0
0 0
6982 6992
6983 0
6984 6985
0 0
6986 6991
6987 6990
6988 0
6989 0
0 0
0 0
0 0
6993 7003
6994 0
6995 6999
6996 6998
6997 0
0 0
0 0
7000 7002
7001 0
0 0
0 0
7004 7007
7005 0
7006 0
0 0
7008 0
7009 7010
0 0
0 0
7012 7013
0 0
7014 7022
7015 7021
7016 7018
7017 0
0 0
7019 7020
0 0
0 0
0 0
7023 7027
7024 0
7025 0
7026 0
0 0
7028 7039
7029 7033
7030 7032
7031 0
0 0
0 0
7034 0
7035 0
7036 7038
7037 0
0 0
0 0
0 0
7041 7043
7042 0
0 0
7044 7046
7045 0
0 0
0 0
7048 7049
0 0
7050 0
0 0
7052 7108
7053 7072
7054 7069
7055 7065
7056 7060
7057 7058
0 0
7059 0
0 0
7061 7064
7062 0
7063 0
0 0
0 0
7066 7068
7067 0
0 0
0 0
7070 7071
0 0
0 0
7073 7075
7074 0
0 0
7076 7091
7077 7084
7078 7079
0 0
7080 7082
7081 0
0 0
7083 0
0 0
7085 7088
7086 7087
0 0
0 0
7089 0
7090 0
0 0
7092 7100
7093 7095
7094 0
0 0
7096 7098
7097 0
0 0
7099 0
0 0
7101 0
7102 7107
7103 0
7104 7106
7105 0
0 0
0 0
0 0
7109 7255
7110 7194
7111 7158
7112 7128
7113 7114
0 0
7115 7127
7116 7125
7117 7120
7118 7119
0 0
0 0
7121 7124
7122 0
7123 0
0 0
0 0
7126 0
0 0
0 0
7129 7156
7130 7136
7131 7134
7132 7133
0 0
0 0
7135 0
0 0
7137 0
7138 7145
7139 7140
0 0
7141 0
7142 7143
0 0
7144 0
0 0
7146 7149
7147 0
7148 0
0 0
7150 7151
0 0
7152 7154
7153 0
0 0
7155 0
0 0
7157 0
0 0
7159 7178
7160 7171
7161 7162
0 0
7163 7167
7164 7165
0 0
7166 0
0 0
7168 0
7169 0
7170 0
0 0
7172 7176
7173 0
7174 7175
0 0
0 0
7177 0
0 0
7179 7180
0 0
7181 7191
7182 7184
7183 0
0 0
7185 0
7186 7188
7187 0
0 0
7189 0
7190 0
0 0
7192 7193
0 0
0 0
7195 7206
7196 7204
7197 7199
7198 0
0 0
7200 7203
7201 0
7202 0
0 0
0 0
7205 0
0 0
7207 7227
7208 7212
7209 0
7210 7211
0 0
0 0
7213 7217
7214 7216
7215 0
0 0
0 0
7218 7222
7219 7220
0 0
7221 0
0 0
7223 7226
7224 7225
0 0
0 0
0 0
7228 7230
7229 0
0 0
7231 7245
7232 7237
7233 0
7234 7236
7235 0
0 0
0 0
7238 7244
7239 7243
7240 0
7241 7242
0 0
0 0
0 0
0 0
7246 7250
7247 0
7248 7249
0 0
0 0
7251 7253
7252 0
0 0
7254 0
0 0
7256 7258
7257 0
0 0
7259 0
0 0
7261 7267
7262 7263
0 0
7264 0
7265 7266
0 0
0 0
7268 0
7269 7270
0 0
7271 0
0 0
7273 7863
7274 7576
7275 7415
7276 7293
7277 7289
7278 7284
7279 7281
7280 0
0 0
7282 0
7283 0
0 0
7285 7287
7286 0
0 0
7288 0
0 0
7290 7291
0 0
7292 0
0 0
7294 7405
7295 7341
7296 7327
7297 7313
7298 7307
7299 7302
7300 0
7301 0
0 0
7303 0
7304 7306
7305 0
0 0
0 0
7308 0
7309 0
7310 0
7311 7312
0 0
0 0
7314 7319
7315 0
7316 7317
0 0
7318 0
0 0
7320 7325
7321 7324
7322 0
7323 0
0 0
0 0
7326 0
0 0
7328 7332
7329 7330
0 0
7331 0
0 0
7333 7337
7334 7336
7335 0
0 0
0 0
7338 7340
7339 0
0 0
0 0
7342 0
7343 7352
7344 7350
7345 7346
0 0
7347 7348
0 0
7349 0
0 0
7351 0
0 0
7353 7357
7354 7355
0 0
7356 0
0 0
7358 7364
7359 0
7360 0
7361 7362
0 0
7363 0
0 0
7365 7380
7366 0
7367 7377
7368 7376
7369 7372
7370 0
7371 0
0 0
7373 7375
7374 0
0 0
0 0
0 0
7378 0
7379 0
0 0
7381 7397
7382 7395
7383 7394
7384 7385
0 0
7386 7387
0 0
7388 7390
7389 0
0 0
7391 7392
0 0
7393 0
0 0
0 0
7396 0
0 0
7398 7401
7399 0
7400 0
0 0
7402 7404
7403 0
0 0
0 0
7406 7411
7407 0
7408 7409
0 0
7410 0
0 0
7412 7413
0 0
7414 0
0 0
7416 7533
7417 7517
7418 7449
7419 7445
7420 7423
7421 7422
0 0
0 0
7424 7439
7425 7438
7426 7432
7427 7428
0 0
7429 0
7430 0
7431 0
0 0
7433 7434
0 0
7435 7436
0 0
7437 0
0 0
0 0
7440 7441
0 0
7442 7444
7443 0
0 0
0 0
7446 7447
0 0
7448 0
0 0
7450 7488
7451 7457
7452 7454
7453 0
0 0
7455 0
7456 0
0 0
7458 7482
7459 7461
7460 0
0 0
7462 7479
7463 0
7464 7466
7465 0
0 0
7467 7475
7468 7474
7469 7473
7470 7472
7471 0
0 0
0 0
0 0
0 0
7476 0
7477 7478
0 0
0 0
7480 0
7481 0
0 0
7483 7486
7484 0
7485 0
0 0
7487 0
0 0
7489 7504
7490 7500
7491 0
7492 7499
7493 0
7494 7498
7495 7497
7496 0
0 0
0 0
0 0
0 0
7501 7502
0 0
7503 0
0 0
7505 7510
7506 7509
7507 0
7508 0
0 0
0 0
7511 7512
0 0
7513 7516
7514 0
7515 0
0 0
0 0
7518 7526
7519 7520
0 0
7521 7525
7522 7524
7523 0
0 0
0 0
0 0
7527 7530
7528 7529
0 0
0 0
7531 0
7532 0
0 0
7534 7560
7535 7558
7536 7544
7537 7538
0 0
7539 7541
7540 0
0 0
7542 7543
0 0
0 0
7545 0
7546 7554
7547 7553
7548 7552
7549 7551
7550 0
0 0
0 0
0 0
0 0
7555 7556
0 0
7557 0
0 0
7559 0
0 0
7561 7562
0 0
7563 7572
7564 7571
7565 7570
7566 0
7567 0
7568 7569
0 0
0 0
0 0
0 0
7573 7574
0 0
7575 0
0 0
7577 7578
0 0
7579 7767
7580 7682
7581 7594
7582 7587
7583 7586
7584 0
7585 0
0 0
0 0
7588 0
7589 7592
7590 7591
0 0
0 0
7593 0
0 0
7595 7605
7596 7603
7597 7599
7598 0
0 0
7600 7602
7601 0
0 0
0 0
7604 0
0 0
7606 7643
7607 7616
7608 7614
7609 7613
7610 7612
7611 0
0 0
0 0
0 0
7615 0
0 0
7617 7640
7618 7636
7619 7628
7620 7627
7621 7626
7622 0
7623 0
7624 0
7625 0
0 0
0 0
0 0
7629 7630
0 0
7631 7634
7632 0
7633 0
0 0
7635 0
0 0
7637 0
7638 7639
0 0
0 0
7641 7642
0 0
0 0
7644 7653
7645 7652
7646 7650
7647 0
7648 7649
0 0
0 0
7651 0
0 0
0 0
7654 7666
7655 7661
7656 0
7657 7660
7658 0
7659 0
0 0
0 0
7662 7663
0 0
7664 0
7665 0
0 0
7667 7668
0 0
7669 7680
7670 7677
7671 7673
7672 0
0 0
7674 0
7675 7676
0 0
0 0
7678 0
7679 0
0 0
7681 0
0 0
7683 7714
7684 7707
7685 7704
7686 7694
7687 7690
7688 0
7689 0
0 0
7691 0
7692 0
7693 0
0 0
7695 0
7696 7703
7697 7701
7698 7700
7699 0
0 0
0 0
7702 0
0 0
0 0
7705 0
7706 0
0 0
7708 7709
0 0
7710 0
7711 7712
0 0
7713 0
0 0
7715 7716
0 0
7717 7719
7718 0
0 0
7720 7721
0 0
7722 0
7723 0
7724 7738
7725 7730
7726 7728
7727 0
0 0
7729 0
0 0
7731 7736
7732 7735
7733 0
7734 0
0 0
0 0
7737 0
0 0
7739 7764
7740 7753
7741 7743
7742 0
0 0
7744 7749
7745 7747
7746 0
0 0
7748 0
0 0
7750 7752
7751 0
0 0
0 0
7754 7761
7755 7758
7756 7757
0 0
0 0
7759 7760
0 0
0 0
7762 7763
0 0
0 0
7765 0
7766 0
0 0
7768 7821
7769 7808
7770 7804
7771 7797
7772 7787
7773 7785
7774 7784
7775 7780
7776 7778
7777 0
0 0
7779 0
0 0
7781 7783
7782 0
0 0
0 0
0 0
7786 0
0 0
7788 7796
7789 7790
0 0
7791 7793
7792 0
0 0
7794 7795
0 0
0 0
0 0
7798 0
7799 7803
7800 7801
0 0
7802 0
0 0
0 0
7805 7807
7806 0
0 0
0 0
7809 7810
0 0
7811 7820
7812 7818
7813 0
7814 7815
0 0
7816 7817
0 0
0 0
7819 0
0 0
0 0
7822 7834
7823 7831
7824 7827
7825 7826
0 0
0 0
7828 7829
0 0
7830 0
0 0
7832 7833
0 0
0 0
7835 7852
7836 7842
7837 7841
7838 7840
7839 0
0 0
0 0
0 0
7843 7849
7844 7845
0 0
7846 0
7847 7848
0 0
0 0
7850 7851
0 0
0 0
7853 7856
7854 0
7855 0
0 0
7857 7862
7858 7860
7859 0
0 0
7861 0
0 0
0 0
7864 8077
7865 7972
7866 7949
7867 7909
7868 7886
7869 7873
7870 7872
7871 0
0 0
0 0
7874 0
7875 0
7876 7885
7877 7884
7878 7883
7879 7881
7880 0
0 0
7882 0
0 0
0 0
0 0
0 0
7887 7896
7888 0
7889 0
7890 7892
7891 0
0 0
7893 7894
0 0
7895 0
0 0
7897 7898
0 0
7899 7900
0 0
7901 7903
7902 0
0 0
7904 7906
7905 0
0 0
7907 0
7908 0
0 0
7910 7914
7911 0
7912 0
7913 0
0 0
7915 7945
7916 7935
7917 7930
7918 7923
7919 0
7920 7921
0 0
7922 0
0 0
7924 7928
7925 7926
0 0
7927 0
0 0
7929 0
0 0
7931 7934
7932 7933
0 0
0 0
0 0
7936 7941
7937 0
7938 7939
0 0
7940 0
0 0
7942 0
7943 0
7944 0
0 0
7946 7947
0 0
7948 0
0 0
7950 7957
7951 7956
7952 7953
0 0
7954 7955
0 0
0 0
0 0
7958 7971
7959 7966
7960 7961
0 0
7962 7963
0 0
7964 7965
0 0
0 0
7967 7969
7968 0
0 0
7970 0
0 0
0 0
7973 8032
7974 8012
7975 7980
7976 0
7977 7978
0 0
7979 0
0 0
7981 7983
7982 0
0 0
7984 7987
7985 7986
0 0
0 0
7988 7995
7989 7990
0 0
7991 7992
0 0
7993 7994
0 0
0 0
7996 7999
7997 0
7998 0
0 0
8000 8007
8001 8002
0 0
8003 0
8004 0
8005 0
8006 0
0 0
8008 0
8009 8011
8010 0
0 0
0 0
8013 8016
8014 0
8015 0
0 0
8017 8024
8018 8023
8019 8021
8020 0
0 0
8022 0
0 0
0 0
8025 8026
0 0
8027 8028
0 0
8029 0
8030 0
8031 0
0 0
8033 8055
8034 8035
0 0
8036 8043
8037 8040
8038 0
8039 0
0 0
8041 0
8042 0
0 0
8044 8046
8045 0
0 0
8047 8050
8048 8049
0 0
0 0
8051 8052
0 0
8053 8054
0 0
0 0
8056 8062
8057 8061
8058 8060
8059 0
0 0
0 0
0 0
8063 8070
8064 8065
0 0
8066 0
8067 8069
8068 0
0 0
0 0
8071 8075
8072 8074
8073 0
0 0
0 0
8076 0
0 0
8078 8287
8079 8210
8080 8087
8081 8085
8082 0
8083 8084
0 0
0 0
8086 0
0 0
8088 8188
8089 8130
8090 8098
8091 8093
8092 0
0 0
8094 0
8095 0
8096 8097
0 0
0 0
8099 8117
8100 0
8101 8102
0 0
8103 8105
8104 0
0 0
8106 0
8107 8115
8108 8113
8109 8111
8110 0
0 0
8112 0
0 0
8114 0
0 0
8116 0
0 0
8118 8122
8119 8121
8120 0
0 0
0 0
8123 8129
8124 8128
8125 8127
8126 0
0 0
0 0
0 0
0 0
8131 8133
8132 0
0 0
8134 8150
8135 8141
8136 8140
8137 0
8138 0
8139 0
0 0
0 0
8142 8148
8143 0
8144 0
8145 8147
8146 0
0 0
0 0
8149 0
0 0
8151 8181
8152 8161
8153 8156
8154 0
8155 0
0 0
8157 8159
8158 0
0 0
8160 0
0 0
8162 8179
8163 8166
8164 0
8165 0
0 0
8167 8176
8168 8175
8169 8171
8170 0
0 0
8172 0
8173 8174
0 0
0 0
0 0
8177 8178
0 0
0 0
8180 0
0 0
8182 8185
8183 8184
0 0
0 0
8186 0
8187 0
0 0
8189 8206
8190 8193
8191 8192
0 0
0 0
8194 8202
8195 8201
8196 8197
0 0
8198 8200
8199 0
0 0
0 0
0 0
8203 0
8204 0
8205 0
0 0
8207 0
8208 8209
0 0
0 0
8211 8271
8212 8220
8213 8217
8214 8216
8215 0
0 0
0 0
8218 0
8219 0
0 0
8221 8269
8222 8233
8223 8226
8224 8225
0 0
0 0
8227 8229
8228 0
0 0
8230 8232
8231 0
0 0
0 0
8234 8235
0 0
8236 8239
8237 0
8238 0
0 0
8240 8251
8241 8249
8242 8247
8243 8245
8244 0
0 0
8246 0
0 0
8248 0
0 0
8250 0
0 0
8252 8266
8253 8264
8254 8257
8255 0
8256 0
0 0
8258 0
8259 8262
8260 8261
0 0
0 0
8263 0
0 0
8265 0
0 0
8267 8268
0 0
0 0
8270 0
0 0
8272 8274
8273 0
0 0
8275 8280
8276 8277
0 0
8278 8279
0 0
0 0
8281 8284
8282 8283
0 0
0 0
8285 8286
0 0
0 0
8288 8335
8289 8311
8290 8296
8291 8294
8292 8293
0 0
0 0
8295 0
0 0
8297 0
8298 8304
8299 0
8300 8303
8301 0
8302 0
0 0
0 0
8305 8307
8306 0
0 0
8308 0
8309 8310
0 0
0 0
8312 8322
8313 8318
8314 0
8315 8317
8316 0
0 0
0 0
8319 0
8320 8321
0 0
0 0
8323 8331
8324 8325
0 0
8326 8329
8327 0
8328 0
0 0
8330 0
0 0
8332 8334
8333 0
0 0
0 0
8336 8378
8337 8368
8338 8355
8339 8342
8340 8341
0 0
0 0
8343 8353
8344 8350
8345 8346
0 0
8347 0
8348 8349
0 0
0 0
8351 8352
0 0
0 0
8354 0
0 0
8356 8361
8357 0
8358 8359
0 0
8360 0
0 0
8362 8364
8363 0
0 0
8365 8366
0 0
8367 0
0 0
8369 0
8370 8375
8371 0
8372 0
8373 8374
0 0
0 0
8376 8377
0 0
0 0
8379 8392
8380 8383
8381 8382
0 0
0 0
8384 8387
8385 8386
0 0
0 0
8388 8391
8389 0
8390 0
0 0
0 0
8393 0
8394 8430
8395 8421
8396 8401
8397 8400
8398 0
8399 0
0 0
0 0
8402 8412
8403 8411
8404 8406
8405 0
0 0
8407 0
8408 8409
0 0
8410 0
0 0
0 0
8413 8418
8414 8415
0 0
8416 0
8417 0
0 0
8419 0
8420 0
0 0
8422 8425
8423 0
8424 0
0 0
8426 0
8427 8429
8428 0
0 0
0 0
8431 8435
8432 8433
0 0
8434 0
0 0
8436 0
0 0
8438 9286
8439 8845
8440 8757
8441 8640
8442 8535
8443 8518
8444 8447
8445 8446
0 0
0 0
8448 8490
8449 8457
8450 8452
8451 0
0 0
8453 8455
8454 0
0 0
8456 0
0 0
8458 8478
8459 8475
8460 8463
8461 8462
0 0
0 0
8464 8469
8465 8467
8466 0
0 0
8468 0
0 0
8470 0
8471 0
8472 8474
8473 0
0 0
0 0
8476 8477
0 0
0 0
8479 8489
8480 8482
8481 0
0 0
8483 8488
8484 8486
8485 0
0 0
8487 0
0 0
0 0
0 0
8491 8513
8492 8510
8493 8508
8494 8506
8495 8504
8496 8503
8497 8498
0 0
8499 8502
8500 8501
0 0
0 0
0 0
0 0
8505 0
0 0
8507 0
0 0
8509 0
0 0
8511 8512
0 0
0 0
8514 8516
8515 0
0 0
8517 0
0 0
8519 8524
8520 0
8521 8522
0 0
8523 0
0 0
8525 8529
8526 0
8527 0
8528 0
0 0
8530 8533
8531 8532
0 0
0 0
8534 0
0 0
8536 8617
8537 8598
8538 8581
8539 0
8540 0
8541 8569
8542 8561
8543 8553
8544 8548
8545 8547
8546 0
0 0
0 0
8549 8551
8550 0
0 0
8552 0
0 0
8554 8555
0 0
8556 0
8557 8560
8558 8559
0 0
0 0
0 0
8562 8567
8563 0
8564 8565
0 0
8566 0
0 0
8568 0
0 0
8570 8574
8571 8573
8572 0
0 0
0 0
8575 0
8576 8578
8577 0
0 0
8579 8580
0 0
0 0
8582 8588
8583 8587
8584 0
8585 8586
0 0
0 0
0 0
8589 8597
8590 8591
0 0
8592 8595
8593 8594
0 0
0 0
8596 0
0 0
0 0
8599 8605
8600 8601
0 0
8602 8603
0 0
8604 0
0 0
8606 8610
8607 8608
0 0
8609 0
0 0
8611 8612
0 0
8613 8616
8614 0
8615 0
0 0
0 0
8618 8625
8619 8622
8620 8621
0 0
0 0
8623 0
8624 0
0 0
8626 8633
8627 8632
8628 8630
8629 0
0 0
8631 0
0 0
0 0
8634 8636
8635 0
0 0
8637 8639
8638 0
0 0
0 0
8641 8677
8642 8665
8643 8654
8644 0
8645 8646
0 0
8647 0
8648 8650
8649 0
0 0
8651 8653
8652 0
0 0
0 0
8655 8658
8656 8657
0 0
0 0
8659 0
8660 8661
0 0
8662 8664
8663 0
0 0
0 0
8666 8673
8667 8670
8668 8669
0 0
0 0
8671 8672
0 0
0 0
8674 0
8675 8676
0 0
0 0
8678 8728
8679 8721
8680 8708
8681 0
8682 8705
8683 8702
8684 8689
8685 0
8686 0
8687 8688
0 0
0 0
8690 8694
8691 8693
8692 0
0 0
0 0
8695 8699
8696 0
8697 8698
0 0
0 0
8700 0
8701 0
0 0
8703 0
8704 0
0 0
8706 0
8707 0
0 0
8709 8716
8710 8714
8711 8712
0 0
8713 0
0 0
8715 0
0 0
8717 0
8718 8719
0 0
8720 0
0 0
8722 8727
8723 8725
8724 0
0 0
8726 0
0 0
0 0
8729 8735
8730 0
8731 8732
0 0
8733 8734
0 0
0 0
8736 8747
8737 8746
8738 8741
8739 8740
0 0
0 0
8742 8743
0 0
8744 0
8745 0
0 0
0 0
8748 8750
8749 0
0 0
8751 8756
8752 0
8753 0
8754 0
8755 0
0 0
0 0
8758 8784
8759 8771
8760 8761
0 0
8762 8763
0 0
8764 8768
8765 8766
0 0
8767 0
0 0
8769 8770
0 0
0 0
8772 8775
8773 8774
0 0
0 0
8776 8779
8777 0
8778 0
0 0
8780 8781
0 0
8782 0
8783 0
0 0
8785 8831
8786 8794
8787 8789
8788 0
0 0
8790 8793
8791 0
8792 0
0 0
0 0
8795 8804
8796 8803
8797 8798
0 0
8799 8802
8800 0
8801 0
0 0
0 0
0 0
8805 8826
8806 8819
8807 0
8808 8809
0 0
8810 8811
0 0
8812 8813
0 0
8814 0
8815 8817
8816 0
0 0
8818 0
0 0
8820 8825
8821 8823
8822 0
0 0
8824 0
0 0
0 0
8827 0
8828 8829
0 0
8830 0
0 0
8832 8841
8833 8838
8834 0
8835 8836
0 0
8837 0
0 0
8839 0
8840 0
0 0
8842 0
8843 0
8844 0
0 0
8846 8913
8847 8857
8848 8851
8849 8850
0 0
0 0
8852 8853
0 0
8854 8856
8855 0
0 0
0 0
8858 8904
8859 8869
8860 8866
8861 8864
8862 0
8863 0
0 0
8865 0
0 0
8867 0
8868 0
0 0
8870 8894
8871 8876
8872 0
8873 8874
0 0
8875 0
0 0
8877 8879
8878 0
0 0
8880 8887
8881 0
8882 8883
0 0
8884 0
8885 8886
0 0
0 0
8888 8892
8889 8890
0 0
8891 0
0 0
8893 0
0 0
8895 8899
8896 0
8897 0
8898 0
0 0
8900 0
8901 8903
8902 0
0 0
0 0
8905 8907
8906 0
0 0
8908 0
8909 8910
0 0
8911 8912
0 0
0 0
8914 9174
8915 9106
8916 8999
8917 8962
8918 8929
8919 8928
8920 8923
8921 0
8922 0
0 0
8924 8926
8925 0
0 0
8927 0
0 0
0 0
8930 8950
8931 8937
8932 8934
8933 0
0 0
8935 0
8936 0
0 0
8938 8944
8939 8942
8940 8941
0 0
0 0
8943 0
0 0
8945 0
8946 8948
8947 0
0 0
8949 0
0 0
8951 8957
8952 8953
0 0
8954 0
8955 0
8956 0
0 0
8958 8959
0 0
8960 8961
0 0
0 0
8963 8988
8964 8980
8965 8973
8966 8971
8967 8968
0 0
8969 8970
0 0
0 0
8972 0
0 0
8974 0
8975 8979
8976 8977
0 0
8978 0
0 0
0 0
8981 8986
8982 8985
8983 8984
0 0
0 0
0 0
8987 0
0 0
8989 8995
8990 0
8991 8992
0 0
8993 8994
0 0
0 0
8996 8998
8997 0
0 0
0 0
9000 9021
9001 9007
9002 9005
9003 0
9004 0
0 0
9006 0
0 0
9008 9010
9009 0
0 0
9011 9019
9012 0
9013 0
9014 9017
9015 9016
0 0
0 0
9018 0
0 0
9020 0
0 0
9022 9105
9023 9052
9024 9047
9025 9043
9026 9037
9027 9031
9028 0
9029 9030
0 0
0 0
9032 9035
9033 0
9034 0
0 0
9036 0
0 0
9038 9041
9039 0
9040 0
0 0
9042 0
0 0
9044 9045
0 0
9046 0
0 0
9048 9049
0 0
9050 9051
0 0
0 0
9053 9068
9054 9065
9055 9064
9056 9058
9057 0
0 0
9059 9063
9060 0
9061 0
9062 0
0 0
0 0
0 0
9066 9067
0 0
0 0
9069 9073
9070 0
9071 0
9072 0
0 0
9074 9082
9075 9076
0 0
9077 0
9078 0
9079 0
9080 0
9081 0
0 0
9083 9093
9084 9087
9085 0
9086 0
0 0
9088 9091
9089 9090
0 0
0 0
9092 0
0 0
9094 9103
9095 9100
9096 9098
9097 0
0 0
9099 0
0 0
9101 9102
0 0
0 0
9104 0
0 0
0 0
9107 9110
9108 9109
0 0
0 0
9111 9139
9112 9132
9113 0
9114 9118
9115 9116
0 0
9117 0
0 0
9119 9120
0 0
9121 9128
9122 9123
0 0
9124 0
9125 9126
0 0
9127 0
0 0
9129 9130
0 0
9131 0
0 0
9133 9138
9134 9137
9135 0
9136 0
0 0
0 0
0 0
9140 9160
9141 9154
9142 9149
9143 9144
0 0
9145 9147
9146 0
0 0
9148 0
0 0
9150 9153
9151 9152
0 0
0 0
0 0
9155 9159
9156 0
9157 9158
0 0
0 0
0 0
9161 9163
9162 0
0 0
9164 0
9165 9171
9166 9168
9167 0
0 0
9169 0
9170 0
0 0
9172 9173
0 0
0 0
9175 9228
9176 9185
9177 9184
9178 9183
9179 9180
0 0
9181 0
9182 0
0 0
0 0
0 0
9186 9208
9187 9197
9188 9195
9189 9191
9190 0
0 0
9192 0
9193 9194
0 0
0 0
9196 0
0 0
9198 9202
9199 9201
9200 0
0 0
0 0
9203 9206
9204 0
9205 0
0 0
9207 0
0 0
9209 9211
9210 0
0 0
9212 9225
9213 9221
9214 9215
0 0
9216 9217
0 0
9218 9220
9219 0
0 0
0 0
9222 9223
0 0
9224 0
0 0
9226 9227
0 0
0 0
9229 9257
9230 9248
9231 9242
9232 9240
9233 9236
9234 0
9235 0
0 0
9237 9238
0 0
9239 0
0 0
9241 0
0 0
9243 9246
9244 0
9245 0
0 0
9247 0
0 0
9249 9252
9250 0
9251 0
0 0
9253 9254
0 0
9255 9256
0 0
0 0
9258 9272
9259 9268
9260 9266
9261 9265
9262 9264
9263 0
0 0
0 0
0 0
9267 0
0 0
9269 9271
9270 0
0 0
0 0
9273 9275
9274 0
0 0
9276 9283
9277 9280
9278 9279
0 0
0 0
9281 0
9282 0
0 0
9284 9285
0 0
0 0
9287 9328
9288 9323
9289 9299
9290 9294
9291 9292
0 0
9293 0
0 0
9295 9298
9296 0
9297 0
0 0
0 0
9300 9315
9301 9303
9302 0
0 0
9304 9311
9305 9309
9306 9308
9307 0
0 0
0 0
9310 0
0 0
9312 0
9313 9314
0 0
0 0
9316 9320
9317 9319
9318 0
0 0
0 0
9321 0
9322 0
0 0
9324 9326
9325 0
0 0
9327 0
0 0
9329 9333
9330 0
9331 0
9332 0
0 0
9334 9373
9335 9342
9336 9337
0 0
9338 9339
0 0
9340 0
9341 0
0 0
9343 9362
9344 9346
9345 0
0 0
9347 9354
9348 0
9349 9352
9350 9351
0 0
0 0
9353 0
0 0
9355 9357
9356 0
0 0
9358 9361
9359 9360
0 0
0 0
0 0
9363 9371
9364 9365
0 0
9366 9368
9367 0
0 0
9369 0
9370 0
0 0
9372 0
0 0
9374 9389
9375 9378
9376 9377
0 0
0 0
9379 9386
9380 9385
9381 9384
9382 9383
0 0
0 0
0 0
0 0
9387 0
9388 0
0 0
9390 0
9391 9393
9392 0
0 0
9394 9396
9395 0
0 0
0 0
9398 9778
9399 9566
9400 9455
9401 9441
9402 9414
9403 9413
9404 9412
9405 9409
9406 9407
0 0
9408 0
0 0
9410 0
9411 0
0 0
0 0
0 0
9415 9438
9416 9418
9417 0
0 0
9419 9428
9420 9423
9421 0
9422 0
0 0
9424 0
9425 9427
9426 0
0 0
0 0
9429 9431
9430 0
0 0
9432 9434
9433 0
0 0
9435 9437
9436 0
0 0
0 0
9439 9440
0 0
0 0
9442 9446
9443 0
9444 9445
0 0
0 0
9447 0
9448 9449
0 0
9450 9451
0 0
9452 9454
9453 0
0 0
0 0
9456 9531
9457 9529
9458 9494
9459 9460
0 0
9461 0
9462 9482
9463 9468
9464 9465
0 0
9466 9467
0 0
0 0
9469 9476
9470 9471
0 0
9472 0
9473 9474
0 0
9475 0
0 0
9477 9478
0 0
9479 9481
9480 0
0 0
0 0
9483 0
9484 9485
0 0
9486 9487
0 0
9488 9492
9489 0
9490 9491
0 0
0 0
9493 0
0 0
9495 9498
9496 9497
0 0
0 0
9499 9511
9500 0
9501 0
9502 9509
9503 0
9504 9508
9505 0
9506 9507
0 0
0 0
0 0
9510 0
0 0
9512 9518
9513 0
9514 9517
9515 9516
0 0
0 0
0 0
9519 9525
9520 9523
9521 9522
0 0
0 0
9524 0
0 0
9526 9527
0 0
9528 0
0 0
9530 0
0 0
9532 9559
9533 9546
9534 9541
9535 9540
9536 9539
9537 9538
0 0
0 0
0 0
0 0
9542 9544
9543 0
0 0
9545 0
0 0
9547 0
9548 0
9549 0
9550 9554
9551 0
9552 9553
0 0
0 0
9555 0
9556 0
9557 0
9558 0
0 0
9560 0
9561 9562
0 0
9563 9565
9564 0
0 0
0 0
9567 9692
9568 9665
9569 9587
9570 9586
9571 9582
9572 9574
9573 0
0 0
9575 9579
9576 0
9577 0
9578 0
0 0
9580 0
9581 0
0 0
9583 9584
0 0
9585 0
0 0
0 0
9588 9646
9589 9626
9590 9608
9591 9602
9592 9601
9593 9595
9594 0
0 0
9596 9598
9597 0
0 0
9599 0
9600 0
0 0
0 0
9603 9605
9604 0
0 0
9606 9607
0 0
0 0
9609 9618
9610 9612
9611 0
0 0
9613 9615
9614 0
0 0
9616 0
9617 0
0 0
9619 9621
9620 0
0 0
9622 9625
9623 0
9624 0
0 0
0 0
9627 9637
9628 9636
9629 9633
9630 9631
0 0
9632 0
0 0
9634 0
9635 0
0 0
0 0
9638 9642
9639 9640
0 0
9641 0
0 0
9643 0
9644 9645
0 0
0 0
9647 9648
0 0
9649 9664
9650 9662
9651 9652
0 0
9653 9654
0 0
9655 0
9656 9659
9657 0
9658 0
0 0
9660 9661
0 0
0 0
9663 0
0 0
0 0
9666 9669
9667 0
9668 0
0 0
9670 9679
9671 0
9672 9676
9673 9674
0 0
9675 0
0 0
9677 0
9678 0
0 0
9680 9688
9681 0
9682 0
9683 9684
0 0
9685 9687
9686 0
0 0
0 0
9689 9690
0 0
9691 0
0 0
9693 9711
9694 9696
9695 0
0 0
9697 9709
9698 9708
9699 9701
9700 0
0 0
9702 9706
9703 9705
9704 0
0 0
0 0
9707 0
0 0
0 0
9710 0
0 0
9712 9750
9713 9723
9714 0
9715 9721
9716 9717
0 0
9718 0
9719 9720
0 0
0 0
9722 0
0 0
9724 9735
9725 9733
9726 9729
9727 0
9728 0
0 0
9730 9731
0 0
9732 0
0 0
9734 0
0 0
9736 9748
9737 0
9738 9740
9739 0
0 0
9741 9746
9742 9744
9743 0
0 0
9745 0
0 0
9747 0
0 0
9749 0
0 0
9751 9759
9752 9754
9753 0
0 0
9755 9757
9756 0
0 0
9758 0
0 0
9760 9763
9761 0
9762 0
0 0
9764 0
9765 9766
0 0
9767 9769
9768 0
0 0
9770 9773
9771 9772
0 0
0 0
9774 0
9775 9777
9776 0
0 0
0 0
9779 9854
9780 9812
9781 9795
9782 9784
9783 0
0 0
9785 9787
9786 0
0 0
9788 9792
9789 0
9790 0
9791 0
0 0
9793 9794
0 0
0 0
9796 9805
9797 0
9798 9800
9799 0
0 0
9801 9802
0 0
9803 9804
0 0
0 0
9806 9811
9807 9810
9808 0
9809 0
0 0
0 0
0 0
9813 9848
9814 9841
9815 9819
9816 0
9817 0
9818 0
0 0
9820 9839
9821 9835
9822 9823
0 0
9824 0
9825 9829
9826 0
9827 9828
0 0
0 0
9830 0
9831 9833
9832 0
0 0
9834 0
0 0
9836 0
9837 9838
0 0
0 0
9840 0
0 0
9842 9847
9843 0
9844 9845
0 0
9846 0
0 0
0 0
9849 9853
9850 0
9851 0
9852 0
0 0
0 0
9855 9997
9856 9913
9857 9882
9858 9868
9859 9864
9860 9861
0 0
9862 9863
0 0
0 0
9865 9867
9866 0
0 0
0 0
9869 9880
9870 9878
9871 9876
9872 9874
9873 0
0 0
9875 0
0 0
9877 0
0 0
9879 0
0 0
9881 0
0 0
9883 9911
9884 9905
9885 9895
9886 9889
9887 0
9888 0
0 0
9890 9891
0 0
9892 9893
0 0
9894 0
0 0
9896 9902
9897 9899
9898 0
0 0
9900 9901
0 0
0 0
9903 9904
0 0
0 0
9906 9910
9907 9908
0 0
9909 0
0 0
0 0
9912 0
0 0
9914 9934
9915 9931
9916 9922
9917 0
9918 9919
0 0
9920 0
9921 0
0 0
9923 9927
9924 9925
0 0
9926 0
0 0
9928 9930
9929 0
0 0
0 0
9932 9933
0 0
0 0
9935 9938
9936 0
9937 0
0 0
9939 9993
9940 9976
9941 9950
9942 9943
0 0
9944 9949
9945 9947
9946 0
0 0
9948 0
0 0
0 0
9951 9968
9952 9961
9953 9958
9954 0
9955 0
9956 9957
0 0
0 0
9959 9960
0 0
0 0
9962 0
9963 9966
9964 9965
0 0
0 0
9967 0
0 0
9969 0
9970 9973
9971 0
9972 0
0 0
9974 9975
0 0
0 0
9977 9990
9978 9983
9979 0
9980 0
9981 9982
0 0
0 0
9984 9989
9985 9988
9986 9987
0 0
0 0
0 0
0 0
9991 9992
0 0
0 0
9994 9995
0 0
9996 0
0 0
9998 10000
9999 0
0 0
0 0
