10000
2 29
3 22
4 6
5 0
0 0
7 12
8 9
0 0
10 0
11 0
0 0
13 14
0 0
15 20
16 18
17 0
0 0
19 0
0 0
21 0
0 0
23 26
24 0
25 0
0 0
27 28
0 0
0 0
30 8772
31 2736
32 195
33 129
34 113
35 49
36 47
37 40
38 39
0 0
0 0
41 0
42 43
0 0
44 0
45 46
0 0
0 0
48 0
0 0
50 89
51 75
52 67
53 54
0 0
55 58
56 0
57 0
0 0
59 65
60 62
61 0
0 0
63 64
0 0
0 0
66 0
0 0
68 69
0 0
70 73
71 72
0 0
0 0
74 0
0 0
76 88
77 0
78 84
79 83
80 0
81 0
82 0
0 0
0 0
85 86
0 0
87 0
0 0
0 0
90 112
91 107
92 106
93 102
94 100
95 0
96 99
97 98
0 0
0 0
0 0
101 0
0 0
103 0
104 105
0 0
0 0
0 0
108 110
109 0
0 0
111 0
0 0
0 0
114 118
115 116
0 0
117 0
0 0
119 125
120 122
121 0
0 0
123 0
124 0
0 0
126 0
127 0
128 0
0 0
130 192
131 185
132 157
133 134
0 0
135 147
136 0
137 143
138 0
139 142
140 141
0 0
0 0
0 0
144 145
0 0
146 0
0 0
148 0
149 152
150 0
151 0
0 0
153 0
154 0
155 0
156 0
0 0
158 0
159 169
160 165
161 163
162 0
0 0
164 0
0 0
166 167
0 0
168 0
0 0
170 177
171 174
172 0
173 0
0 0
175 176
0 0
0 0
178 182
179 0
180 181
0 0
0 0
183 0
184 0
0 0
186 187
0 0
188 0
189 190
0 0
191 0
0 0
193 0
194 0
0 0
196 2536
197 670
198 254
199 241
200 234
201 215
202 206
203 0
204 0
205 0
0 0
207 211
208 210
209 0
0 0
0 0
212 213
0 0
214 0
0 0
216 229
217 223
218 221
219 220
0 0
0 0
222 0
0 0
224 225
0 0
226 0
227 228
0 0
0 0
230 231
0 0
232 233
0 0
0 0
235 238
236 0
237 0
0 0
239 0
240 0
0 0
242 251
243 247
244 245
0 0
246 0
0 0
248 0
249 250
0 0
0 0
252 253
0 0
0 0
255 575
256 503
257 398
258 308
259 293
260 284
261 283
262 277
263 264
0 0
265 275
266 268
267 0
0 0
269 272
270 0
271 0
0 0
273 274
0 0
0 0
276 0
0 0
278 279
0 0
280 281
0 0
282 0
0 0
0 0
285 291
286 289
287 288
0 0
0 0
290 0
0 0
292 0
0 0
294 297
295 0
296 0
0 0
298 307
299 305
300 303
301 0
302 0
0 0
304 0
0 0
306 0
0 0
0 0
309 339
310 323
311 315
312 0
313 314
0 0
0 0
316 322
317 321
318 319
0 0
320 0
0 0
0 0
0 0
324 327
325 326
0 0
0 0
328 330
329 0
0 0
331 333
332 0
0 0
334 335
0 0
336 337
0 0
338 0
0 0
340 382
341 345
342 343
0 0
344 0
0 0
346 365
347 364
348 355
349 351
350 0
0 0
352 0
353 354
0 0
0 0
356 0
357 360
358 0
359 0
0 0
361 0
362 0
363 0
0 0
0 0
366 379
367 0
368 375
369 371
370 0
0 0
372 0
373 0
374 0
0 0
376 377
0 0
378 0
0 0
380 0
381 0
0 0
383 385
384 0
0 0
386 391
387 0
388 389
0 0
390 0
0 0
392 396
393 394
0 0
395 0
0 0
397 0
0 0
399 452
400 442
401 441
402 424
403 411
404 407
405 406
0 0
0 0
408 0
409 410
0 0
0 0
412 419
413 414
0 0
415 417
416 0
0 0
418 0
0 0
420 0
421 422
0 0
423 0
0 0
425 440
426 436
427 431
428 429
0 0
430 0
0 0
432 0
433 0
434 435
0 0
0 0
437 439
438 0
0 0
0 0
0 0
0 0
443 446
444 0
445 0
0 0
447 448
0 0
449 450
0 0
451 0
0 0
453 459
454 0
455 458
456 0
457 0
0 0
0 0
460 486
461 483
462 478
463 471
464 470
465 467
466 0
0 0
468 0
469 0
0 0
0 0
472 474
473 0
0 0
475 0
476 477
0 0
0 0
479 482
480 481
0 0
0 0
0 0
484 0
485 0
0 0
487 494
488 493
489 491
490 0
0 0
492 0
0 0
0 0
495 501
496 0
497 499
498 0
0 0
500 0
0 0
502 0
0 0
504 551
505 535
506 517
507 508
0 0
509 513
510 511
0 0
512 0
0 0
514 516
515 0
0 0
0 0
518 520
519 0
0 0
521 531
522 524
523 0
0 0
525 527
526 0
0 0
528 0
529 0
530 0
0 0
532 534
533 0
0 0
0 0
536 540
537 0
538 0
539 0
0 0
541 543
542 0
0 0
544 546
545 0
0 0
547 549
548 0
0 0
550 0
0 0
552 559
553 558
554 557
555 556
0 0
0 0
0 0
0 0
560 565
561 562
0 0
563 0
564 0
0 0
566 571
567 569
568 0
0 0
570 0
0 0
572 574
573 0
0 0
0 0
576 632
577 607
578 580
579 0
0 0
581 584
582 0
583 0
0 0
585 599
586 589
587 0
588 0
0 0
590 0
591 597
592 594
593 0
0 0
595 0
596 0
0 0
598 0
0 0
600 606
601 604
602 0
603 0
0 0
605 0
0 0
0 0
608 612
609 611
610 0
0 0
0 0
613 615
614 0
0 0
616 621
617 620
618 619
0 0
0 0
0 0
622 0
623 624
0 0
625 630
626 627
0 0
628 629
0 0
0 0
631 0
0 0
633 666
634 642
635 0
636 637
0 0
638 0
639 0
640 0
641 0
0 0
643 660
644 658
645 0
646 649
647 0
648 0
0 0
650 657
651 653
652 0
0 0
654 0
655 0
656 0
0 0
0 0
659 0
0 0
661 665
662 664
663 0
0 0
0 0
0 0
667 0
668 0
669 0
0 0
671 1111
672 961
673 918
674 800
675 0
676 792
677 748
678 713
679 690
680 0
681 682
0 0
683 685
684 0
0 0
686 687
0 0
688 0
689 0
0 0
691 704
692 695
693 694
0 0
0 0
696 698
697 0
0 0
699 0
700 0
701 702
0 0
703 0
0 0
705 706
0 0
707 0
708 711
709 710
0 0
0 0
712 0
0 0
714 739
715 731
716 721
717 720
718 0
719 0
0 0
0 0
722 724
723 0
0 0
725 0
726 727
0 0
728 0
729 0
730 0
0 0
732 736
733 734
0 0
735 0
0 0
737 0
738 0
0 0
740 745
741 743
742 0
0 0
744 0
0 0
746 0
747 0
0 0
749 782
750 764
751 763
752 755
753 754
0 0
0 0
756 760
757 758
0 0
759 0
0 0
761 762
0 0
0 0
0 0
765 772
766 768
767 0
0 0
769 0
770 771
0 0
0 0
773 775
774 0
0 0
776 777
0 0
778 779
0 0
780 781
0 0
0 0
783 787
784 786
785 0
0 0
0 0
788 790
789 0
0 0
791 0
0 0
793 798
794 0
795 796
0 0
797 0
0 0
799 0
0 0
801 818
802 810
803 0
804 805
0 0
806 809
807 808
0 0
0 0
0 0
811 814
812 813
0 0
0 0
815 816
0 0
817 0
0 0
819 857
820 827
821 822
0 0
823 0
824 825
0 0
826 0
0 0
828 854
829 838
830 835
831 832
0 0
833 0
834 0
0 0
836 837
0 0
0 0
839 852
840 851
841 850
842 848
843 0
844 847
845 846
0 0
0 0
0 0
849 0
0 0
0 0
0 0
853 0
0 0
855 0
856 0
0 0
858 893
859 879
860 0
861 868
862 866
863 865
864 0
0 0
0 0
867 0
0 0
869 875
870 871
0 0
872 873
0 0
874 0
0 0
876 0
877 0
878 0
0 0
880 886
881 885
882 883
0 0
884 0
0 0
0 0
887 892
888 0
889 0
890 891
0 0
0 0
0 0
894 906
895 904
896 899
897 0
898 0
0 0
900 901
0 0
902 903
0 0
0 0
905 0
0 0
907 909
908 0
0 0
910 916
911 912
0 0
913 915
914 0
0 0
0 0
917 0
0 0
919 958
920 950
921 948
922 932
923 929
924 926
925 0
0 0
927 928
0 0
0 0
930 931
0 0
0 0
933 947
934 942
935 0
936 940
937 939
938 0
0 0
0 0
941 0
0 0
943 945
944 0
0 0
946 0
0 0
0 0
949 0
0 0
951 954
952 0
953 0
0 0
955 956
0 0
957 0
0 0
959 0
960 0
0 0
962 1023
963 997
964 982
965 978
966 974
967 968
0 0
969 0
970 0
971 0
972 0
973 0
0 0
975 0
976 0
977 0
0 0
979 980
0 0
981 0
0 0
983 988
984 985
0 0
986 987
0 0
0 0
989 992
990 0
991 0
0 0
993 996
994 0
995 0
0 0
0 0
998 1020
999 1006
1000 0
1001 0
1002 1003
0 0
1004 1005
0 0
0 0
1007 1017
1008 1010
1009 0
0 0
1011 1012
0 0
1013 0
1014 1015
0 0
1016 0
0 0
1018 0
1019 0
0 0
1021 0
1022 0
0 0
1024 1027
1025 1026
0 0
0 0
1028 1090
1029 1035
1030 1034
1031 0
1032 1033
0 0
0 0
0 0
1036 1059
1037 1058
1038 1040
1039 0
0 0
1041 1053
1042 1049
1043 1047
1044 0
1045 1046
0 0
0 0
1048 0
0 0
1050 1051
0 0
1052 0
0 0
1054 1057
1055 1056
0 0
0 0
0 0
0 0
1060 1072
1061 1071
1062 1066
1063 1064
0 0
1065 0
0 0
1067 1068
0 0
1069 0
1070 0
0 0
0 0
1073 1076
1074 1075
0 0
0 0
1077 1087
1078 0
1079 1084
1080 1081
0 0
1082 0
1083 0
0 0
1085 0
1086 0
0 0
1088 0
1089 0
0 0
1091 1094
1092 1093
0 0
0 0
1095 1102
1096 1097
0 0
1098 1099
0 0
1100 1101
0 0
0 0
1103 1109
1104 1107
1105 0
1106 0
0 0
1108 0
0 0
1110 0
0 0
1112 1867
1113 1264
1114 1167
1115 1150
1116 1125
1117 1120
1118 0
1119 0
0 0
1121 1123
1122 0
0 0
1124 0
0 0
1126 1148
1127 1143
1128 1130
1129 0
0 0
1131 1139
1132 1133
0 0
1134 1138
1135 0
1136 0
1137 0
0 0
0 0
1140 1141
0 0
1142 0
0 0
1144 1146
1145 0
0 0
1147 0
0 0
1149 0
0 0
1151 1161
1152 1157
1153 0
1154 0
1155 0
1156 0
0 0
1158 1160
1159 0
0 0
0 0
1162 0
1163 1165
1164 0
0 0
1166 0
0 0
1168 1180
1169 1171
1170 0
0 0
1172 1176
1173 1175
1174 0
0 0
0 0
1177 1179
1178 0
0 0
0 0
1181 1189
1182 1188
1183 1185
1184 0
0 0
1186 1187
0 0
0 0
0 0
1190 1204
1191 1203
1192 1197
1193 1195
1194 0
0 0
1196 0
0 0
1198 0
1199 0
1200 1202
1201 0
0 0
0 0
0 0
1205 1250
1206 1212
1207 1208
0 0
1209 1210
0 0
1211 0
0 0
1213 1242
1214 1217
1215 1216
0 0
0 0
1218 1234
1219 1229
1220 1222
1221 0
0 0
1223 1225
1224 0
0 0
1226 1227
0 0
1228 0
0 0
1230 1232
1231 0
0 0
1233 0
0 0
1235 1239
1236 1237
0 0
1238 0
0 0
1240 0
1241 0
0 0
1243 1249
1244 0
1245 0
1246 1247
0 0
1248 0
0 0
0 0
1251 1259
1252 1256
1253 1254
0 0
1255 0
0 0
1257 1258
0 0
0 0
1260 1263
1261 0
1262 0
0 0
0 0
1265 1272
1266 1268
1267 0
0 0
1269 1271
1270 0
0 0
0 0
1273 1468
1274 1333
1275 1332
1276 1330
1277 1329
1278 1304
1279 1294
1280 1285
1281 0
1282 1284
1283 0
0 0
0 0
1286 1290
1287 0
1288 0
1289 0
0 0
1291 0
1292 1293
0 0
0 0
1295 1303
1296 1302
1297 1298
0 0
1299 1301
1300 0
0 0
0 0
0 0
0 0
1305 1316
1306 1307
0 0
1308 1314
1309 1311
1310 0
0 0
1312 1313
0 0
0 0
1315 0
0 0
1317 1327
1318 1320
1319 0
0 0
1321 1324
1322 0
1323 0
0 0
1325 0
1326 0
0 0
1328 0
0 0
0 0
1331 0
0 0
0 0
1334 1404
1335 1387
1336 1340
1337 1338
0 0
1339 0
0 0
1341 1378
1342 1343
0 0
1344 1362
1345 1356
1346 1349
1347 0
1348 0
0 0
1350 1353
1351 1352
0 0
0 0
1354 1355
0 0
0 0
1357 1361
1358 1359
0 0
1360 0
0 0
0 0
1363 1372
1364 1369
1365 1368
1366 1367
0 0
0 0
0 0
1370 0
1371 0
0 0
1373 1376
1374 1375
0 0
0 0
1377 0
0 0
1379 1381
1380 0
0 0
1382 1384
1383 0
0 0
1385 0
1386 0
0 0
1388 1392
1389 1390
0 0
1391 0
0 0
1393 1394
0 0
1395 1397
1396 0
0 0
1398 1402
1399 0
1400 1401
0 0
0 0
1403 0
0 0
1405 1448
1406 1413
1407 1409
1408 0
0 0
1410 1412
1411 0
0 0
0 0
1414 1445
1415 1436
1416 1419
1417 0
1418 0
0 0
1420 1430
1421 1422
0 0
1423 1428
1424 1425
0 0
1426 0
1427 0
0 0
1429 0
0 0
1431 1435
1432 1433
0 0
1434 0
0 0
0 0
1437 1441
1438 0
1439 1440
0 0
0 0
1442 0
1443 1444
0 0
0 0
1446 0
1447 0
0 0
1449 1450
0 0
1451 1457
1452 1456
1453 1455
1454 0
0 0
0 0
0 0
1458 1466
1459 1460
0 0
1461 1463
1462 0
0 0
1464 1465
0 0
0 0
1467 0
0 0
1469 1816
1470 1596
1471 1548
1472 1525
1473 1493
1474 1477
1475 1476
0 0
0 0
1478 1491
1479 1486
1480 0
1481 1484
1482 0
1483 0
0 0
1485 0
0 0
1487 0
1488 1490
1489 0
0 0
0 0
1492 0
0 0
1494 1509
1495 1508
1496 1500
1497 1498
0 0
1499 0
0 0
1501 1504
1502 0
1503 0
0 0
1505 0
1506 1507
0 0
0 0
0 0
1510 1519
1511 1513
1512 0
0 0
1514 1517
1515 0
1516 0
0 0
1518 0
0 0
1520 1523
1521 0
1522 0
0 0
1524 0
0 0
1526 1543
1527 1528
0 0
1529 1541
1530 1536
1531 1532
0 0
1533 1534
0 0
1535 0
0 0
1537 1538
0 0
1539 0
1540 0
0 0
1542 0
0 0
1544 1547
1545 0
1546 0
0 0
0 0
1549 1565
1550 1563
1551 1552
0 0
1553 1560
1554 1556
1555 0
0 0
1557 1558
0 0
1559 0
0 0
1561 0
1562 0
0 0
1564 0
0 0
1566 1591
1567 1588
1568 1585
1569 1574
1570 1571
0 0
1572 0
1573 0
0 0
1575 1581
1576 1578
1577 0
0 0
1579 0
1580 0
0 0
1582 0
1583 0
1584 0
0 0
1586 1587
0 0
0 0
1589 0
1590 0
0 0
1592 0
1593 1595
1594 0
0 0
0 0
1597 1808
1598 1792
1599 1601
1600 0
0 0
1602 1680
1603 1640
1604 1625
1605 1615
1606 1612
1607 1608
0 0
1609 1610
0 0
1611 0
0 0
1613 0
1614 0
0 0
1616 1618
1617 0
0 0
1619 1620
0 0
1621 1624
1622 0
1623 0
0 0
0 0
1626 1637
1627 1631
1628 0
1629 0
1630 0
0 0
1632 1636
1633 1635
1634 0
0 0
0 0
0 0
1638 1639
0 0
0 0
1641 1672
1642 1671
1643 1651
1644 1647
1645 0
1646 0
0 0
1648 0
1649 1650
0 0
0 0
1652 1667
1653 1657
1654 1655
0 0
1656 0
0 0
1658 1660
1659 0
0 0
1661 1662
0 0
1663 1666
1664 0
1665 0
0 0
0 0
1668 1670
1669 0
0 0
0 0
0 0
1673 1679
1674 1675
0 0
1676 0
1677 0
1678 0
0 0
0 0
1681 1708
1682 1691
1683 1687
1684 1685
0 0
1686 0
0 0
1688 1689
0 0
1690 0
0 0
1692 1698
1693 1695
1694 0
0 0
1696 1697
0 0
0 0
1699 1701
1700 0
0 0
1702 1706
1703 1705
1704 0
0 0
0 0
1707 0
0 0
1709 1746
1710 1711
0 0
1712 1713
0 0
1714 1729
1715 1720
1716 1718
1717 0
0 0
1719 0
0 0
1721 1728
1722 1723
0 0
1724 1727
1725 1726
0 0
0 0
0 0
0 0
1730 0
1731 1743
1732 1733
0 0
1734 1741
1735 0
1736 1737
0 0
1738 1740
1739 0
0 0
0 0
1742 0
0 0
1744 1745
0 0
0 0
1747 1790
1748 1754
1749 1752
1750 1751
0 0
0 0
1753 0
0 0
1755 1763
1756 1761
1757 1760
1758 0
1759 0
0 0
0 0
1762 0
0 0
1764 1781
1765 1768
1766 1767
0 0
0 0
1769 1773
1770 1771
0 0
1772 0
0 0
1774 1775
0 0
1776 1777
0 0
1778 1779
0 0
1780 0
0 0
1782 1785
1783 1784
0 0
0 0
1786 1787
0 0
1788 1789
0 0
0 0
1791 0
0 0
1793 0
1794 1796
1795 0
0 0
1797 1807
1798 0
1799 1804
1800 0
1801 1803
1802 0
0 0
0 0
1805 0
1806 0
0 0
0 0
1809 1811
1810 0
0 0
1812 1815
1813 1814
0 0
0 0
0 0
1817 1855
1818 1832
1819 1829
1820 1821
0 0
1822 1826
1823 1824
0 0
1825 0
0 0
1827 1828
0 0
0 0
1830 0
1831 0
0 0
1833 1854
1834 1841
1835 1839
1836 0
1837 0
1838 0
0 0
1840 0
0 0
1842 1846
1843 0
1844 0
1845 0
0 0
1847 1850
1848 0
1849 0
0 0
1851 0
1852 0
1853 0
0 0
0 0
1856 1866
1857 1859
1858 0
0 0
1860 1864
1861 0
1862 1863
0 0
0 0
1865 0
0 0
0 0
1868 2527
1869 2421
1870 1913
1871 1882
1872 1879
1873 1876
1874 0
1875 0
0 0
1877 0
1878 0
0 0
1880 0
1881 0
0 0
1883 1895
1884 1890
1885 1888
1886 1887
0 0
0 0
1889 0
0 0
1891 1893
1892 0
0 0
1894 0
0 0
1896 1910
1897 1902
1898 1899
0 0
1900 0
1901 0
0 0
1903 1905
1904 0
0 0
1906 1908
1907 0
0 0
1909 0
0 0
1911 0
1912 0
0 0
1914 2264
1915 1977
1916 0
1917 1971
1918 1963
1919 1943
1920 1922
1921 0
0 0
1923 1931
1924 1929
1925 1926
0 0
1927 0
1928 0
0 0
1930 0
0 0
1932 1939
1933 1938
1934 1937
1935 0
1936 0
0 0
0 0
0 0
1940 1942
1941 0
0 0
0 0
1944 1949
1945 1948
1946 1947
0 0
0 0
0 0
1950 1958
1951 1953
1952 0
0 0
1954 1956
1955 0
0 0
1957 0
0 0
1959 1961
1960 0
0 0
1962 0
0 0
1964 1969
1965 1967
1966 0
0 0
1968 0
0 0
1970 0
0 0
1972 1973
0 0
1974 1975
0 0
1976 0
0 0
1978 2006
1979 1990
1980 1987
1981 1982
0 0
1983 1986
1984 1985
0 0
0 0
0 0
1988 1989
0 0
0 0
1991 2005
1992 2002
1993 2001
1994 1998
1995 1996
0 0
1997 0
0 0
1999 0
2000 0
0 0
0 0
2003 0
2004 0
0 0
0 0
2007 2157
2008 2069
2009 2014
2010 2013
2011 2012
0 0
0 0
0 0
2015 2061
2016 2054
2017 2020
2018 0
2019 0
0 0
2021 2047
2022 2032
2023 2031
2024 2028
2025 0
2026 0
2027 0
0 0
2029 2030
0 0
0 0
0 0
2033 2036
2034 2035
0 0
0 0
2037 2044
2038 2041
2039 0
2040 0
0 0
2042 0
2043 0
0 0
2045 0
2046 0
0 0
2048 2050
2049 0
0 0
2051 2052
0 0
2053 0
0 0
2055 2056
0 0
2057 2058
0 0
2059 0
2060 0
0 0
2062 2066
2063 2064
0 0
2065 0
0 0
2067 0
2068 0
0 0
2070 2083
2071 2080
2072 2076
2073 2074
0 0
2075 0
0 0
2077 2078
0 0
2079 0
0 0
2081 0
2082 0
0 0
2084 2131
2085 2130
2086 2100
2087 2093
2088 2092
2089 2090
0 0
2091 0
0 0
0 0
2094 0
2095 2097
2096 0
0 0
2098 0
2099 0
0 0
2101 2123
2102 2105
2103 0
2104 0
0 0
2106 2111
2107 2110
2108 2109
0 0
0 0
0 0
2112 2116
2113 2115
2114 0
0 0
0 0
2117 2121
2118 2119
0 0
2120 0
0 0
2122 0
0 0
2124 2129
2125 2128
2126 2127
0 0
0 0
0 0
0 0
0 0
2132 2136
2133 0
2134 2135
0 0
0 0
2137 2155
2138 2153
2139 2152
2140 2151
2141 2145
2142 0
2143 2144
0 0
0 0
2146 2149
2147 2148
0 0
0 0
2150 0
0 0
0 0
0 0
2154 0
0 0
2156 0
0 0
2158 2171
2159 2168
2160 2166
2161 2164
2162 0
2163 0
0 0
2165 0
0 0
2167 0
0 0
2169 0
2170 0
0 0
2172 2192
2173 2191
2174 0
2175 2189
2176 2179
2177 0
2178 0
0 0
2180 2184
2181 2182
0 0
2183 0
0 0
2185 2188
2186 0
2187 0
0 0
0 0
2190 0
0 0
0 0
2193 2241
2194 2210
2195 2208
2196 2198
2197 0
0 0
2199 2204
2200 2202
2201 0
0 0
2203 0
0 0
2205 2207
2206 0
0 0
0 0
2209 0
0 0
2211 2230
2212 2218
2213 2216
2214 0
2215 0
0 0
2217 0
0 0
2219 2226
2220 2222
2221 0
0 0
2223 2225
2224 0
0 0
0 0
2227 2228
0 0
2229 0
0 0
2231 2234
2232 2233
0 0
0 0
2235 2236
0 0
2237 2238
0 0
2239 2240
0 0
0 0
2242 2258
2243 2256
2244 2246
2245 0
0 0
2247 2254
2248 2251
2249 2250
0 0
0 0
2252 0
2253 0
0 0
2255 0
0 0
2257 0
0 0
2259 0
2260 2263
2261 2262
0 0
0 0
0 0
2265 2346
2266 2314
2267 2313
2268 2293
2269 0
2270 2280
2271 0
2272 2273
0 0
2274 2278
2275 2276
0 0
2277 0
0 0
2279 0
0 0
2281 2283
2282 0
0 0
2284 2287
2285 2286
0 0
0 0
2288 2291
2289 2290
0 0
0 0
2292 0
0 0
2294 2307
2295 2297
2296 0
0 0
2298 2304
2299 2301
2300 0
0 0
2302 0
2303 0
0 0
2305 0
2306 0
0 0
2308 0
2309 2312
2310 0
2311 0
0 0
0 0
0 0
2315 2327
2316 2323
2317 2319
2318 0
0 0
2320 2322
2321 0
0 0
0 0
2324 0
2325 2326
0 0
0 0
2328 2344
2329 2341
2330 2338
2331 0
2332 2333
0 0
2334 2335
0 0
2336 2337
0 0
0 0
2339 2340
0 0
0 0
2342 2343
0 0
0 0
2345 0
0 0
2347 2393
2348 2375
2349 2370
2350 2364
2351 2353
2352 0
0 0
2354 0
2355 2363
2356 2361
2357 2359
2358 0
0 0
2360 0
0 0
2362 0
0 0
0 0
2365 0
2366 0
2367 2369
2368 0
0 0
0 0
2371 2373
2372 0
0 0
2374 0
0 0
2376 2377
0 0
2378 2389
2379 2386
2380 2381
0 0
2382 0
2383 2384
0 0
2385 0
0 0
2387 2388
0 0
0 0
2390 2392
2391 0
0 0
0 0
2394 2401
2395 2397
2396 0
0 0
2398 0
2399 0
2400 0
0 0
2402 2403
0 0
2404 2418
2405 2410
2406 2407
0 0
2408 0
2409 0
0 0
2411 2412
0 0
2413 2417
2414 2416
2415 0
0 0
0 0
0 0
2419 2420
0 0
0 0
2422 2516
2423 2488
2424 2474
2425 2464
2426 2436
2427 2428
0 0
2429 2430
0 0
2431 2434
2432 0
2433 0
0 0
2435 0
0 0
2437 2452
2438 2450
2439 2446
2440 2444
2441 2442
0 0
2443 0
0 0
2445 0
0 0
2447 2449
2448 0
0 0
0 0
2451 0
0 0
2453 2458
2454 2456
2455 0
0 0
2457 0
0 0
2459 2462
2460 0
2461 0
0 0
2463 0
0 0
2465 2468
2466 2467
0 0
0 0
2469 0
2470 2472
2471 0
0 0
2473 0
0 0
2475 2487
2476 2479
2477 0
2478 0
0 0
2480 2482
2481 0
0 0
2483 0
2484 2485
0 0
2486 0
0 0
0 0
2489 2494
2490 2491
0 0
2492 0
2493 0
0 0
2495 2509
2496 2505
2497 2499
2498 0
0 0
2500 2503
2501 2502
0 0
0 0
2504 0
0 0
2506 2507
0 0
2508 0
0 0
2510 2513
2511 2512
0 0
0 0
2514 2515
0 0
0 0
2517 2519
2518 0
0 0
2520 2525
2521 0
2522 2524
2523 0
0 0
0 0
2526 0
0 0
2528 2529
0 0
2530 2532
2531 0
0 0
2533 2534
0 0
2535 0
0 0
2537 2617
2538 2614
2539 2594
2540 2575
2541 2553
2542 2547
2543 2544
0 0
2545 0
2546 0
0 0
2548 0
2549 2550
0 0
2551 2552
0 0
0 0
2554 2555
0 0
2556 2560
2557 0
2558 0
2559 0
0 0
2561 0
2562 2573
2563 2564
0 0
2565 2572
2566 2571
2567 2570
2568 2569
0 0
0 0
0 0
0 0
0 0
2574 0
0 0
2576 2580
2577 0
2578 2579
0 0
0 0
2581 2583
2582 0
0 0
2584 2591
2585 2590
2586 2588
2587 0
0 0
2589 0
0 0
0 0
2592 0
2593 0
0 0
2595 2610
2596 2608
2597 2600
2598 0
2599 0
0 0
2601 2606
2602 2603
0 0
2604 2605
0 0
0 0
2607 0
0 0
2609 0
0 0
2611 2613
2612 0
0 0
0 0
2615 2616
0 0
0 0
2618 2645
2619 2642
2620 2634
2621 2630
2622 2623
0 0
2624 2627
2625 2626
0 0
0 0
2628 0
2629 0
0 0
2631 2633
2632 0
0 0
0 0
2635 2639
2636 2638
2637 0
0 0
0 0
2640 0
2641 0
0 0
2643 0
2644 0
0 0
2646 2654
2647 0
2648 2649
0 0
2650 2651
0 0
2652 0
2653 0
0 0
2655 2661
2656 0
2657 2659
2658 0
0 0
2660 0
0 0
2662 2700
2663 2667
2664 2666
2665 0
0 0
0 0
2668 2696
2669 2686
2670 2683
2671 2675
2672 0
2673 2674
0 0
0 0
2676 2682
2677 0
2678 2680
2679 0
0 0
2681 0
0 0
0 0
2684 2685
0 0
0 0
2687 2689
2688 0
0 0
2690 2695
2691 2692
0 0
2693 0
2694 0
0 0
0 0
2697 0
2698 2699
0 0
0 0
2701 2713
2702 0
2703 2707
2704 0
2705 2706
0 0
0 0
2708 2709
0 0
2710 0
2711 0
2712 0
0 0
2714 2727
2715 2724
2716 2723
2717 2719
2718 0
0 0
2720 2721
0 0
2722 0
0 0
0 0
2725 0
2726 0
0 0
2728 2732
2729 2731
2730 0
0 0
0 0
2733 2734
0 0
2735 0
0 0
2737 4902
2738 4635
2739 4488
2740 4371
2741 3305
2742 2897
2743 2749
2744 0
2745 0
2746 2747
0 0
2748 0
0 0
2750 2888
2751 2842
2752 2797
2753 2764
2754 2760
2755 2757
2756 0
0 0
2758 0
2759 0
0 0
2761 2762
0 0
2763 0
0 0
2765 2771
2766 2769
2767 0
2768 0
0 0
2770 0
0 0
2772 0
2773 2796
2774 2791
2775 2790
2776 2786
2777 2782
2778 2779
0 0
2780 2781
0 0
0 0
2783 2784
0 0
2785 0
0 0
2787 2789
2788 0
0 0
0 0
0 0
2792 2793
0 0
2794 2795
0 0
0 0
0 0
2798 2799
0 0
2800 2817
2801 2803
2802 0
0 0
2804 2806
2805 0
0 0
2807 2808
0 0
2809 2815
2810 0
2811 0
2812 2813
0 0
2814 0
0 0
2816 0
0 0
2818 2826
2819 2820
0 0
2821 2823
2822 0
0 0
2824 0
2825 0
0 0
2827 2836
2828 2832
2829 2830
0 0
2831 0
0 0
2833 0
2834 2835
0 0
0 0
2837 0
2838 2841
2839 2840
0 0
0 0
0 0
2843 2855
2844 2849
2845 2846
0 0
2847 2848
0 0
0 0
2850 2853
2851 2852
0 0
0 0
2854 0
0 0
2856 2873
2857 2872
2858 2865
2859 2861
2860 0
0 0
2862 2864
2863 0
0 0
0 0
2866 2867
0 0
2868 2869
0 0
2870 2871
0 0
0 0
0 0
2874 2887
2875 2880
2876 2879
2877 2878
0 0
0 0
0 0
2881 2886
2882 2884
2883 0
0 0
2885 0
0 0
0 0
0 0
2889 2896
2890 2892
2891 0
0 0
2893 2895
2894 0
0 0
0 0
0 0
2898 3269
2899 3113
2900 2967
2901 2921
2902 2911
2903 2909
2904 2908
2905 2907
2906 0
0 0
0 0
0 0
2910 0
0 0
2912 2916
2913 2915
2914 0
0 0
0 0
2917 2918
0 0
2919 2920
0 0
0 0
2922 2944
2923 2927
2924 2925
0 0
2926 0
0 0
2928 2942
2929 2931
2930 0
0 0
2932 2940
2933 2934
0 0
2935 2939
2936 0
2937 2938
0 0
0 0
0 0
2941 0
0 0
2943 0
0 0
2945 2965
2946 2952
2947 2948
0 0
2949 2951
2950 0
0 0
0 0
2953 2963
2954 2960
2955 2956
0 0
2957 0
2958 2959
0 0
0 0
2961 2962
0 0
0 0
2964 0
0 0
2966 0
0 0
2968 3092
2969 3054
2970 3035
2971 2976
2972 2974
2973 0
0 0
2975 0
0 0
2977 3012
2978 3008
2979 3007
2980 2991
2981 2983
2982 0
0 0
2984 2987
2985 2986
0 0
0 0
2988 2990
2989 0
0 0
0 0
2992 3002
2993 2994
0 0
2995 2998
2996 2997
0 0
0 0
2999 3001
3000 0
0 0
0 0
3003 3006
3004 0
3005 0
0 0
0 0
0 0
3009 3011
3010 0
0 0
0 0
3013 3029
3014 3022
3015 3016
0 0
3017 3021
3018 3020
3019 0
0 0
0 0
0 0
3023 0
3024 3025
0 0
3026 3027
0 0
3028 0
0 0
3030 0
3031 3033
3032 0
0 0
3034 0
0 0
3036 3051
3037 3038
0 0
3039 3048
3040 3046
3041 0
3042 0
3043 3045
3044 0
0 0
0 0
3047 0
0 0
3049 0
3050 0
0 0
3052 3053
0 0
0 0
3055 3077
3056 3076
3057 3062
3058 3061
3059 0
3060 0
0 0
0 0
3063 3072
3064 3067
3065 0
3066 0
0 0
3068 3070
3069 0
0 0
3071 0
0 0
3073 3074
0 0
3075 0
0 0
0 0
3078 3088
3079 3086
3080 3082
3081 0
0 0
3083 0
3084 3085
0 0
0 0
3087 0
0 0
3089 0
3090 3091
0 0
0 0
3093 3105
3094 3095
0 0
3096 3098
3097 0
0 0
3099 3103
3100 3102
3101 0
0 0
0 0
3104 0
0 0
3106 3108
3107 0
0 0
3109 3111
3110 0
0 0
3112 0
0 0
3114 3139
3115 3130
3116 3117
0 0
3118 3129
3119 3122
3120 3121
0 0
0 0
3123 3126
3124 0
3125 0
0 0
3127 0
3128 0
0 0
0 0
3131 3133
3132 0
0 0
3134 3135
0 0
3136 3138
3137 0
0 0
0 0
3140 3265
3141 3200
3142 3172
3143 3144
0 0
3145 3147
3146 0
0 0
3148 3157
3149 3153
3150 3151
0 0
3152 0
0 0
3154 3155
0 0
3156 0
0 0
3158 3159
0 0
3160 3171
3161 3162
0 0
3163 3168
3164 0
3165 0
3166 0
3167 0
0 0
3169 0
3170 0
0 0
0 0
3173 3196
3174 3190
3175 3181
3176 3179
3177 0
3178 0
0 0
3180 0
0 0
3182 3187
3183 3184
0 0
3185 0
3186 0
0 0
3188 3189
0 0
0 0
3191 3192
0 0
3193 0
3194 0
3195 0
0 0
3197 0
3198 3199
0 0
0 0
3201 3205
3202 3204
3203 0
0 0
0 0
3206 3246
3207 3217
3208 3212
3209 3210
0 0
3211 0
0 0
3213 3216
3214 3215
0 0
0 0
0 0
3218 3242
3219 3233
3220 3228
3221 3222
0 0
3223 3224
0 0
3225 3226
0 0
3227 0
0 0
3229 3232
3230 3231
0 0
0 0
0 0
3234 3236
3235 0
0 0
3237 3239
3238 0
0 0
3240 0
3241 0
0 0
3243 3245
3244 0
0 0
0 0
3247 3264
3248 3254
3249 0
3250 3252
3251 0
0 0
3253 0
0 0
3255 3261
3256 3257
0 0
3258 0
3259 3260
0 0
0 0
3262 0
3263 0
0 0
0 0
3266 3267
0 0
3268 0
0 0
3270 0
3271 3283
3272 3274
3273 0
0 0
3275 3281
3276 3280
3277 3278
0 0
3279 0
0 0
0 0
3282 0
0 0
3284 3300
3285 3292
3286 3287
0 0
3288 0
3289 3291
3290 0
0 0
0 0
3293 3296
3294 3295
0 0
0 0
3297 3298
0 0
3299 0
0 0
3301 3304
3302 3303
0 0
0 0
0 0
3306 4103
3307 3849
3308 3415
3309 3373
3310 3364
3311 3357
3312 3333
3313 3320
3314 3316
3315 0
0 0
3317 3319
3318 0
0 0
0 0
3321 3329
3322 0
3323 0
3324 3327
3325 3326
0 0
0 0
3328 0
0 0
3330 3332
3331 0
0 0
0 0
3334 3347
3335 3343
3336 3340
3337 0
3338 0
3339 0
0 0
3341 0
3342 0
0 0
3344 3345
0 0
3346 0
0 0
3348 3356
3349 3354
3350 3353
3351 3352
0 0
0 0
0 0
3355 0
0 0
0 0
3358 0
3359 3363
3360 3362
3361 0
0 0
0 0
0 0
3365 3367
3366 0
0 0
3368 3372
3369 3371
3370 0
0 0
0 0
0 0
3374 3400
3375 3394
3376 3382
3377 3381
3378 0
3379 0
3380 0
0 0
0 0
3383 3385
3384 0
0 0
3386 3392
3387 3388
0 0
3389 3391
3390 0
0 0
0 0
3393 0
0 0
3395 3396
0 0
3397 3399
3398 0
0 0
0 0
3401 3409
3402 3405
3403 3404
0 0
0 0
3406 3408
3407 0
0 0
0 0
3410 0
3411 3414
3412 0
3413 0
0 0
0 0
3416 3599
3417 3537
3418 3498
3419 3439
3420 3433
3421 3424
3422 3423
0 0
0 0
3425 3430
3426 3429
3427 3428
0 0
0 0
0 0
3431 0
3432 0
0 0
3434 3437
3435 0
3436 0
0 0
3438 0
0 0
3440 3444
3441 3442
0 0
3443 0
0 0
3445 3470
3446 3468
3447 3450
3448 0
3449 0
0 0
3451 3453
3452 0
0 0
3454 3466
3455 3459
3456 3457
0 0
3458 0
0 0
3460 0
3461 0
3462 3464
3463 0
0 0
3465 0
0 0
3467 0
0 0
3469 0
0 0
3471 3474
3472 3473
0 0
0 0
3475 3491
3476 3481
3477 0
3478 0
3479 3480
0 0
0 0
3482 3489
3483 3487
3484 3485
0 0
3486 0
0 0
3488 0
0 0
3490 0
0 0
3492 3493
0 0
3494 3496
3495 0
0 0
3497 0
0 0
3499 3531
3500 3511
3501 3510
3502 3505
3503 3504
0 0
0 0
3506 3508
3507 0
0 0
3509 0
0 0
0 0
3512 3529
3513 3517
3514 3516
3515 0
0 0
0 0
3518 3521
3519 0
3520 0
0 0
3522 0
3523 3527
3524 0
3525 0
3526 0
0 0
3528 0
0 0
3530 0
0 0
3532 3535
3533 3534
0 0
0 0
3536 0
0 0
3538 3558
3539 3546
3540 3544
3541 3542
0 0
3543 0
0 0
3545 0
0 0
3547 3554
3548 3552
3549 3550
0 0
3551 0
0 0
3553 0
0 0
3555 0
3556 3557
0 0
0 0
3559 3597
3560 3565
3561 3563
3562 0
0 0
3564 0
0 0
3566 3586
3567 3576
3568 3574
3569 3572
3570 0
3571 0
0 0
3573 0
0 0
3575 0
0 0
3577 3584
3578 3583
3579 0
3580 3581
0 0
3582 0
0 0
0 0
3585 0
0 0
3587 3593
3588 3592
3589 3590
0 0
3591 0
0 0
0 0
3594 0
3595 3596
0 0
0 0
3598 0
0 0
3600 3784
3601 3709
3602 3659
3603 3633
3604 0
3605 3617
3606 3616
3607 3608
0 0
3609 3612
3610 3611
0 0
0 0
3613 3615
3614 0
0 0
0 0
0 0
3618 3626
3619 3625
3620 3624
3621 0
3622 0
3623 0
0 0
0 0
0 0
3627 0
3628 3632
3629 3631
3630 0
0 0
0 0
0 0
3634 3646
3635 3641
3636 3638
3637 0
0 0
3639 3640
0 0
0 0
3642 3645
3643 3644
0 0
0 0
0 0
3647 3648
0 0
3649 3656
3650 0
3651 3652
0 0
3653 0
3654 0
3655 0
0 0
3657 3658
0 0
0 0
3660 3708
3661 3693
3662 3689
3663 3683
3664 3674
3665 3670
3666 0
3667 3668
0 0
3669 0
0 0
3671 3673
3672 0
0 0
0 0
3675 3680
3676 3677
0 0
3678 0
3679 0
0 0
3681 3682
0 0
0 0
3684 3685
0 0
3686 0
3687 0
3688 0
0 0
3690 3691
0 0
3692 0
0 0
3694 3703
3695 3699
3696 3697
0 0
3698 0
0 0
3700 3702
3701 0
0 0
0 0
3704 3706
3705 0
0 0
3707 0
0 0
0 0
3710 3741
3711 3720
3712 3716
3713 3714
0 0
3715 0
0 0
3717 3718
0 0
3719 0
0 0
3721 3738
3722 3727
3723 3724
0 0
3725 0
3726 0
0 0
3728 3737
3729 0
3730 3736
3731 3732
0 0
3733 3734
0 0
3735 0
0 0
0 0
0 0
3739 0
3740 0
0 0
3742 3760
3743 3756
3744 3751
3745 3746
0 0
3747 0
3748 0
3749 3750
0 0
0 0
3752 3755
3753 0
3754 0
0 0
0 0
3757 0
3758 3759
0 0
0 0
3761 3764
3762 3763
0 0
0 0
3765 3773
3766 3770
3767 3769
3768 0
0 0
0 0
3771 3772
0 0
0 0
3774 3783
3775 3776
0 0
3777 3778
0 0
3779 3780
0 0
3781 0
3782 0
0 0
0 0
3785 3790
3786 3788
3787 0
0 0
3789 0
0 0
3791 3822
3792 3798
3793 3797
3794 3795
0 0
3796 0
0 0
0 0
3799 3814
3800 3810
3801 0
3802 0
3803 3807
3804 0
3805 0
3806 0
0 0
3808 0
3809 0
0 0
3811 0
3812 3813
0 0
0 0
3815 3820
3816 0
3817 0
3818 3819
0 0
0 0
3821 0
0 0
3823 3835
3824 3832
3825 3827
3826 0
0 0
3828 0
3829 3831
3830 0
0 0
0 0
3833 0
3834 0
0 0
3836 3846
3837 0
3838 3839
0 0
3840 3841
0 0
3842 3844
3843 0
0 0
3845 0
0 0
3847 0
3848 0
0 0
3850 4047
3851 3914
3852 3855
3853 0
3854 0
0 0
3856 3882
3857 3876
3858 3869
3859 0
3860 3868
3861 3867
3862 3863
0 0
3864 0
3865 3866
0 0
0 0
0 0
0 0
3870 3874
3871 3872
0 0
3873 0
0 0
3875 0
0 0
3877 3880
3878 0
3879 0
0 0
3881 0
0 0
3883 3912
3884 3888
3885 3887
3886 0
0 0
0 0
3889 3894
3890 0
3891 0
3892 3893
0 0
0 0
3895 3897
3896 0
0 0
3898 3909
3899 3906
3900 3904
3901 3903
3902 0
0 0
0 0
3905 0
0 0
3907 0
3908 0
0 0
3910 3911
0 0
0 0
3913 0
0 0
3915 3991
3916 3917
0 0
3918 3958
3919 3931
3920 3923
3921 0
3922 0
0 0
3924 0
3925 3927
3926 0
0 0
3928 0
3929 3930
0 0
0 0
3932 3936
3933 3935
3934 0
0 0
0 0
3937 3942
3938 3940
3939 0
0 0
3941 0
0 0
3943 3956
3944 3952
3945 3951
3946 3949
3947 3948
0 0
0 0
3950 0
0 0
0 0
3953 0
3954 3955
0 0
0 0
3957 0
0 0
3959 3965
3960 3964
3961 3963
3962 0
0 0
0 0
0 0
3966 3987
3967 3975
3968 0
3969 3972
3970 3971
0 0
0 0
3973 0
3974 0
0 0
3976 3977
0 0
3978 3983
3979 3981
3980 0
0 0
3982 0
0 0
3984 3985
0 0
3986 0
0 0
3988 3990
3989 0
0 0
0 0
3992 4022
3993 0
3994 4007
3995 4001
3996 3999
3997 3998
0 0
0 0
4000 0
0 0
4002 4005
4003 4004
0 0
0 0
4006 0
0 0
4008 4010
4009 0
0 0
4011 4015
4012 0
4013 4014
0 0
0 0
4016 0
4017 0
4018 4019
0 0
4020 4021
0 0
0 0
4023 4026
4024 4025
0 0
0 0
4027 4042
4028 4030
4029 0
0 0
4031 4038
4032 0
4033 4036
4034 0
4035 0
0 0
4037 0
0 0
4039 0
4040 4041
0 0
0 0
4043 4045
4044 0
0 0
4046 0
0 0
4048 4075
4049 4057
4050 4053
4051 0
4052 0
0 0
4054 4055
0 0
4056 0
0 0
4058 4059
0 0
4060 4063
4061 4062
0 0
0 0
4064 4070
4065 4069
4066 4067
0 0
4068 0
0 0
0 0
4071 0
4072 4074
4073 0
0 0
0 0
4076 4077
0 0
4078 4082
4079 4080
0 0
4081 0
0 0
4083 4088
4084 4086
4085 0
0 0
4087 0
0 0
4089 4091
4090 0
0 0
4092 4098
4093 0
4094 4096
4095 0
0 0
4097 0
0 0
4099 4101
4100 0
0 0
4102 0
0 0
4104 4160
4105 4116
4106 4115
4107 4112
4108 4110
4109 0
0 0
4111 0
0 0
4113 0
4114 0
0 0
0 0
4117 4139
4118 4129
4119 4120
0 0
4121 4122
0 0
4123 4124
0 0
4125 4127
4126 0
0 0
4128 0
0 0
4130 4137
4131 4135
4132 4134
4133 0
0 0
0 0
4136 0
0 0
4138 0
0 0
4140 4154
4141 4143
4142 0
0 0
4144 4145
0 0
4146 0
4147 4150
4148 4149
0 0
0 0
4151 4152
0 0
4153 0
0 0
4155 4159
4156 4157
0 0
4158 0
0 0
0 0
4161 4270
4162 4233
4163 4224
4164 4166
4165 0
0 0
4167 4197
4168 4188
4169 0
4170 4183
4171 4181
4172 4175
4173 0
4174 0
0 0
4176 4178
4177 0
0 0
4179 0
4180 0
0 0
4182 0
0 0
4184 4185
0 0
4186 4187
0 0
0 0
4189 4192
4190 4191
0 0
0 0
4193 4196
4194 0
4195 0
0 0
0 0
4198 4209
4199 4204
4200 4201
0 0
4202 4203
0 0
0 0
4205 4208
4206 0
4207 0
0 0
0 0
4210 4212
4211 0
0 0
4213 4220
4214 4218
4215 4217
4216 0
0 0
0 0
4219 0
0 0
4221 4222
0 0
4223 0
0 0
4225 4228
4226 4227
0 0
0 0
4229 4230
0 0
4231 4232
0 0
0 0
4234 4255
4235 4252
4236 4242
4237 0
4238 4240
4239 0
0 0
4241 0
0 0
4243 4247
4244 4245
0 0
4246 0
0 0
4248 0
4249 0
4250 0
4251 0
0 0
4253 0
4254 0
0 0
4256 4268
4257 4265
4258 0
4259 4261
4260 0
0 0
4262 4263
0 0
4264 0
0 0
4266 4267
0 0
0 0
4269 0
0 0
4271 4321
4272 4312
4273 4279
4274 0
4275 4276
0 0
4277 4278
0 0
0 0
4280 4292
4281 4286
4282 4283
0 0
4284 4285
0 0
0 0
4287 4291
4288 0
4289 0
4290 0
0 0
0 0
4293 4300
4294 4296
4295 0
0 0
4297 0
4298 0
4299 0
0 0
4301 4304
4302 4303
0 0
0 0
4305 4311
4306 4308
4307 0
0 0
4309 4310
0 0
0 0
0 0
4313 4318
4314 4316
4315 0
0 0
4317 0
0 0
4319 4320
0 0
0 0
4322 4358
4323 4342
4324 4336
4325 4335
4326 4332
4327 4328
0 0
4329 0
4330 0
4331 0
0 0
4333 0
4334 0
0 0
0 0
4337 4338
0 0
4339 0
4340 0
4341 0
0 0
4343 4355
4344 4348
4345 4347
4346 0
0 0
0 0
4349 4351
4350 0
0 0
4352 4354
4353 0
0 0
0 0
4356 0
4357 0
0 0
4359 4368
4360 4365
4361 0
4362 4363
0 0
4364 0
0 0
4366 0
4367 0
0 0
4369 4370
0 0
0 0
4372 4389
4373 4375
4374 0
0 0
4376 4385
4377 4382
4378 0
4379 4380
0 0
4381 0
0 0
4383 4384
0 0
0 0
4386 4387
0 0
4388 0
0 0
4390 4429
4391 4413
4392 4405
4393 4401
4394 4400
4395 4399
4396 4398
4397 0
0 0
0 0
0 0
0 0
4402 4403
0 0
4404 0
0 0
4406 4412
4407 4409
4408 0
0 0
4410 0
4411 0
0 0
0 0
4414 4416
4415 0
0 0
4417 4425
4418 4422
4419 0
4420 0
4421 0
0 0
4423 4424
0 0
0 0
4426 4427
0 0
4428 0
0 0
4430 4486
4431 4452
4432 4437
4433 0
4434 0
4435 4436
0 0
0 0
4438 4443
4439 0
4440 0
4441 0
4442 0
0 0
4444 4447
4445 4446
0 0
0 0
4448 4451
4449 0
4450 0
0 0
0 0
4453 4479
4454 4474
4455 4457
4456 0
0 0
4458 4465
4459 0
4460 4464
4461 4463
4462 0
0 0
0 0
0 0
4466 0
4467 4472
4468 0
4469 0
4470 0
4471 0
0 0
4473 0
0 0
4475 4476
0 0
4477 0
4478 0
0 0
4480 4483
4481 4482
0 0
0 0
4484 0
4485 0
0 0
4487 0
0 0
4489 4602
4490 4518
4491 4497
4492 4496
4493 0
4494 0
4495 0
0 0
0 0
4498 0
4499 4504
4500 4501
0 0
4502 4503
0 0
0 0
4505 4514
4506 4511
4507 0
4508 0
4509 0
4510 0
0 0
4512 0
4513 0
0 0
4515 4517
4516 0
0 0
0 0
4519 4544
4520 4541
4521 4538
4522 4523
0 0
4524 4530
4525 4528
4526 0
4527 0
0 0
4529 0
0 0
4531 4532
0 0
4533 4535
4534 0
0 0
4536 4537
0 0
0 0
4539 4540
0 0
0 0
4542 4543
0 0
0 0
4545 4598
4546 0
4547 4560
4548 4555
4549 4552
4550 0
4551 0
0 0
4553 0
4554 0
0 0
4556 4559
4557 0
4558 0
0 0
0 0
4561 4586
4562 4580
4563 4576
4564 4571
4565 0
4566 0
4567 4568
0 0
4569 0
4570 0
0 0
4572 4574
4573 0
0 0
4575 0
0 0
4577 4579
4578 0
0 0
0 0
4581 4583
4582 0
0 0
4584 4585
0 0
0 0
4587 4589
4588 0
0 0
4590 4594
4591 0
4592 4593
0 0
0 0
4595 0
4596 4597
0 0
0 0
4599 0
4600 0
4601 0
0 0
4603 4609
4604 4608
4605 4607
4606 0
0 0
0 0
0 0
4610 4614
4611 0
4612 4613
0 0
0 0
4615 0
4616 4621
4617 0
4618 4620
4619 0
0 0
0 0
4622 4625
4623 0
4624 0
0 0
4626 4628
4627 0
0 0
4629 4632
4630 0
4631 0
0 0
4633 4634
0 0
0 0
4636 4855
4637 4704
4638 4664
4639 4658
4640 4644
4641 4643
4642 0
0 0
0 0
4645 4650
4646 4648
4647 0
0 0
4649 0
0 0
4651 0
4652 4653
0 0
4654 0
4655 4656
0 0
4657 0
0 0
4659 4663
4660 0
4661 0
4662 0
0 0
0 0
4665 4697
4666 4677
4667 0
4668 4672
4669 4671
4670 0
0 0
0 0
4673 4674
0 0
4675 4676
0 0
0 0
4678 4679
0 0
4680 4689
4681 4684
4682 4683
0 0
0 0
4685 4687
4686 0
0 0
4688 0
0 0
4690 4696
4691 4695
4692 4694
4693 0
0 0
0 0
0 0
0 0
4698 4701
4699 0
4700 0
0 0
4702 4703
0 0
0 0
4705 4799
4706 4759
4707 4716
4708 4712
4709 0
4710 0
4711 0
0 0
4713 0
4714 4715
0 0
0 0
4717 4722
4718 4721
4719 4720
0 0
0 0
0 0
4723 4749
4724 4748
4725 4747
4726 4742
4727 4732
4728 4730
4729 0
0 0
4731 0
0 0
4733 4736
4734 0
4735 0
0 0
4737 0
4738 4741
4739 4740
0 0
0 0
0 0
4743 4744
0 0
4745 0
4746 0
0 0
0 0
0 0
4750 4754
4751 0
4752 0
4753 0
0 0
4755 0
4756 4758
4757 0
0 0
0 0
4760 4775
4761 4762
0 0
4763 4765
4764 0
0 0
4766 4770
4767 4769
4768 0
0 0
0 0
4771 4773
4772 0
0 0
4774 0
0 0
4776 4783
4777 4782
4778 4780
4779 0
0 0
4781 0
0 0
0 0
4784 4785
0 0
4786 0
4787 4797
4788 4796
4789 4793
4790 4792
4791 0
0 0
0 0
4794 0
4795 0
0 0
0 0
4798 0
0 0
4800 4805
4801 4802
0 0
4803 4804
0 0
0 0
4806 4831
4807 4810
4808 0
4809 0
0 0
4811 0
4812 4820
4813 4816
4814 4815
0 0
0 0
4817 4818
0 0
4819 0
0 0
4821 4830
4822 4828
4823 0
4824 4826
4825 0
0 0
4827 0
0 0
4829 0
0 0
0 0
4832 4849
4833 0
4834 4835
0 0
4836 4839
4837 0
4838 0
0 0
4840 4843
4841 4842
0 0
0 0
4844 4847
4845 4846
0 0
0 0
4848 0
0 0
4850 4851
0 0
4852 4854
4853 0
0 0
0 0
4856 4860
4857 0
4858 4859
0 0
0 0
4861 4893
4862 4881
4863 4867
4864 4865
0 0
4866 0
0 0
4868 4871
4869 0
4870 0
0 0
4872 4875
4873 0
4874 0
0 0
4876 4880
4877 4879
4878 0
0 0
0 0
0 0
4882 4884
4883 0
0 0
4885 0
4886 4887
0 0
4888 0
4889 4891
4890 0
0 0
4892 0
0 0
4894 4895
0 0
4896 4898
4897 0
0 0
4899 0
4900 0
4901 0
0 0
4903 5170
4904 5155
4905 5120
4906 5019
4907 4933
4908 4932
4909 4925
4910 4918
4911 0
4912 4917
4913 4915
4914 0
0 0
4916 0
0 0
0 0
4919 0
4920 4922
4921 0
0 0
4923 4924
0 0
0 0
4926 4930
4927 4928
0 0
4929 0
0 0
4931 0
0 0
0 0
4934 5008
4935 4944
4936 4940
4937 4938
0 0
4939 0
0 0
4941 4942
0 0
4943 0
0 0
4945 4973
4946 4965
4947 4959
4948 4955
4949 4950
0 0
4951 4954
4952 4953
0 0
0 0
0 0
4956 4958
4957 0
0 0
0 0
4960 4962
4961 0
0 0
4963 4964
0 0
0 0
4966 4971
4967 4968
0 0
4969 0
4970 0
0 0
4972 0
0 0
4974 4998
4975 4977
4976 0
0 0
4978 4979
0 0
4980 4989
4981 0
4982 4983
0 0
4984 4988
4985 4987
4986 0
0 0
0 0
0 0
4990 4993
4991 4992
0 0
0 0
4994 0
4995 0
4996 4997
0 0
0 0
4999 5001
5000 0
0 0
5002 5007
5003 5005
5004 0
0 0
5006 0
0 0
0 0
5009 5016
5010 5012
5011 0
0 0
5013 5015
5014 0
0 0
0 0
5017 0
5018 0
0 0
5020 5080
5021 5039
5022 5023
0 0
5024 5026
5025 0
0 0
5027 5029
5028 0
0 0
5030 5036
5031 5034
5032 0
5033 0
0 0
5035 0
0 0
5037 5038
0 0
0 0
5040 5065
5041 5063
5042 5058
5043 5056
5044 5049
5045 5047
5046 0
0 0
5048 0
0 0
5050 5052
5051 0
0 0
5053 5054
0 0
5055 0
0 0
5057 0
0 0
5059 5062
5060 5061
0 0
0 0
0 0
5064 0
0 0
5066 5076
5067 5070
5068 5069
0 0
0 0
5071 5073
5072 0
0 0
5074 0
5075 0
0 0
5077 0
5078 0
5079 0
0 0
5081 5107
5082 0
5083 5086
5084 5085
0 0
0 0
5087 5096
5088 5094
5089 5092
5090 0
5091 0
0 0
5093 0
0 0
5095 0
0 0
5097 5102
5098 5101
5099 0
5100 0
0 0
0 0
5103 5106
5104 5105
0 0
0 0
0 0
5108 5109
0 0
5110 5118
5111 5112
0 0
5113 5115
5114 0
0 0
5116 5117
0 0
0 0
5119 0
0 0
5121 5154
5122 5138
5123 5134
5124 5131
5125 5129
5126 5128
5127 0
0 0
0 0
5130 0
0 0
5132 5133
0 0
0 0
5135 0
5136 0
5137 0
0 0
5139 0
5140 0
5141 5152
5142 5145
5143 0
5144 0
0 0
5146 5150
5147 5148
0 0
5149 0
0 0
5151 0
0 0
5153 0
0 0
0 0
5156 0
5157 5162
5158 5161
5159 0
5160 0
0 0
0 0
5163 5164
0 0
5165 5169
5166 5168
5167 0
0 0
0 0
0 0
5171 7200
5172 6388
5173 5420
5174 5251
5175 5198
5176 5197
5177 5187
5178 5184
5179 5181
5180 0
0 0
5182 0
5183 0
0 0
5185 0
5186 0
0 0
5188 5193
5189 5192
5190 5191
0 0
0 0
0 0
5194 0
5195 5196
0 0
0 0
0 0
5199 5240
5200 5233
5201 5224
5202 5220
5203 5211
5204 5206
5205 0
0 0
5207 5209
5208 0
0 0
5210 0
0 0
5212 5217
5213 5215
5214 0
0 0
5216 0
0 0
5218 0
5219 0
0 0
5221 5222
0 0
5223 0
0 0
5225 5228
5226 5227
0 0
0 0
5229 5230
0 0
5231 5232
0 0
0 0
5234 5236
5235 0
0 0
5237 0
5238 5239
0 0
0 0
5241 0
5242 0
5243 5244
0 0
5245 0
5246 5248
5247 0
0 0
5249 0
5250 0
0 0
5252 5322
5253 5261
5254 5255
0 0
5256 5257
0 0
5258 5260
5259 0
0 0
0 0
5262 5290
5263 5286
5264 5279
5265 5270
5266 5268
5267 0
0 0
5269 0
0 0
5271 5272
0 0
5273 5278
5274 5275
0 0
5276 5277
0 0
0 0
0 0
5280 5282
5281 0
0 0
5283 5284
0 0
5285 0
0 0
5287 5289
5288 0
0 0
0 0
5291 5315
5292 5297
5293 5294
0 0
5295 5296
0 0
0 0
5298 5300
5299 0
0 0
5301 5303
5302 0
0 0
5304 5311
5305 5307
5306 0
0 0
5308 0
5309 0
5310 0
0 0
5312 5314
5313 0
0 0
0 0
5316 5320
5317 5318
0 0
5319 0
0 0
5321 0
0 0
5323 5417
5324 5329
5325 5328
5326 5327
0 0
0 0
0 0
5330 5404
5331 5357
5332 5336
5333 5335
5334 0
0 0
0 0
5337 5345
5338 5342
5339 5341
5340 0
0 0
0 0
5343 0
5344 0
0 0
5346 5354
5347 5353
5348 5350
5349 0
0 0
5351 0
5352 0
0 0
0 0
5355 5356
0 0
0 0
5358 5402
5359 5366
5360 0
5361 5365
5362 5363
0 0
5364 0
0 0
0 0
5367 5396
5368 5390
5369 5387
5370 5380
5371 5377
5372 0
5373 5376
5374 5375
0 0
0 0
0 0
5378 0
5379 0
0 0
5381 5386
5382 5385
5383 5384
0 0
0 0
0 0
0 0
5388 5389
0 0
0 0
5391 5395
5392 5393
0 0
5394 0
0 0
0 0
5397 5399
5398 0
0 0
5400 5401
0 0
0 0
5403 0
0 0
5405 5408
5406 5407
0 0
0 0
5409 5410
0 0
5411 5413
5412 0
0 0
5414 5416
5415 0
0 0
0 0
5418 5419
0 0
0 0
5421 5758
5422 5569
5423 5430
5424 5425
0 0
5426 5428
5427 0
0 0
5429 0
0 0
5431 5444
5432 5435
5433 5434
0 0
0 0
5436 0
5437 0
5438 5443
5439 5441
5440 0
0 0
5442 0
0 0
0 0
5445 5448
5446 0
5447 0
0 0
5449 5555
5450 5547
5451 5483
5452 5467
5453 5457
5454 5455
0 0
5456 0
0 0
5458 0
5459 5462
5460 0
5461 0
0 0
5463 5464
0 0
5465 5466
0 0
0 0
5468 5476
5469 5473
5470 0
5471 0
5472 0
0 0
5474 5475
0 0
0 0
5477 5479
5478 0
0 0
5480 0
5481 0
5482 0
0 0
5484 5525
5485 5491
5486 0
5487 5490
5488 0
5489 0
0 0
0 0
5492 5501
5493 0
5494 5495
0 0
5496 5498
5497 0
0 0
5499 0
5500 0
0 0
5502 5524
5503 5513
5504 0
5505 5508
5506 5507
0 0
0 0
5509 5512
5510 5511
0 0
0 0
0 0
5514 5517
5515 5516
0 0
0 0
5518 0
5519 5521
5520 0
0 0
5522 5523
0 0
0 0
0 0
5526 5542
5527 5539
5528 5535
5529 0
5530 5531
0 0
5532 0
5533 5534
0 0
0 0
5536 5537
0 0
5538 0
0 0
5540 0
5541 0
0 0
5543 5546
5544 0
5545 0
0 0
0 0
5548 5550
5549 0
0 0
5551 5554
5552 0
5553 0
0 0
0 0
5556 0
5557 5558
0 0
5559 0
5560 0
5561 5567
5562 5564
5563 0
0 0
5565 5566
0 0
0 0
5568 0
0 0
5570 5630
5571 5579
5572 0
5573 5578
5574 5576
5575 0
0 0
5577 0
0 0
0 0
5580 5596
5581 5591
5582 5586
5583 0
5584 5585
0 0
0 0
5587 5590
5588 0
5589 0
0 0
0 0
5592 5593
0 0
5594 5595
0 0
0 0
5597 5624
5598 5611
5599 5604
5600 5603
5601 0
5602 0
0 0
0 0
5605 5608
5606 0
5607 0
0 0
5609 0
5610 0
0 0
5612 5613
0 0
5614 5616
5615 0
0 0
5617 5621
5618 5620
5619 0
0 0
0 0
5622 5623
0 0
0 0
5625 5626
0 0
5627 0
5628 0
5629 0
0 0
5631 5686
5632 5674
5633 5665
5634 5643
5635 5638
5636 0
5637 0
0 0
5639 5642
5640 5641
0 0
0 0
0 0
5644 5645
0 0
5646 5654
5647 5648
0 0
5649 5653
5650 5651
0 0
5652 0
0 0
0 0
5655 0
5656 5659
5657 5658
0 0
0 0
5660 5662
5661 0
0 0
5663 0
5664 0
0 0
5666 5667
0 0
5668 5669
0 0
5670 5672
5671 0
0 0
5673 0
0 0
5675 5685
5676 0
5677 5683
5678 5679
0 0
5680 5682
5681 0
0 0
0 0
5684 0
0 0
0 0
5687 5749
5688 5697
5689 5692
5690 0
5691 0
0 0
5693 5695
5694 0
0 0
5696 0
0 0
5698 5732
5699 5705
5700 0
5701 5704
5702 5703
0 0
0 0
0 0
5706 5722
5707 5710
5708 5709
0 0
0 0
5711 5719
5712 5715
5713 0
5714 0
0 0
5716 5717
0 0
5718 0
0 0
5720 0
5721 0
0 0
5723 5731
5724 5727
5725 0
5726 0
0 0
5728 5730
5729 0
0 0
0 0
0 0
5733 5734
0 0
5735 5742
5736 5737
0 0
5738 5741
5739 5740
0 0
0 0
0 0
5743 5746
5744 0
5745 0
0 0
5747 5748
0 0
0 0
5750 5751
0 0
5752 5756
5753 5755
5754 0
0 0
0 0
5757 0
0 0
5759 5847
5760 0
5761 5772
5762 5767
5763 5764
0 0
5765 5766
0 0
0 0
5768 5771
5769 5770
0 0
0 0
0 0
5773 5818
5774 5806
5775 5790
5776 0
5777 5787
5778 5781
5779 5780
0 0
0 0
5782 5783
0 0
5784 5786
5785 0
0 0
0 0
5788 5789
0 0
0 0
5791 5795
5792 5793
0 0
5794 0
0 0
5796 0
5797 5800
5798 5799
0 0
0 0
5801 5802
0 0
5803 5804
0 0
5805 0
0 0
5807 5809
5808 0
0 0
5810 5813
5811 0
5812 0
0 0
5814 5816
5815 0
0 0
5817 0
0 0
5819 5832
5820 5821
0 0
5822 5825
5823 5824
0 0
0 0
5826 5830
5827 5829
5828 0
0 0
0 0
5831 0
0 0
5833 5841
5834 5840
5835 0
5836 5838
5837 0
0 0
5839 0
0 0
0 0
5842 5845
5843 5844
0 0
0 0
5846 0
0 0
5848 6128
5849 6104
5850 5891
5851 5859
5852 5856
5853 5855
5854 0
0 0
0 0
5857 0
5858 0
0 0
5860 5875
5861 5867
5862 0
5863 5865
5864 0
0 0
5866 0
0 0
5868 5872
5869 5870
0 0
5871 0
0 0
5873 0
5874 0
0 0
5876 5886
5877 5881
5878 0
5879 5880
0 0
0 0
5882 5883
0 0
5884 0
5885 0
0 0
5887 0
5888 5890
5889 0
0 0
0 0
5892 6068
5893 5958
5894 5913
5895 5897
5896 0
0 0
5898 5910
5899 5903
5900 5901
0 0
5902 0
0 0
5904 5908
5905 0
5906 0
5907 0
0 0
5909 0
0 0
5911 5912
0 0
0 0
5914 5947
5915 5923
5916 5917
0 0
5918 5921
5919 0
5920 0
0 0
5922 0
0 0
5924 5943
5925 5930
5926 0
5927 5928
0 0
5929 0
0 0
5931 5936
5932 0
5933 0
5934 0
5935 0
0 0
5937 5938
0 0
5939 5941
5940 0
0 0
5942 0
0 0
5944 0
5945 0
5946 0
0 0
5948 5957
5949 5956
5950 5952
5951 0
0 0
5953 5954
0 0
5955 0
0 0
0 0
0 0
5959 5977
5960 5976
5961 5971
5962 5967
5963 0
5964 5966
5965 0
0 0
0 0
5968 5970
5969 0
0 0
0 0
5972 0
5973 5975
5974 0
0 0
0 0
0 0
5978 6053
5979 6005
5980 5990
5981 0
5982 0
5983 0
5984 5987
5985 0
5986 0
0 0
5988 0
5989 0
0 0
5991 5994
5992 0
5993 0
0 0
5995 6000
5996 0
5997 5998
0 0
5999 0
0 0
6001 6002
0 0
6003 6004
0 0
0 0
6006 6021
6007 6014
6008 0
6009 6012
6010 0
6011 0
0 0
6013 0
0 0
6015 6016
0 0
6017 6018
0 0
6019 0
6020 0
0 0
6022 0
6023 6034
6024 6027
6025 6026
0 0
0 0
6028 6030
6029 0
0 0
6031 6032
0 0
6033 0
0 0
6035 6038
6036 6037
0 0
0 0
6039 6040
0 0
6041 6052
6042 6049
6043 6047
6044 6046
6045 0
0 0
0 0
6048 0
0 0
6050 0
6051 0
0 0
0 0
6054 6056
6055 0
0 0
6057 6065
6058 6059
0 0
6060 6062
6061 0
0 0
6063 0
6064 0
0 0
6066 0
6067 0
0 0
6069 6072
6070 0
6071 0
0 0
6073 6093
6074 6088
6075 6082
6076 6077
0 0
6078 0
6079 6081
6080 0
0 0
0 0
6083 0
6084 6087
6085 6086
0 0
0 0
0 0
6089 0
6090 0
6091 0
6092 0
0 0
6094 0
6095 6100
6096 6099
6097 6098
0 0
0 0
0 0
6101 0
6102 6103
0 0
0 0
6105 6120
6106 6118
6107 6116
6108 6109
0 0
6110 6111
0 0
6112 6114
6113 0
0 0
6115 0
0 0
6117 0
0 0
6119 0
0 0
6121 6124
6122 0
6123 0
0 0
6125 6127
6126 0
0 0
0 0
6129 6334
6130 6211
6131 6207
6132 6198
6133 6183
6134 6137
6135 6136
0 0
0 0
6138 6167
6139 6146
6140 6142
6141 0
0 0
6143 6144
0 0
6145 0
0 0
6147 6153
6148 6151
6149 0
6150 0
0 0
6152 0
0 0
6154 6163
6155 6159
6156 6157
0 0
6158 0
0 0
6160 6161
0 0
6162 0
0 0
6164 6165
0 0
6166 0
0 0
6168 6177
6169 6175
6170 6174
6171 6172
0 0
6173 0
0 0
0 0
6176 0
0 0
6178 6179
0 0
6180 6182
6181 0
0 0
0 0
6184 6189
6185 6187
6186 0
0 0
6188 0
0 0
6190 6197
6191 6192
0 0
6193 6194
0 0
6195 6196
0 0
0 0
0 0
6199 6201
6200 0
0 0
6202 6203
0 0
6204 0
6205 6206
0 0
0 0
6208 6210
6209 0
0 0
0 0
6212 6313
6213 6306
6214 6285
6215 6238
6216 6226
6217 6218
0 0
6219 6223
6220 0
6221 6222
0 0
0 0
6224 6225
0 0
0 0
6227 6230
6228 6229
0 0
0 0
6231 6234
6232 0
6233 0
0 0
6235 0
6236 0
6237 0
0 0
6239 6244
6240 6242
6241 0
0 0
6243 0
0 0
6245 6282
6246 6262
6247 6256
6248 0
6249 6250
0 0
6251 6255
6252 6253
0 0
6254 0
0 0
0 0
6257 6260
6258 0
6259 0
0 0
6261 0
0 0
6263 6271
6264 6268
6265 6267
6266 0
0 0
0 0
6269 6270
0 0
0 0
6272 6281
6273 6275
6274 0
0 0
6276 6277
0 0
6278 6279
0 0
6280 0
0 0
0 0
6283 6284
0 0
0 0
6286 6296
6287 6290
6288 0
6289 0
0 0
6291 6295
6292 6293
0 0
6294 0
0 0
0 0
6297 6302
6298 6301
6299 6300
0 0
0 0
0 0
6303 6305
6304 0
0 0
0 0
6307 6310
6308 0
6309 0
0 0
6311 0
6312 0
0 0
6314 6324
6315 6320
6316 0
6317 6318
0 0
6319 0
0 0
6321 6323
6322 0
0 0
0 0
6325 6330
6326 0
6327 6329
6328 0
0 0
0 0
6331 6333
6332 0
0 0
0 0
6335 6377
6336 6374
6337 6371
6338 6359
6339 6340
0 0
6341 6358
6342 6351
6343 6347
6344 0
6345 0
6346 0
0 0
6348 0
6349 0
6350 0
0 0
6352 6355
6353 0
6354 0
0 0
6356 6357
0 0
0 0
0 0
6360 6362
6361 0
0 0
6363 0
6364 6367
6365 6366
0 0
0 0
6368 0
6369 0
6370 0
0 0
6372 0
6373 0
0 0
6375 6376
0 0
0 0
6378 6379
0 0
6380 6381
0 0
6382 6386
6383 6384
0 0
6385 0
0 0
6387 0
0 0
6389 7069
6390 6520
6391 6393
6392 0
0 0
6394 6457
6395 6400
6396 6397
0 0
6398 6399
0 0
0 0
6401 6453
6402 6410
6403 0
6404 6405
0 0
6406 0
6407 0
6408 0
6409 0
0 0
6411 6448
6412 6437
6413 6426
6414 6422
6415 6416
0 0
6417 6418
0 0
6419 6420
0 0
6421 0
0 0
6423 6425
6424 0
0 0
0 0
6427 6429
6428 0
0 0
6430 6434
6431 6433
6432 0
0 0
0 0
6435 0
6436 0
0 0
6438 6443
6439 6442
6440 6441
0 0
0 0
0 0
6444 6446
6445 0
0 0
6447 0
0 0
6449 6450
0 0
6451 0
6452 0
0 0
6454 6455
0 0
6456 0
0 0
6458 6478
6459 6469
6460 6468
6461 6463
6462 0
0 0
6464 6465
0 0
6466 0
6467 0
0 0
0 0
6470 6471
0 0
6472 6473
0 0
6474 0
6475 6476
0 0
6477 0
0 0
6479 6489
6480 6485
6481 6483
6482 0
0 0
6484 0
0 0
6486 0
6487 6488
0 0
0 0
6490 6506
6491 6503
6492 6498
6493 6497
6494 6495
0 0
6496 0
0 0
0 0
6499 6502
6500 6501
0 0
0 0
0 0
6504 6505
0 0
0 0
6507 6515
6508 6510
6509 0
0 0
6511 0
6512 6513
0 0
6514 0
0 0
6516 6518
6517 0
0 0
6519 0
0 0
6521 6984
6522 6659
6523 6558
6524 6553
6525 6529
6526 6528
6527 0
0 0
0 0
6530 6542
6531 6540
6532 0
6533 6537
6534 0
6535 0
6536 0
0 0
6538 6539
0 0
0 0
6541 0
0 0
6543 6546
6544 0
6545 0
0 0
6547 0
6548 6549
0 0
6550 6551
0 0
6552 0
0 0
6554 0
6555 6556
0 0
6557 0
0 0
6559 6590
6560 6586
6561 6562
0 0
6563 0
6564 6581
6565 6570
6566 6567
0 0
6568 6569
0 0
0 0
6571 6579
6572 0
6573 6574
0 0
6575 6577
6576 0
0 0
6578 0
0 0
6580 0
0 0
6582 6584
6583 0
0 0
6585 0
0 0
6587 6588
0 0
6589 0
0 0
6591 6593
6592 0
0 0
6594 6617
6595 6615
6596 6601
6597 6600
6598 0
6599 0
0 0
0 0
6602 6608
6603 0
6604 6606
6605 0
0 0
6607 0
0 0
6609 6613
6610 0
6611 0
6612 0
0 0
6614 0
0 0
6616 0
0 0
6618 0
6619 6650
6620 6624
6621 6623
6622 0
0 0
0 0
6625 6633
6626 6632
6627 6629
6628 0
0 0
6630 6631
0 0
0 0
0 0
6634 6637
6635 6636
0 0
0 0
6638 6648
6639 6645
6640 6641
0 0
6642 6644
6643 0
0 0
0 0
6646 0
6647 0
0 0
6649 0
0 0
6651 6658
6652 6653
0 0
6654 6655
0 0
6656 0
6657 0
0 0
0 0
6660 6872
6661 6708
6662 6693
6663 6679
6664 6670
6665 6668
6666 0
6667 0
0 0
6669 0
0 0
6671 6674
6672 6673
0 0
0 0
6675 6678
6676 0
6677 0
0 0
0 0
6680 6691
6681 6690
6682 6688
6683 0
6684 6687
6685 6686
0 0
0 0
0 0
6689 0
0 0
0 0
6692 0
0 0
6694 0
6695 6703
6696 6700
6697 6698
0 0
6699 0
0 0
6701 6702
0 0
0 0
6704 0
6705 0
6706 0
6707 0
0 0
6709 6721
6710 6714
6711 6712
0 0
6713 0
0 0
6715 6719
6716 6718
6717 0
0 0
0 0
6720 0
0 0
6722 6808
6723 6772
6724 6769
6725 6754
6726 6747
6727 6737
6728 6731
6729 6730
0 0
0 0
6732 6736
6733 6735
6734 0
0 0
0 0
0 0
6738 6746
6739 6743
6740 6741
0 0
6742 0
0 0
6744 6745
0 0
0 0
0 0
6748 6753
6749 6750
0 0
6751 0
6752 0
0 0
0 0
6755 6756
0 0
6757 6764
6758 6762
6759 6761
6760 0
0 0
0 0
6763 0
0 0
6765 6767
6766 0
0 0
6768 0
0 0
6770 6771
0 0
0 0
6773 6780
6774 6775
0 0
6776 6779
6777 6778
0 0
0 0
0 0
6781 6791
6782 6790
6783 6789
6784 6786
6785 0
0 0
6787 0
6788 0
0 0
0 0
0 0
6792 6805
6793 0
6794 6802
6795 6800
6796 6799
6797 0
6798 0
0 0
0 0
6801 0
0 0
6803 6804
0 0
0 0
6806 0
6807 0
0 0
6809 6860
6810 6829
6811 6820
6812 6819
6813 6816
6814 6815
0 0
0 0
6817 6818
0 0
0 0
0 0
6821 6822
0 0
6823 6827
6824 6825
0 0
6826 0
0 0
6828 0
0 0
6830 6835
6831 6833
6832 0
0 0
6834 0
0 0
6836 6849
6837 6848
6838 6840
6839 0
0 0
6841 0
6842 0
6843 6844
0 0
6845 0
6846 6847
0 0
0 0
0 0
6850 6854
6851 6853
6852 0
0 0
0 0
6855 0
6856 6858
6857 0
0 0
6859 0
0 0
6861 6863
6862 0
0 0
6864 6869
6865 6868
6866 6867
0 0
0 0
0 0
6870 0
6871 0
0 0
6873 6919
6874 6897
6875 6876
0 0
6877 6888
6878 6885
6879 0
6880 0
6881 0
6882 6884
6883 0
0 0
0 0
6886 0
6887 0
0 0
6889 0
6890 6894
6891 6892
0 0
6893 0
0 0
6895 6896
0 0
0 0
6898 6912
6899 6907
6900 0
6901 6902
0 0
6903 6904
0 0
6905 6906
0 0
0 0
6908 0
6909 6911
6910 0
0 0
0 0
6913 6916
6914 0
6915 0
0 0
6917 6918
0 0
0 0
6920 6982
6921 6924
6922 0
6923 0
0 0
6925 6974
6926 6944
6927 6937
6928 6929
0 0
6930 6935
6931 6932
0 0
6933 0
6934 0
0 0
6936 0
0 0
6938 6939
0 0
6940 0
6941 6943
6942 0
0 0
0 0
6945 6967
6946 6962
6947 6949
6948 0
0 0
6950 6953
6951 0
6952 0
0 0
6954 6961
6955 0
6956 6958
6957 0
0 0
6959 6960
0 0
0 0
0 0
6963 6965
6964 0
0 0
6966 0
0 0
6968 6969
0 0
6970 6971
0 0
6972 6973
0 0
0 0
6975 0
6976 6979
6977 6978
0 0
0 0
6980 6981
0 0
0 0
6983 0
0 0
6985 7041
6986 7029
6987 6999
6988 0
6989 6997
6990 0
6991 6996
6992 6993
0 0
6994 0
6995 0
0 0
0 0
6998 0
0 0
7000 7015
7001 7004
7002 7003
0 0
0 0
7005 0
7006 7011
7007 0
7008 0
7009 0
7010 0
0 0
7012 0
7013 7014
0 0
0 0
7016 7020
7017 7018
0 0
7019 0
0 0
7021 7025
7022 0
7023 7024
0 0
0 0
7026 0
7027 7028
0 0
0 0
7030 7036
7031 7035
7032 7034
7033 0
0 0
0 0
0 0
7037 7038
0 0
7039 0
7040 0
0 0
7042 7064
7043 7061
7044 7059
7045 7055
7046 7053
7047 7052
7048 7049
0 0
7050 0
7051 0
0 0
0 0
7054 0
0 0
7056 0
7057 7058
0 0
0 0
7060 0
0 0
7062 7063
0 0
0 0
7065 7066
0 0
7067 7068
0 0
0 0
7070 7156
7071 7077
7072 7075
7073 0
7074 0
0 0
7076 0
0 0
7078 7086
7079 7085
7080 7084
7081 0
7082 0
7083 0
0 0
0 0
0 0
7087 7143
7088 7097
7089 7092
7090 0
7091 0
0 0
7093 7096
7094 0
7095 0
0 0
0 0
7098 7142
7099 7136
7100 7127
7101 7122
7102 7103
0 0
7104 0
7105 7107
7106 0
0 0
7108 7110
7109 0
0 0
7111 7119
7112 7116
7113 7115
7114 0
0 0
0 0
7117 0
7118 0
0 0
7120 0
7121 0
0 0
7123 7124
0 0
7125 7126
0 0
0 0
7128 7134
7129 0
7130 7132
7131 0
0 0
7133 0
0 0
7135 0
0 0
7137 7141
7138 7139
0 0
7140 0
0 0
0 0
0 0
7144 7148
7145 7146
0 0
7147 0
0 0
7149 7150
0 0
7151 0
7152 7154
7153 0
0 0
7155 0
0 0
7157 0
7158 7161
7159 0
7160 0
0 0
7162 7186
7163 7179
7164 7170
7165 7167
7166 0
0 0
7168 7169
0 0
0 0
7171 7175
7172 7173
0 0
7174 0
0 0
7176 7178
7177 0
0 0
0 0
7180 7183
7181 7182
0 0
0 0
7184 0
7185 0
0 0
7187 7194
7188 0
7189 7191
7190 0
0 0
7192 0
7193 0
0 0
7195 7198
7196 7197
0 0
0 0
7199 0
0 0
7201 7694
7202 7481
7203 7238
7204 7221
7205 7212
7206 0
7207 7210
7208 0
7209 0
0 0
7211 0
0 0
7213 7219
7214 0
7215 7216
0 0
7217 7218
0 0
0 0
7220 0
0 0
7222 7237
7223 7225
7224 0
0 0
7226 7229
7227 7228
0 0
0 0
7230 7231
0 0
7232 0
7233 7235
7234 0
0 0
7236 0
0 0
0 0
7239 7427
7240 7276
7241 7261
7242 7249
7243 7246
7244 0
7245 0
0 0
7247 0
7248 0
0 0
7250 7254
7251 7253
7252 0
0 0
0 0
7255 7259
7256 0
7257 0
7258 0
0 0
7260 0
0 0
7262 7271
7263 7265
7264 0
0 0
7266 7269
7267 7268
0 0
0 0
7270 0
0 0
7272 7275
7273 7274
0 0
0 0
0 0
7277 7421
7278 7292
7279 7285
7280 7281
0 0
7282 7283
0 0
7284 0
0 0
7286 7290
7287 7289
7288 0
0 0
0 0
7291 0
0 0
7293 7340
7294 7314
7295 7301
7296 0
7297 7300
7298 7299
0 0
0 0
0 0
7302 7306
7303 7305
7304 0
0 0
0 0
7307 7313
7308 7309
0 0
7310 7311
0 0
7312 0
0 0
0 0
7315 7335
7316 7320
7317 0
7318 0
7319 0
0 0
7321 7322
0 0
7323 7327
7324 0
7325 7326
0 0
0 0
7328 7330
7329 0
0 0
7331 7332
0 0
7333 7334
0 0
0 0
7336 7338
7337 0
0 0
7339 0
0 0
7341 7420
7342 7388
7343 7378
7344 7369
7345 7361
7346 7359
7347 7357
7348 7350
7349 0
0 0
7351 7353
7352 0
0 0
7354 7355
0 0
7356 0
0 0
7358 0
0 0
7360 0
0 0
7362 7365
7363 0
7364 0
0 0
7366 0
7367 0
7368 0
0 0
7370 7373
7371 0
7372 0
0 0
7374 0
7375 7377
7376 0
0 0
0 0
7379 7381
7380 0
0 0
7382 7385
7383 0
7384 0
0 0
7386 0
7387 0
0 0
7389 7410
7390 7402
7391 7399
7392 7397
7393 7394
0 0
7395 7396
0 0
0 0
7398 0
0 0
7400 7401
0 0
0 0
7403 7409
7404 7407
7405 7406
0 0
0 0
7408 0
0 0
0 0
7411 7412
0 0
7413 7417
7414 7416
7415 0
0 0
0 0
7418 0
7419 0
0 0
0 0
7422 7426
7423 7424
0 0
7425 0
0 0
0 0
7428 7466
7429 7442
7430 7438
7431 7436
7432 0
7433 7435
7434 0
0 0
0 0
7437 0
0 0
7439 0
7440 7441
0 0
0 0
7443 7460
7444 7457
7445 7454
7446 7448
7447 0
0 0
7449 7450
0 0
7451 7453
7452 0
0 0
0 0
7455 0
7456 0
0 0
7458 0
7459 0
0 0
7461 7465
7462 0
7463 7464
0 0
0 0
0 0
7467 7480
7468 0
7469 7472
7470 0
7471 0
0 0
7473 7479
7474 7478
7475 7477
7476 0
0 0
0 0
0 0
0 0
0 0
7482 7649
7483 7623
7484 7618
7485 7520
7486 7516
7487 7489
7488 0
0 0
7490 7496
7491 7492
0 0
7493 7495
7494 0
0 0
0 0
7497 7502
7498 7501
7499 7500
0 0
0 0
0 0
7503 7504
0 0
7505 7515
7506 7513
7507 7510
7508 0
7509 0
0 0
7511 0
7512 0
0 0
7514 0
0 0
0 0
7517 0
7518 0
7519 0
0 0
7521 7575
7522 7539
7523 7536
7524 7528
7525 7527
7526 0
0 0
0 0
7529 0
7530 7532
7531 0
0 0
7533 7534
0 0
7535 0
0 0
7537 0
7538 0
0 0
7540 7571
7541 7566
7542 7544
7543 0
0 0
7545 7563
7546 7550
7547 7549
7548 0
0 0
0 0
7551 7557
7552 7554
7553 0
0 0
7555 0
7556 0
0 0
7558 7560
7559 0
0 0
7561 7562
0 0
0 0
7564 0
7565 0
0 0
7567 7570
7568 0
7569 0
0 0
0 0
7572 7573
0 0
7574 0
0 0
7576 7596
7577 7580
7578 7579
0 0
0 0
7581 7595
7582 0
7583 7589
7584 7587
7585 7586
0 0
0 0
7588 0
0 0
7590 0
7591 7594
7592 7593
0 0
0 0
0 0
0 0
7597 7612
7598 7608
7599 7606
7600 7604
7601 7603
7602 0
0 0
0 0
7605 0
0 0
7607 0
0 0
7609 7611
7610 0
0 0
0 0
7613 7617
7614 7616
7615 0
0 0
0 0
0 0
7619 0
7620 7621
0 0
7622 0
0 0
7624 7646
7625 7628
7626 0
7627 0
0 0
7629 7634
7630 7632
7631 0
0 0
7633 0
0 0
7635 0
7636 7637
0 0
7638 7642
7639 7640
0 0
7641 0
0 0
7643 7644
0 0
7645 0
0 0
7647 0
7648 0
0 0
7650 7657
7651 7652
0 0
7653 0
7654 0
7655 7656
0 0
0 0
7658 7673
7659 7663
7660 7662
7661 0
0 0
0 0
7664 0
7665 7670
7666 7669
7667 7668
0 0
0 0
0 0
7671 0
7672 0
0 0
7674 7675
0 0
7676 7683
7677 7678
0 0
7679 7682
7680 7681
0 0
0 0
0 0
7684 7693
7685 7689
7686 7687
0 0
7688 0
0 0
7690 7692
7691 0
0 0
0 0
0 0
7695 8048
7696 7969
7697 7893
7698 7739
7699 7709
7700 7705
7701 7702
0 0
7703 7704
0 0
0 0
7706 7708
7707 0
0 0
0 0
7710 7725
7711 7719
7712 7717
7713 0
7714 7716
7715 0
0 0
0 0
7718 0
0 0
7720 7723
7721 7722
0 0
0 0
7724 0
0 0
7726 7734
7727 7732
7728 7730
7729 0
0 0
7731 0
0 0
7733 0
0 0
7735 0
7736 7737
0 0
7738 0
0 0
7740 7881
7741 7766
7742 7745
7743 7744
0 0
0 0
7746 7762
7747 7759
7748 7750
7749 0
0 0
7751 7754
7752 7753
0 0
0 0
7755 0
7756 0
7757 7758
0 0
0 0
7760 0
7761 0
0 0
7763 7765
7764 0
0 0
0 0
7767 7803
7768 7798
7769 7777
7770 0
7771 0
7772 7776
7773 7775
7774 0
0 0
0 0
0 0
7778 7786
7779 7784
7780 7781
0 0
7782 0
7783 0
0 0
7785 0
0 0
7787 7794
7788 7791
7789 0
7790 0
0 0
7792 7793
0 0
0 0
7795 0
7796 0
7797 0
0 0
7799 7801
7800 0
0 0
7802 0
0 0
7804 7834
7805 7811
7806 0
7807 7808
0 0
7809 0
7810 0
0 0
7812 7823
7813 7815
7814 0
0 0
7816 7818
7817 0
0 0
7819 7820
0 0
7821 7822
0 0
0 0
7824 7828
7825 0
7826 0
7827 0
0 0
7829 7831
7830 0
0 0
7832 7833
0 0
0 0
7835 7868
7836 7840
7837 7838
0 0
7839 0
0 0
7841 7864
7842 7863
7843 7855
7844 7852
7845 7848
7846 7847
0 0
0 0
7849 7851
7850 0
0 0
0 0
7853 0
7854 0
0 0
7856 7862
7857 0
7858 7859
0 0
7860 0
7861 0
0 0
0 0
0 0
7865 0
7866 7867
0 0
0 0
7869 7872
7870 0
7871 0
0 0
7873 7880
7874 7879
7875 7878
7876 7877
0 0
0 0
0 0
0 0
0 0
7882 7890
7883 7888
7884 7886
7885 0
0 0
7887 0
0 0
7889 0
0 0
7891 0
7892 0
0 0
7894 7895
0 0
7896 7947
7897 7906
7898 7905
7899 7901
7900 0
0 0
7902 0
7903 0
7904 0
0 0
0 0
7907 7927
7908 7910
7909 0
0 0
7911 7924
7912 7915
7913 0
7914 0
0 0
7916 7923
7917 7921
7918 7920
7919 0
0 0
0 0
7922 0
0 0
0 0
7925 7926
0 0
0 0
7928 7943
7929 7936
7930 7933
7931 7932
0 0
0 0
7934 0
7935 0
0 0
7937 7941
7938 7940
7939 0
0 0
0 0
7942 0
0 0
7944 7945
0 0
7946 0
0 0
7948 7960
7949 0
7950 7953
7951 0
7952 0
0 0
7954 7959
7955 7958
7956 7957
0 0
0 0
0 0
0 0
7961 7962
0 0
7963 7966
7964 7965
0 0
0 0
7967 7968
0 0
0 0
7970 7983
7971 7977
7972 7975
7973 0
7974 0
0 0
7976 0
0 0
7978 7979
0 0
7980 0
7981 7982
0 0
0 0
7984 8037
7985 7996
7986 0
7987 7992
7988 0
7989 0
7990 7991
0 0
0 0
7993 7994
0 0
7995 0
0 0
7997 8017
7998 8009
7999 8007
8000 8006
8001 8003
8002 0
0 0
8004 0
8005 0
0 0
0 0
8008 0
0 0
8010 8015
8011 8013
8012 0
0 0
8014 0
0 0
8016 0
0 0
8018 8024
8019 8021
8020 0
0 0
8022 0
8023 0
0 0
8025 8026
0 0
8027 8031
8028 8029
0 0
8030 0
0 0
8032 8034
8033 0
0 0
8035 8036
0 0
0 0
8038 8047
8039 8040
0 0
8041 8042
0 0
8043 8046
8044 8045
0 0
0 0
0 0
0 0
8049 8549
8050 8135
8051 8125
8052 8053
0 0
8054 8122
8055 8068
8056 8058
8057 0
0 0
8059 8065
8060 0
8061 8063
8062 0
0 0
8064 0
0 0
8066 8067
0 0
0 0
8069 8099
8070 8087
8071 8072
0 0
8073 8082
8074 8076
8075 0
0 0
8077 8081
8078 8080
8079 0
0 0
0 0
0 0
8083 8085
8084 0
0 0
8086 0
0 0
8088 8091
8089 0
8090 0
0 0
8092 8095
8093 8094
0 0
0 0
8096 8097
0 0
8098 0
0 0
8100 8110
8101 8106
8102 8104
8103 0
0 0
8105 0
0 0
8107 0
8108 8109
0 0
0 0
8111 8120
8112 8113
0 0
8114 8117
8115 0
8116 0
0 0
8118 0
8119 0
0 0
8121 0
0 0
8123 8124
0 0
0 0
8126 8127
0 0
8128 8132
8129 8130
0 0
8131 0
0 0
8133 8134
0 0
0 0
8136 8538
8137 8228
8138 8160
8139 8142
8140 0
8141 0
0 0
8143 8154
8144 8151
8145 8147
8146 0
0 0
8148 8150
8149 0
0 0
0 0
8152 0
8153 0
0 0
8155 8157
8156 0
0 0
8158 0
8159 0
0 0
8161 8183
8162 8167
8163 8166
8164 8165
0 0
0 0
0 0
8168 8171
8169 8170
0 0
0 0
8172 8182
8173 8176
8174 0
8175 0
0 0
8177 8180
8178 0
8179 0
0 0
8181 0
0 0
0 0
8184 8212
8185 8193
8186 8188
8187 0
0 0
8189 8191
8190 0
0 0
8192 0
0 0
8194 0
8195 8204
8196 8202
8197 8200
8198 0
8199 0
0 0
8201 0
0 0
8203 0
0 0
8205 8207
8206 0
0 0
8208 0
8209 8211
8210 0
0 0
0 0
8213 8219
8214 0
8215 8216
0 0
8217 0
8218 0
0 0
8220 0
8221 8225
8222 8224
8223 0
0 0
0 0
8226 8227
0 0
0 0
8229 8307
8230 8239
8231 0
8232 8235
8233 0
8234 0
0 0
8236 8237
0 0
8238 0
0 0
8240 8301
8241 8259
8242 8245
8243 0
8244 0
0 0
8246 8253
8247 8250
8248 0
8249 0
0 0
8251 0
8252 0
0 0
8254 8255
0 0
8256 8257
0 0
8258 0
0 0
8260 8264
8261 0
8262 8263
0 0
0 0
8265 8278
8266 8272
8267 8270
8268 0
8269 0
0 0
8271 0
0 0
8273 8276
8274 8275
0 0
0 0
8277 0
0 0
8279 0
8280 8286
8281 8282
0 0
8283 0
8284 8285
0 0
0 0
8287 8296
8288 8293
8289 8290
0 0
8291 0
8292 0
0 0
8294 0
8295 0
0 0
8297 8300
8298 8299
0 0
0 0
0 0
8302 0
8303 0
8304 8306
8305 0
0 0
0 0
8308 8416
8309 8366
8310 8319
8311 8317
8312 8314
8313 0
0 0
8315 8316
0 0
0 0
8318 0
0 0
8320 8348
8321 8328
8322 0
8323 8325
8324 0
0 0
8326 8327
0 0
0 0
8329 8342
8330 8333
8331 0
8332 0
0 0
8334 8335
0 0
8336 8339
8337 0
8338 0
0 0
8340 8341
0 0
0 0
8343 8345
8344 0
0 0
8346 0
8347 0
0 0
8349 0
8350 8353
8351 8352
0 0
0 0
8354 8364
8355 8362
8356 8357
0 0
8358 8359
0 0
8360 8361
0 0
0 0
8363 0
0 0
8365 0
0 0
8367 8375
8368 8372
8369 8370
0 0
8371 0
0 0
8373 8374
0 0
0 0
8376 8413
8377 8390
8378 8382
8379 0
8380 0
8381 0
0 0
8383 8385
8384 0
0 0
8386 8389
8387 8388
0 0
0 0
0 0
8391 8392
0 0
8393 8397
8394 8396
8395 0
0 0
0 0
8398 8407
8399 0
8400 8405
8401 0
8402 8404
8403 0
0 0
0 0
8406 0
0 0
8408 8412
8409 8410
0 0
8411 0
0 0
0 0
8414 8415
0 0
0 0
8417 8491
8418 8426
8419 8423
8420 8422
8421 0
0 0
0 0
8424 8425
0 0
0 0
8427 8487
8428 8460
8429 8448
8430 8447
8431 8445
8432 0
8433 8443
8434 8437
8435 0
8436 0
0 0
8438 0
8439 8442
8440 8441
0 0
0 0
0 0
8444 0
0 0
8446 0
0 0
0 0
8449 8453
8450 8452
8451 0
0 0
0 0
8454 8455
0 0
8456 8459
8457 8458
0 0
0 0
0 0
8461 8467
8462 8465
8463 0
8464 0
0 0
8466 0
0 0
8468 8475
8469 8470
0 0
8471 8472
0 0
8473 0
8474 0
0 0
8476 0
8477 8485
8478 8479
0 0
8480 8481
0 0
8482 8484
8483 0
0 0
0 0
8486 0
0 0
8488 8489
0 0
8490 0
0 0
8492 8507
8493 8498
8494 8497
8495 8496
0 0
0 0
0 0
8499 8506
8500 8503
8501 8502
0 0
0 0
8504 0
8505 0
0 0
0 0
8508 8537
8509 8515
8510 8511
0 0
8512 0
8513 8514
0 0
0 0
8516 8519
8517 8518
0 0
0 0
8520 8522
8521 0
0 0
8523 8525
8524 0
0 0
8526 8528
8527 0
0 0
8529 8534
8530 8531
0 0
8532 8533
0 0
0 0
8535 0
8536 0
0 0
0 0
8539 8546
8540 8544
8541 8542
0 0
8543 0
0 0
8545 0
0 0
8547 0
8548 0
0 0
8550 8728
8551 8592
8552 8568
8553 8563
8554 8555
0 0
8556 8562
8557 8560
8558 8559
0 0
0 0
8561 0
0 0
0 0
8564 8567
8565 0
8566 0
0 0
0 0
8569 8582
8570 8578
8571 8577
8572 8576
8573 8575
8574 0
0 0
0 0
0 0
0 0
8579 0
8580 8581
0 0
0 0
8583 8586
8584 0
8585 0
0 0
8587 8591
8588 0
8589 0
8590 0
0 0
0 0
8593 8631
8594 8620
8595 8618
8596 8607
8597 8599
8598 0
0 0
8600 8604
8601 8603
8602 0
0 0
0 0
8605 0
8606 0
0 0
8608 8613
8609 8612
8610 0
8611 0
0 0
0 0
8614 8616
8615 0
0 0
8617 0
0 0
8619 0
0 0
8621 8629
8622 0
8623 8624
0 0
8625 8627
8626 0
0 0
8628 0
0 0
8630 0
0 0
8632 8679
8633 8652
8634 8650
8635 8644
8636 8637
0 0
8638 8641
8639 8640
0 0
0 0
8642 8643
0 0
0 0
8645 8646
0 0
8647 8648
0 0
8649 0
0 0
8651 0
0 0
8653 8675
8654 8662
8655 8661
8656 8657
0 0
8658 8660
8659 0
0 0
0 0
0 0
8663 8674
8664 8672
8665 8666
0 0
8667 8671
8668 8669
0 0
8670 0
0 0
0 0
8673 0
0 0
0 0
8676 8678
8677 0
0 0
0 0
8680 8686
8681 8683
8682 0
0 0
8684 8685
0 0
0 0
8687 8719
8688 8700
8689 8695
8690 8691
0 0
8692 8693
0 0
8694 0
0 0
8696 8699
8697 0
8698 0
0 0
0 0
8701 8703
8702 0
0 0
8704 8715
8705 8706
0 0
8707 0
8708 8710
8709 0
0 0
8711 8714
8712 8713
0 0
0 0
0 0
8716 8717
0 0
8718 0
0 0
8720 8721
0 0
8722 8723
0 0
8724 8726
8725 0
0 0
8727 0
0 0
8729 8752
8730 8741
8731 8737
8732 8735
8733 8734
0 0
0 0
8736 0
0 0
8738 8740
8739 0
0 0
0 0
8742 8744
8743 0
0 0
8745 8750
8746 0
8747 0
8748 8749
0 0
0 0
8751 0
0 0
8753 8761
8754 8759
8755 8758
8756 8757
0 0
0 0
0 0
8760 0
0 0
8762 8771
8763 8764
0 0
8765 0
8766 0
8767 8769
8768 0
0 0
8770 0
0 0
0 0
8773 8989
8774 8923
8775 8789
8776 8788
8777 0
8778 8779
0 0
8780 8784
8781 0
8782 0
8783 0
0 0
8785 8786
0 0
8787 0
0 0
0 0
8790 8813
8791 8810
8792 8798
8793 8795
8794 0
0 0
8796 0
8797 0
0 0
8799 8808
8800 0
8801 8805
8802 8804
8803 0
0 0
0 0
8806 0
8807 0
0 0
8809 0
0 0
8811 0
8812 0
0 0
8814 8875
8815 8822
8816 8820
8817 0
8818 8819
0 0
0 0
8821 0
0 0
8823 8865
8824 8830
8825 0
8826 8828
8827 0
0 0
8829 0
0 0
8831 8845
8832 8834
8833 0
0 0
8835 8839
8836 8838
8837 0
0 0
0 0
8840 8841
0 0
8842 0
8843 8844
0 0
0 0
8846 8847
0 0
8848 8864
8849 8856
8850 8855
8851 8854
8852 8853
0 0
0 0
0 0
0 0
8857 8863
8858 8860
8859 0
0 0
8861 8862
0 0
0 0
0 0
0 0
8866 0
8867 8870
8868 0
8869 0
0 0
8871 8874
8872 0
8873 0
0 0
0 0
8876 8887
8877 8878
0 0
8879 8883
8880 0
8881 8882
0 0
0 0
8884 0
8885 0
8886 0
0 0
8888 8908
8889 8891
8890 0
0 0
8892 8904
8893 8894
0 0
8895 8900
8896 8898
8897 0
0 0
8899 0
0 0
8901 8902
0 0
8903 0
0 0
8905 8906
0 0
8907 0
0 0
8909 8910
0 0
8911 8919
8912 8916
8913 0
8914 0
8915 0
0 0
8917 0
8918 0
0 0
8920 8921
0 0
8922 0
0 0
8924 8966
8925 8963
8926 8939
8927 8931
8928 8929
0 0
8930 0
0 0
8932 8937
8933 8934
0 0
8935 0
8936 0
0 0
8938 0
0 0
8940 8958
8941 8947
8942 8945
8943 8944
0 0
0 0
8946 0
0 0
8948 8950
8949 0
0 0
8951 8955
8952 8954
8953 0
0 0
0 0
8956 0
8957 0
0 0
8959 0
8960 8961
0 0
8962 0
0 0
8964 0
8965 0
0 0
8967 8977
8968 8971
8969 8970
0 0
0 0
8972 8973
0 0
8974 8976
8975 0
0 0
0 0
8978 8987
8979 0
8980 8982
8981 0
0 0
8983 8984
0 0
8985 8986
0 0
0 0
8988 0
0 0
8990 9877
8991 9602
8992 9412
8993 9049
8994 8997
8995 0
8996 0
0 0
8998 0
8999 9029
9000 9020
9001 9011
9002 9010
9003 9005
9004 0
0 0
9006 9009
9007 0
9008 0
0 0
0 0
0 0
9012 0
9013 9014
0 0
9015 0
9016 9018
9017 0
0 0
9019 0
0 0
9021 9022
0 0
9023 9027
9024 9026
9025 0
0 0
0 0
9028 0
0 0
9030 9043
9031 9032
0 0
9033 9036
9034 0
9035 0
0 0
9037 9039
9038 0
0 0
9040 9041
0 0
9042 0
0 0
9044 9048
9045 0
9046 9047
0 0
0 0
0 0
9050 9237
9051 9207
9052 9179
9053 9133
9054 9124
9055 9073
9056 9067
9057 9066
9058 9062
9059 0
9060 9061
0 0
0 0
9063 9065
9064 0
0 0
0 0
0 0
9068 9072
9069 9071
9070 0
0 0
0 0
0 0
9074 9098
9075 9088
9076 9085
9077 9083
9078 0
9079 0
9080 9082
9081 0
0 0
0 0
9084 0
0 0
9086 0
9087 0
0 0
9089 9095
9090 9093
9091 0
9092 0
0 0
9094 0
0 0
9096 0
9097 0
0 0
9099 9115
9100 9105
9101 9104
9102 9103
0 0
0 0
0 0
9106 9107
0 0
9108 9112
9109 0
9110 0
9111 0
0 0
9113 9114
0 0
0 0
9116 9117
0 0
9118 0
9119 9122
9120 0
9121 0
0 0
9123 0
0 0
9125 9129
9126 0
9127 9128
0 0
0 0
9130 9131
0 0
9132 0
0 0
9134 9176
9135 9148
9136 9144
9137 9143
9138 0
9139 0
9140 9142
9141 0
0 0
0 0
0 0
9145 9146
0 0
9147 0
0 0
9149 9162
9150 9157
9151 9153
9152 0
0 0
9154 9156
9155 0
0 0
0 0
9158 9161
9159 9160
0 0
0 0
0 0
9163 0
9164 9167
9165 9166
0 0
0 0
9168 9170
9169 0
0 0
9171 9174
9172 0
9173 0
0 0
9175 0
0 0
9177 9178
0 0
0 0
9180 9201
9181 9184
9182 9183
0 0
0 0
9185 9198
9186 9190
9187 0
9188 9189
0 0
0 0
9191 9192
0 0
9193 9194
0 0
9195 0
9196 9197
0 0
0 0
9199 9200
0 0
0 0
9202 0
9203 9206
9204 0
9205 0
0 0
0 0
9208 9228
9209 9215
9210 0
9211 9213
9212 0
0 0
9214 0
0 0
9216 9218
9217 0
0 0
9219 0
9220 9224
9221 9222
0 0
9223 0
0 0
9225 9226
0 0
9227 0
0 0
9229 9234
9230 9231
0 0
9232 0
9233 0
0 0
9235 0
9236 0
0 0
9238 9346
9239 9306
9240 0
9241 9278
9242 9249
9243 9246
9244 0
9245 0
0 0
9247 9248
0 0
0 0
9250 9268
9251 9263
9252 0
9253 0
9254 9259
9255 9256
0 0
9257 9258
0 0
0 0
9260 0
9261 0
9262 0
0 0
9264 0
9265 9266
0 0
9267 0
0 0
9269 9274
9270 9271
0 0
9272 0
9273 0
0 0
9275 9277
9276 0
0 0
0 0
9279 9290
9280 9286
9281 0
9282 0
9283 0
9284 9285
0 0
0 0
9287 0
9288 9289
0 0
0 0
9291 9297
9292 9294
9293 0
0 0
9295 0
9296 0
0 0
9298 0
9299 9301
9300 0
0 0
9302 9303
0 0
9304 9305
0 0
0 0
9307 9331
9308 9326
9309 9311
9310 0
0 0
9312 0
9313 0
9314 9316
9315 0
0 0
9317 9323
9318 9321
9319 0
9320 0
0 0
9322 0
0 0
9324 9325
0 0
0 0
9327 9329
9328 0
0 0
9330 0
0 0
9332 9337
9333 0
9334 9336
9335 0
0 0
0 0
9338 9343
9339 9342
9340 9341
0 0
0 0
0 0
9344 0
9345 0
0 0
9347 9396
9348 9377
9349 9372
9350 9353
9351 0
9352 0
0 0
9354 9364
9355 0
9356 0
9357 9363
9358 0
9359 9362
9360 9361
0 0
0 0
0 0
0 0
9365 9368
9366 9367
0 0
0 0
9369 9371
9370 0
0 0
0 0
9373 9375
9374 0
0 0
9376 0
0 0
9378 9380
9379 0
0 0
9381 9389
9382 9383
0 0
9384 0
9385 9388
9386 9387
0 0
0 0
0 0
9390 0
9391 9393
9392 0
0 0
9394 0
9395 0
0 0
9397 9407
9398 9400
9399 0
0 0
9401 9403
9402 0
0 0
9404 9406
9405 0
0 0
0 0
9408 9410
9409 0
0 0
9411 0
0 0
9413 9461
9414 9424
9415 9421
9416 0
9417 0
9418 9419
0 0
9420 0
0 0
9422 9423
0 0
0 0
9425 9428
9426 9427
0 0
0 0
9429 9454
9430 9444
9431 9435
9432 9433
0 0
9434 0
0 0
9436 9438
9437 0
0 0
9439 0
9440 9443
9441 0
9442 0
0 0
0 0
9445 9447
9446 0
0 0
9448 9450
9449 0
0 0
9451 9453
9452 0
0 0
0 0
9455 0
9456 0
9457 0
9458 9459
0 0
9460 0
0 0
9462 9569
9463 9535
9464 9488
9465 9470
9466 9467
0 0
9468 9469
0 0
0 0
9471 9477
9472 9476
9473 9475
9474 0
0 0
0 0
0 0
9478 9483
9479 0
9480 9482
9481 0
0 0
0 0
9484 9486
9485 0
0 0
9487 0
0 0
9489 9532
9490 9523
9491 9495
9492 9493
0 0
9494 0
0 0
9496 9514
9497 9504
9498 9503
9499 9501
9500 0
0 0
9502 0
0 0
0 0
9505 0
9506 9511
9507 9510
9508 9509
0 0
0 0
0 0
9512 0
9513 0
0 0
9515 9521
9516 0
9517 0
9518 9519
0 0
9520 0
0 0
9522 0
0 0
9524 9527
9525 0
9526 0
0 0
9528 9529
0 0
9530 9531
0 0
0 0
9533 0
9534 0
0 0
9536 9560
9537 9557
9538 9544
9539 9541
9540 0
0 0
9542 9543
0 0
0 0
9545 9549
9546 9547
0 0
9548 0
0 0
9550 9556
9551 9553
9552 0
0 0
9554 9555
0 0
0 0
0 0
9558 0
9559 0
0 0
9561 9562
0 0
9563 9566
9564 0
9565 0
0 0
9567 9568
0 0
0 0
9570 9579
9571 0
9572 9573
0 0
9574 9578
9575 9577
9576 0
0 0
0 0
0 0
9580 9601
9581 9595
9582 9584
9583 0
0 0
9585 9588
9586 9587
0 0
0 0
9589 9590
0 0
9591 9593
9592 0
0 0
9594 0
0 0
9596 9598
9597 0
0 0
9599 0
9600 0
0 0
0 0
9603 9798
9604 9749
9605 9618
9606 9610
9607 9608
0 0
9609 0
0 0
9611 0
9612 9616
9613 9614
0 0
9615 0
0 0
9617 0
0 0
9619 9676
9620 9652
9621 9631
9622 9630
9623 9627
9624 9625
0 0
9626 0
0 0
9628 0
9629 0
0 0
0 0
9632 9639
9633 9634
0 0
9635 9638
9636 0
9637 0
0 0
0 0
9640 9643
9641 0
9642 0
0 0
9644 9648
9645 9646
0 0
9647 0
0 0
9649 9651
9650 0
0 0
0 0
9653 9656
9654 9655
0 0
0 0
9657 9675
9658 9659
0 0
9660 9670
9661 9669
9662 9666
9663 9665
9664 0
0 0
0 0
9667 9668
0 0
0 0
0 0
9671 9674
9672 0
9673 0
0 0
0 0
0 0
9677 9729
9678 9707
9679 9703
9680 9694
9681 9689
9682 0
9683 9687
9684 9686
9685 0
0 0
0 0
9688 0
0 0
9690 9692
9691 0
0 0
9693 0
0 0
9695 9697
9696 0
0 0
9698 9699
0 0
9700 9701
0 0
9702 0
0 0
9704 9705
0 0
9706 0
0 0
9708 9716
9709 9715
9710 0
9711 9712
0 0
9713 9714
0 0
0 0
0 0
9717 9724
9718 9719
0 0
9720 0
9721 9723
9722 0
0 0
0 0
9725 9727
9726 0
0 0
9728 0
0 0
9730 9746
9731 9740
9732 9739
9733 0
9734 9736
9735 0
0 0
9737 9738
0 0
0 0
0 0
9741 9743
9742 0
0 0
9744 9745
0 0
0 0
9747 9748
0 0
0 0
9750 9785
9751 9752
0 0
9753 9772
9754 9756
9755 0
0 0
9757 9769
9758 9765
9759 9760
0 0
9761 9762
0 0
9763 0
9764 0
0 0
9766 9767
0 0
9768 0
0 0
9770 0
9771 0
0 0
9773 9779
9774 9776
9775 0
0 0
9777 9778
0 0
0 0
9780 9784
9781 0
9782 9783
0 0
0 0
0 0
9786 9797
9787 9791
9788 0
9789 9790
0 0
0 0
9792 9795
9793 0
9794 0
0 0
9796 0
0 0
0 0
9799 9814
9800 9802
9801 0
0 0
9803 9809
9804 9806
9805 0
0 0
9807 0
9808 0
0 0
9810 0
9811 9813
9812 0
0 0
0 0
9815 9847
9816 9838
9817 9823
9818 9819
0 0
9820 9821
0 0
9822 0
0 0
9824 9832
9825 9827
9826 0
0 0
9828 9831
9829 9830
0 0
0 0
0 0
9833 9837
9834 0
9835 9836
0 0
0 0
0 0
9839 9841
9840 0
0 0
9842 9843
0 0
9844 9846
9845 0
0 0
0 0
9848 9850
9849 0
0 0
9851 9860
9852 9858
9853 9856
9854 0
9855 0
0 0
9857 0
0 0
9859 0
0 0
9861 9870
9862 0
9863 0
9864 9868
9865 0
9866 0
9867 0
0 0
9869 0
0 0
9871 9872
0 0
9873 9874
0 0
9875 0
9876 0
0 0
9878 9981
9879 9973
9880 9881
0 0
9882 9927
9883 9918
9884 9897
9885 9892
9886 9887
0 0
9888 9890
9889 0
0 0
9891 0
0 0
9893 9895
9894 0
0 0
9896 0
0 0
9898 9908
9899 9900
0 0
9901 9902
0 0
9903 0
9904 0
9905 0
9906 9907
0 0
0 0
9909 9911
9910 0
0 0
9912 9915
9913 0
9914 0
0 0
9916 0
9917 0
0 0
9919 9922
9920 0
9921 0
0 0
9923 9926
9924 9925
0 0
0 0
0 0
9928 9961
9929 9940
9930 9936
9931 9934
9932 0
9933 0
0 0
9935 0
0 0
9937 9938
0 0
9939 0
0 0
9941 9946
9942 9943
0 0
9944 9945
0 0
0 0
9947 0
9948 0
9949 9951
9950 0
0 0
9952 9959
9953 9958
9954 9956
9955 0
0 0
9957 0
0 0
0 0
9960 0
0 0
9962 0
9963 9965
9964 0
0 0
9966 9972
9967 9970
9968 9969
0 0
0 0
9971 0
0 0
0 0
9974 9977
9975 9976
0 0
0 0
9978 9980
9979 0
0 0
0 0
9982 9991
9983 9984
0 0
9985 9990
9986 9988
9987 0
0 0
9989 0
0 0
0 0
9992 0
9993 9997
9994 9996
9995 0
0 0
0 0
9998 9999
0 0
10000 0
0 0
