10000
2 4
3 0
0 0
5 9999
6 8
7 0
0 0
9 0
10 9998
11 9997
12 9994
13 14
0 0
15 9991
16 17
0 0
18 20
19 0
0 0
21 0
22 0
23 0
24 25
0 0
26 9990
27 9988
28 0
29 30
0 0
31 33
32 0
0 0
34 35
0 0
36 9986
37 38
0 0
39 9984
40 9981
41 9979
42 9978
43 45
44 0
0 0
46 0
47 5012
48 2529
49 50
0 0
51 2527
52 2524
53 54
0 0
55 2523
56 2522
57 0
58 2519
59 2518
60 0
61 2515
62 0
63 64
0 0
65 2514
66 2511
67 2508
68 2507
69 0
70 72
71 0
0 0
73 2505
74 76
75 0
0 0
77 79
78 0
0 0
80 2502
81 2499
82 2497
83 2495
84 86
85 0
0 0
87 2493
88 90
89 0
0 0
91 2490
92 2489
93 2486
94 0
95 96
0 0
97 0
98 2485
99 0
100 2483
101 103
102 0
0 0
104 0
105 2481
106 2480
107 2477
108 110
109 0
0 0
111 113
112 0
0 0
114 116
115 0
0 0
117 2474
118 0
119 2473
120 2471
121 2469
122 2467
123 2465
124 126
125 0
0 0
127 129
128 0
0 0
130 2462
131 2460
132 0
133 2459
134 136
135 0
0 0
137 0
138 2458
139 0
140 141
0 0
142 2455
143 0
144 0
145 2454
146 0
147 148
0 0
149 150
0 0
151 0
152 2453
153 155
154 0
0 0
156 2450
157 0
158 159
0 0
160 2449
161 163
162 0
0 0
164 0
165 167
166 0
0 0
168 2446
169 170
0 0
171 1308
172 1306
173 1303
174 175
0 0
176 1300
177 0
178 1297
179 181
180 0
0 0
182 184
183 0
0 0
185 1296
186 1294
187 1292
188 1289
189 191
190 0
0 0
192 1286
193 1284
194 1282
195 197
196 0
0 0
198 1281
199 200
0 0
201 1280
202 204
203 0
0 0
205 1277
206 0
207 1274
208 209
0 0
210 0
211 742
212 476
213 474
214 0
215 0
216 472
217 0
218 471
219 221
220 0
0 0
222 224
223 0
0 0
225 469
226 467
227 464
228 463
229 230
0 0
231 460
232 458
233 235
234 0
0 0
236 455
237 239
238 0
0 0
240 454
241 453
242 452
243 451
244 347
245 344
246 341
247 248
0 0
249 251
250 0
0 0
252 338
253 0
254 337
255 334
256 258
257 0
0 0
259 261
260 0
0 0
262 333
263 0
264 265
0 0
266 330
267 328
268 325
269 0
270 324
271 323
272 0
273 0
274 0
275 320
276 317
277 279
278 0
0 0
280 314
281 283
282 0
0 0
284 0
285 311
286 310
287 307
288 0
289 306
290 304
291 303
292 302
293 295
294 0
0 0
296 0
297 0
298 0
299 0
300 301
0 0
0 0
0 0
0 0
305 0
0 0
0 0
308 0
309 0
0 0
0 0
312 0
313 0
0 0
315 0
316 0
0 0
318 319
0 0
0 0
321 0
322 0
0 0
0 0
0 0
326 0
327 0
0 0
329 0
0 0
331 332
0 0
0 0
0 0
335 0
336 0
0 0
0 0
339 0
340 0
0 0
342 0
343 0
0 0
345 0
346 0
0 0
348 448
349 350
0 0
351 353
352 0
0 0
354 445
355 357
356 0
0 0
358 444
359 441
360 362
361 0
0 0
363 440
364 438
365 436
366 0
367 435
368 432
369 370
0 0
371 372
0 0
373 374
0 0
375 377
376 0
0 0
378 430
379 380
0 0
381 382
0 0
383 384
0 0
385 428
386 426
387 0
388 390
389 0
0 0
391 0
392 425
393 422
394 395
0 0
396 419
397 399
398 0
0 0
400 416
401 413
402 410
403 407
404 406
405 0
0 0
0 0
408 0
409 0
0 0
411 412
0 0
0 0
414 0
415 0
0 0
417 418
0 0
0 0
420 421
0 0
0 0
423 0
424 0
0 0
0 0
427 0
0 0
429 0
0 0
431 0
0 0
433 0
434 0
0 0
0 0
437 0
0 0
439 0
0 0
0 0
442 443
0 0
0 0
0 0
446 0
447 0
0 0
449 450
0 0
0 0
0 0
0 0
0 0
0 0
456 0
457 0
0 0
459 0
0 0
461 0
462 0
0 0
0 0
465 466
0 0
0 0
468 0
0 0
470 0
0 0
0 0
473 0
0 0
475 0
0 0
477 0
478 0
479 481
480 0
0 0
482 0
483 739
484 486
485 0
0 0
487 0
488 736
489 612
490 611
491 608
492 605
493 603
494 600
495 0
496 497
0 0
498 500
499 0
0 0
501 0
502 598
503 505
504 0
0 0
506 0
507 597
508 0
509 511
510 0
0 0
512 596
513 0
514 594
515 593
516 591
517 518
0 0
519 0
520 521
0 0
522 523
0 0
524 588
525 527
526 0
0 0
528 586
529 585
530 532
531 0
0 0
533 0
534 582
535 579
536 0
537 577
538 539
0 0
540 574
541 542
0 0
543 571
544 546
545 0
0 0
547 569
548 549
0 0
550 568
551 0
552 565
553 554
0 0
555 0
556 563
557 559
558 0
0 0
560 0
561 562
0 0
0 0
564 0
0 0
566 567
0 0
0 0
0 0
570 0
0 0
572 573
0 0
0 0
575 576
0 0
0 0
578 0
0 0
580 581
0 0
0 0
583 584
0 0
0 0
0 0
587 0
0 0
589 0
590 0
0 0
592 0
0 0
0 0
595 0
0 0
0 0
0 0
599 0
0 0
601 0
602 0
0 0
604 0
0 0
606 0
607 0
0 0
609 610
0 0
0 0
0 0
613 735
614 615
0 0
616 734
617 619
618 0
0 0
620 622
621 0
0 0
623 732
624 731
625 627
626 0
0 0
628 629
0 0
630 0
631 0
632 633
0 0
634 729
635 726
636 725
637 638
0 0
639 724
640 721
641 718
642 0
643 645
644 0
0 0
646 648
647 0
0 0
649 715
650 714
651 0
652 712
653 654
0 0
655 0
656 710
657 709
658 708
659 707
660 706
661 663
662 0
0 0
664 703
665 683
666 0
667 680
668 679
669 670
0 0
671 672
0 0
673 674
0 0
675 677
676 0
0 0
678 0
0 0
0 0
681 0
682 0
0 0
684 702
685 701
686 688
687 0
0 0
689 700
690 698
691 693
692 0
0 0
694 696
695 0
0 0
697 0
0 0
699 0
0 0
0 0
0 0
0 0
704 705
0 0
0 0
0 0
0 0
0 0
0 0
711 0
0 0
713 0
0 0
0 0
716 717
0 0
0 0
719 0
720 0
0 0
722 723
0 0
0 0
0 0
0 0
727 0
728 0
0 0
730 0
0 0
0 0
733 0
0 0
0 0
0 0
737 0
738 0
0 0
740 0
741 0
0 0
743 744
0 0
745 746
0 0
747 749
748 0
0 0
750 752
751 0
0 0
753 1272
754 1270
755 0
756 1269
757 759
758 0
0 0
760 762
761 0
0 0
763 765
764 0
0 0
766 1268
767 0
768 769
0 0
770 0
771 772
0 0
773 774
0 0
775 1265
776 1263
777 778
0 0
779 0
780 782
781 0
0 0
783 1261
784 785
0 0
786 0
787 0
788 1258
789 791
790 0
0 0
792 793
0 0
794 1257
795 796
0 0
797 1254
798 1025
799 0
800 1022
801 0
802 803
0 0
804 1019
805 807
806 0
0 0
808 1018
809 811
810 0
0 0
812 814
813 0
0 0
815 817
816 0
0 0
818 1017
819 821
820 0
0 0
822 824
823 0
0 0
825 1014
826 1013
827 828
0 0
829 0
830 1011
831 832
0 0
833 835
834 0
0 0
836 1010
837 839
838 0
0 0
840 841
0 0
842 844
843 0
0 0
845 1008
846 0
847 1007
848 0
849 1006
850 1003
851 852
0 0
853 0
854 1000
855 0
856 858
857 0
0 0
859 997
860 0
861 863
862 0
0 0
864 866
865 0
0 0
867 869
868 0
0 0
870 994
871 993
872 990
873 989
874 0
875 986
876 878
877 0
0 0
879 880
0 0
881 984
882 883
0 0
884 982
885 887
886 0
0 0
888 981
889 978
890 0
891 0
892 894
893 0
0 0
895 975
896 0
897 972
898 970
899 969
900 901
0 0
902 967
903 965
904 964
905 961
906 907
0 0
908 909
0 0
910 912
911 0
0 0
913 914
0 0
915 916
0 0
917 958
918 956
919 921
920 0
0 0
922 923
0 0
924 954
925 927
926 0
0 0
928 940
929 930
0 0
931 933
932 0
0 0
934 937
935 936
0 0
0 0
938 0
939 0
0 0
941 942
0 0
943 0
944 952
945 950
946 0
947 948
0 0
949 0
0 0
951 0
0 0
953 0
0 0
955 0
0 0
957 0
0 0
959 960
0 0
0 0
962 963
0 0
0 0
0 0
966 0
0 0
968 0
0 0
0 0
971 0
0 0
973 0
974 0
0 0
976 0
977 0
0 0
979 980
0 0
0 0
0 0
983 0
0 0
985 0
0 0
987 988
0 0
0 0
0 0
991 0
992 0
0 0
0 0
995 996
0 0
0 0
998 0
999 0
0 0
1001 0
1002 0
0 0
1004 0
1005 0
0 0
0 0
0 0
1009 0
0 0
0 0
1012 0
0 0
0 0
1015 1016
0 0
0 0
0 0
0 0
1020 0
1021 0
0 0
1023 0
1024 0
0 0
1026 1027
0 0
1028 1252
1029 1030
0 0
1031 1033
1032 0
0 0
1034 1250
1035 1248
1036 1038
1037 0
0 0
1039 1246
1040 1041
0 0
1042 1044
1043 0
0 0
1045 1243
1046 1048
1047 0
0 0
1049 1051
1050 0
0 0
1052 1240
1053 1238
1054 1056
1055 0
0 0
1057 0
1058 1235
1059 1232
1060 1230
1061 1228
1062 1227
1063 1144
1064 1143
1065 1140
1066 1068
1067 0
0 0
1069 1137
1070 1136
1071 1072
0 0
1073 1134
1074 1076
1075 0
0 0
1077 0
1078 1131
1079 1081
1080 0
0 0
1082 1128
1083 0
1084 1127
1085 1124
1086 1122
1087 1089
1088 0
0 0
1090 1119
1091 0
1092 1116
1093 1115
1094 1095
0 0
1096 1114
1097 1112
1098 1100
1099 0
0 0
1101 1111
1102 1109
1103 0
1104 1105
0 0
1106 1108
1107 0
0 0
0 0
1110 0
0 0
0 0
1113 0
0 0
0 0
0 0
1117 0
1118 0
0 0
1120 1121
0 0
0 0
1123 0
0 0
1125 1126
0 0
0 0
0 0
1129 1130
0 0
0 0
1132 0
1133 0
0 0
1135 0
0 0
0 0
1138 0
1139 0
0 0
1141 1142
0 0
0 0
0 0
1145 0
1146 0
1147 1226
1148 1224
1149 1150
0 0
1151 1221
1152 1218
1153 1154
0 0
1155 1217
1156 1216
1157 1159
1158 0
0 0
1160 1213
1161 1163
1162 0
0 0
1164 1212
1165 0
1166 1210
1167 1207
1168 1205
1169 1202
1170 1201
1171 0
1172 1200
1173 1174
0 0
1175 1198
1176 1195
1177 1192
1178 1180
1179 0
0 0
1181 1190
1182 1184
1183 0
0 0
1185 0
1186 1187
0 0
1188 1189
0 0
0 0
1191 0
0 0
1193 1194
0 0
0 0
1196 1197
0 0
0 0
1199 0
0 0
0 0
0 0
1203 1204
0 0
0 0
1206 0
0 0
1208 1209
0 0
0 0
1211 0
0 0
0 0
1214 0
1215 0
0 0
0 0
0 0
1219 1220
0 0
0 0
1222 0
1223 0
0 0
1225 0
0 0
0 0
0 0
1229 0
0 0
1231 0
0 0
1233 0
1234 0
0 0
1236 1237
0 0
0 0
1239 0
0 0
1241 0
1242 0
0 0
1244 0
1245 0
0 0
1247 0
0 0
1249 0
0 0
1251 0
0 0
1253 0
0 0
1255 0
1256 0
0 0
0 0
1259 1260
0 0
0 0
1262 0
0 0
1264 0
0 0
1266 0
1267 0
0 0
0 0
0 0
1271 0
0 0
1273 0
0 0
1275 0
1276 0
0 0
1278 0
1279 0
0 0
0 0
0 0
1283 0
0 0
1285 0
0 0
1287 1288
0 0
0 0
1290 0
1291 0
0 0
1293 0
0 0
1295 0
0 0
0 0
1298 0
1299 0
0 0
1301 1302
0 0
0 0
1304 0
1305 0
0 0
1307 0
0 0
1309 2445
1310 1312
1311 0
0 0
1313 2442
1314 1315
0 0
1316 0
1317 2440
1318 2438
1319 0
1320 2435
1321 0
1322 1323
0 0
1324 2432
1325 1878
1326 0
1327 1328
0 0
1329 1330
0 0
1331 1875
1332 1872
1333 1870
1334 0
1335 1867
1336 1865
1337 0
1338 1864
1339 1862
1340 1860
1341 1857
1342 1854
1343 0
1344 1346
1345 0
0 0
1347 1852
1348 0
1349 1350
0 0
1351 0
1352 1850
1353 1847
1354 1844
1355 1842
1356 1840
1357 1837
1358 1359
0 0
1360 1361
0 0
1362 1835
1363 1834
1364 1366
1365 0
0 0
1367 1369
1368 0
0 0
1370 1832
1371 1372
0 0
1373 1375
1374 0
0 0
1376 1378
1377 0
0 0
1379 0
1380 1829
1381 1382
0 0
1383 1385
1384 0
0 0
1386 1388
1387 0
0 0
1389 1828
1390 1825
1391 1393
1392 0
0 0
1394 1396
1395 0
0 0
1397 1399
1398 0
0 0
1400 1822
1401 1820
1402 1403
0 0
1404 1818
1405 0
1406 1815
1407 1610
1408 1609
1409 1410
0 0
1411 0
1412 1414
1413 0
0 0
1415 1416
0 0
1417 1606
1418 0
1419 1512
1420 1509
1421 0
1422 1506
1423 1425
1424 0
0 0
1426 1505
1427 0
1428 1429
0 0
1430 1432
1431 0
0 0
1433 1435
1434 0
0 0
1436 1438
1437 0
0 0
1439 1504
1440 1442
1441 0
0 0
1443 1503
1444 0
1445 1447
1446 0
0 0
1448 1501
1449 1451
1450 0
0 0
1452 1499
1453 1498
1454 1495
1455 1493
1456 1458
1457 0
0 0
1459 1461
1460 0
0 0
1462 0
1463 1464
0 0
1465 1467
1466 0
0 0
1468 1492
1469 1491
1470 1490
1471 1489
1472 0
1473 1488
1474 1475
0 0
1476 1487
1477 0
1478 1485
1479 1482
1480 1481
0 0
0 0
1483 1484
0 0
0 0
1486 0
0 0
0 0
0 0
0 0
0 0
0 0
0 0
1494 0
0 0
1496 0
1497 0
0 0
0 0
1500 0
0 0
1502 0
0 0
0 0
0 0
0 0
1507 0
1508 0
0 0
1510 1511
0 0
0 0
1513 1603
1514 1601
1515 1600
1516 1517
0 0
1518 1520
1519 0
0 0
1521 1599
1522 1596
1523 0
1524 1593
1525 1526
0 0
1527 1529
1528 0
0 0
1530 1590
1531 1589
1532 1588
1533 1534
0 0
1535 0
1536 1586
1537 1584
1538 1581
1539 1541
1540 0
0 0
1542 1543
0 0
1544 1579
1545 1578
1546 1575
1547 1573
1548 1572
1549 1571
1550 1552
1551 0
0 0
1553 1555
1554 0
0 0
1556 1569
1557 1567
1558 0
1559 1560
0 0
1561 1565
1562 0
1563 1564
0 0
0 0
1566 0
0 0
1568 0
0 0
1570 0
0 0
0 0
0 0
1574 0
0 0
1576 0
1577 0
0 0
0 0
1580 0
0 0
1582 0
1583 0
0 0
1585 0
0 0
1587 0
0 0
0 0
0 0
1591 1592
0 0
0 0
1594 0
1595 0
0 0
1597 0
1598 0
0 0
0 0
0 0
1602 0
0 0
1604 1605
0 0
0 0
1607 1608
0 0
0 0
0 0
1611 0
1612 1613
0 0
1614 0
1615 1617
1616 0
0 0
1618 0
1619 1620
0 0
1621 1717
1622 0
1623 1624
0 0
1625 1626
0 0
1627 1715
1628 1714
1629 0
1630 0
1631 1713
1632 0
1633 1711
1634 1708
1635 1706
1636 1637
0 0
1638 0
1639 1641
1640 0
0 0
1642 1703
1643 1645
1644 0
0 0
1646 1702
1647 1700
1648 1699
1649 0
1650 1696
1651 0
1652 1654
1653 0
0 0
1655 1693
1656 1658
1657 0
0 0
1659 1660
0 0
1661 1690
1662 1687
1663 1684
1664 1681
1665 1666
0 0
1667 0
1668 1678
1669 1675
1670 1671
0 0
1672 1673
0 0
1674 0
0 0
1676 0
1677 0
0 0
1679 0
1680 0
0 0
1682 0
1683 0
0 0
1685 0
1686 0
0 0
1688 1689
0 0
0 0
1691 1692
0 0
0 0
1694 1695
0 0
0 0
1697 0
1698 0
0 0
0 0
1701 0
0 0
0 0
1704 0
1705 0
0 0
1707 0
0 0
1709 0
1710 0
0 0
1712 0
0 0
0 0
0 0
1716 0
0 0
1718 1812
1719 1720
0 0
1721 1810
1722 1809
1723 1806
1724 1804
1725 1803
1726 1801
1727 1798
1728 1729
0 0
1730 0
1731 1732
0 0
1733 1796
1734 1795
1735 1737
1736 0
0 0
1738 0
1739 1741
1740 0
0 0
1742 0
1743 1744
0 0
1745 1747
1746 0
0 0
1748 0
1749 1794
1750 1751
0 0
1752 1754
1753 0
0 0
1755 1756
0 0
1757 1758
0 0
1759 1793
1760 1791
1761 0
1762 0
1763 1788
1764 1786
1765 1783
1766 1781
1767 0
1768 1779
1769 1777
1770 1776
1771 1773
1772 0
0 0
1774 0
1775 0
0 0
0 0
1778 0
0 0
1780 0
0 0
1782 0
0 0
1784 1785
0 0
0 0
1787 0
0 0
1789 0
1790 0
0 0
1792 0
0 0
0 0
0 0
0 0
1797 0
0 0
1799 1800
0 0
0 0
1802 0
0 0
0 0
1805 0
0 0
1807 0
1808 0
0 0
0 0
1811 0
0 0
1813 0
1814 0
0 0
1816 1817
0 0
0 0
1819 0
0 0
1821 0
0 0
1823 1824
0 0
0 0
1826 1827
0 0
0 0
0 0
1830 0
1831 0
0 0
1833 0
0 0
0 0
1836 0
0 0
1838 1839
0 0
0 0
1841 0
0 0
1843 0
0 0
1845 1846
0 0
0 0
1848 1849
0 0
0 0
1851 0
0 0
1853 0
0 0
1855 1856
0 0
0 0
1858 0
1859 0
0 0
1861 0
0 0
1863 0
0 0
0 0
1866 0
0 0
1868 0
1869 0
0 0
1871 0
0 0
1873 1874
0 0
0 0
1876 1877
0 0
0 0
1879 1881
1880 0
0 0
1882 0
1883 1885
1884 0
0 0
1886 2430
1887 2429
1888 1890
1889 0
0 0
1891 1893
1892 0
0 0
1894 0
1895 1897
1896 0
0 0
1898 0
1899 1900
0 0
1901 2428
1902 0
1903 0
1904 2426
1905 1906
0 0
1907 1909
1908 0
0 0
1910 0
1911 1912
0 0
1913 2423
1914 2422
1915 1916
0 0
1917 1918
0 0
1919 0
1920 1922
1921 0
0 0
1923 2420
1924 0
1925 0
1926 1927
0 0
1928 1930
1929 0
0 0
1931 1932
0 0
1933 2417
1934 2414
1935 2412
1936 2411
1937 2409
1938 1940
1939 0
0 0
1941 2406
1942 2404
1943 2401
1944 0
1945 1946
0 0
1947 2398
1948 2172
1949 2169
1950 1951
0 0
1952 0
1953 2166
1954 2163
1955 1956
0 0
1957 2162
1958 2160
1959 2158
1960 1961
0 0
1962 1963
0 0
1964 2157
1965 0
1966 1968
1967 0
0 0
1969 2154
1970 2151
1971 2149
1972 1974
1973 0
0 0
1975 2146
1976 2145
1977 2144
1978 2143
1979 0
1980 2061
1981 1982
0 0
1983 1984
0 0
1985 2059
1986 1987
0 0
1988 2056
1989 1990
0 0
1991 0
1992 0
1993 2053
1994 2050
1995 1996
0 0
1997 1999
1998 0
0 0
2000 2049
2001 2047
2002 2004
2003 0
0 0
2005 2044
2006 2043
2007 2041
2008 2038
2009 2010
0 0
2011 0
2012 2037
2013 2036
2014 2035
2015 2033
2016 2030
2017 2029
2018 2019
0 0
2020 2026
2021 2025
2022 0
2023 0
2024 0
0 0
0 0
2027 2028
0 0
0 0
0 0
2031 2032
0 0
0 0
2034 0
0 0
0 0
0 0
0 0
2039 0
2040 0
0 0
2042 0
0 0
0 0
2045 0
2046 0
0 0
2048 0
0 0
0 0
2051 2052
0 0
0 0
2054 2055
0 0
0 0
2057 2058
0 0
0 0
2060 0
0 0
2062 2140
2063 2065
2064 0
0 0
2066 2138
2067 2136
2068 2134
2069 2070
0 0
2071 2131
2072 2130
2073 2075
2074 0
0 0
2076 2077
0 0
2078 2129
2079 2081
2080 0
0 0
2082 2128
2083 0
2084 2125
2085 2123
2086 0
2087 2104
2088 2090
2089 0
0 0
2091 2093
2092 0
0 0
2094 0
2095 0
2096 2101
2097 2098
0 0
2099 0
2100 0
0 0
2102 0
2103 0
0 0
2105 2121
2106 0
2107 2119
2108 0
2109 2117
2110 2116
2111 0
2112 2114
2113 0
0 0
2115 0
0 0
0 0
2118 0
0 0
2120 0
0 0
2122 0
0 0
2124 0
0 0
2126 2127
0 0
0 0
0 0
0 0
0 0
2132 0
2133 0
0 0
2135 0
0 0
2137 0
0 0
2139 0
0 0
2141 0
2142 0
0 0
0 0
0 0
0 0
2147 0
2148 0
0 0
2150 0
0 0
2152 0
2153 0
0 0
2155 0
2156 0
0 0
0 0
2159 0
0 0
2161 0
0 0
0 0
2164 0
2165 0
0 0
2167 2168
0 0
0 0
2170 2171
0 0
0 0
2173 2397
2174 2175
0 0
2176 2177
0 0
2178 2395
2179 2394
2180 2393
2181 2183
2182 0
0 0
2184 0
2185 2186
0 0
2187 2390
2188 2387
2189 2190
0 0
2191 2386
2192 2194
2193 0
0 0
2195 2384
2196 2381
2197 2199
2198 0
0 0
2200 0
2201 0
2202 2204
2203 0
0 0
2205 2207
2206 0
0 0
2208 2378
2209 2377
2210 2376
2211 2374
2212 2214
2213 0
0 0
2215 0
2216 2217
0 0
2218 2219
0 0
2220 2372
2221 0
2222 2371
2223 2224
0 0
2225 2369
2226 2368
2227 2297
2228 2230
2229 0
0 0
2231 0
2232 2294
2233 0
2234 2293
2235 2292
2236 2237
0 0
2238 2240
2239 0
0 0
2241 2242
0 0
2243 2245
2244 0
0 0
2246 0
2247 2289
2248 2250
2249 0
0 0
2251 2286
2252 2285
2253 2254
0 0
2255 2257
2256 0
0 0
2258 2284
2259 0
2260 0
2261 2282
2262 2279
2263 2278
2264 0
2265 2275
2266 2268
2267 0
0 0
2269 2271
2270 0
0 0
2272 2273
0 0
2274 0
0 0
2276 2277
0 0
0 0
0 0
2280 0
2281 0
0 0
2283 0
0 0
0 0
0 0
2287 0
2288 0
0 0
2290 2291
0 0
0 0
0 0
0 0
2295 2296
0 0
0 0
2298 0
2299 2365
2300 0
2301 2303
2302 0
0 0
2304 2364
2305 0
2306 2307
0 0
2308 2335
2309 2310
0 0
2311 2313
2312 0
0 0
2314 2332
2315 2331
2316 2317
0 0
2318 2319
0 0
2320 2328
2321 2327
2322 2324
2323 0
0 0
2325 2326
0 0
0 0
0 0
2329 2330
0 0
0 0
0 0
2333 2334
0 0
0 0
2336 2362
2337 2361
2338 0
2339 2340
0 0
2341 0
2342 2343
0 0
2344 2360
2345 2358
2346 2347
0 0
2348 0
2349 2355
2350 2352
2351 0
0 0
2353 0
2354 0
0 0
2356 2357
0 0
0 0
2359 0
0 0
0 0
0 0
2363 0
0 0
0 0
2366 0
2367 0
0 0
0 0
2370 0
0 0
0 0
2373 0
0 0
2375 0
0 0
0 0
0 0
2379 0
2380 0
0 0
2382 2383
0 0
0 0
2385 0
0 0
0 0
2388 2389
0 0
0 0
2391 2392
0 0
0 0
0 0
0 0
2396 0
0 0
0 0
2399 0
2400 0
0 0
2402 2403
0 0
0 0
2405 0
0 0
2407 2408
0 0
0 0
2410 0
0 0
0 0
2413 0
0 0
2415 2416
0 0
0 0
2418 2419
0 0
0 0
2421 0
0 0
0 0
2424 0
2425 0
0 0
2427 0
0 0
0 0
0 0
2431 0
0 0
2433 2434
0 0
0 0
2436 0
2437 0
0 0
2439 0
0 0
2441 0
0 0
2443 2444
0 0
0 0
0 0
2447 2448
0 0
0 0
0 0
2451 0
2452 0
0 0
0 0
0 0
2456 2457
0 0
0 0
0 0
0 0
2461 0
0 0
2463 0
2464 0
0 0
2466 0
0 0
2468 0
0 0
2470 0
0 0
2472 0
0 0
0 0
2475 0
2476 0
0 0
2478 0
2479 0
0 0
0 0
2482 0
0 0
2484 0
0 0
0 0
2487 2488
0 0
0 0
0 0
2491 0
2492 0
0 0
2494 0
0 0
2496 0
0 0
2498 0
0 0
2500 0
2501 0
0 0
2503 2504
0 0
0 0
2506 0
0 0
0 0
2509 2510
0 0
0 0
2512 2513
0 0
0 0
0 0
2516 2517
0 0
0 0
0 0
2520 2521
0 0
0 0
0 0
0 0
2525 0
2526 0
0 0
2528 0
0 0
2530 5010
2531 0
2532 5007
2533 2534
0 0
2535 0
2536 0
2537 5006
2538 5004
2539 2541
2540 0
0 0
2542 5003
2543 2545
2544 0
0 0
2546 5000
2547 4997
2548 0
2549 4996
2550 4993
2551 0
2552 2553
0 0
2554 0
2555 4992
2556 4991
2557 2558
0 0
2559 4988
2560 4985
2561 0
2562 2563
0 0
2564 4982
2565 0
2566 4980
2567 4979
2568 4977
2569 4976
2570 2572
2571 0
0 0
2573 4975
2574 4972
2575 4970
2576 4969
2577 4966
2578 4964
2579 2580
0 0
2581 4963
2582 4960
2583 4958
2584 2586
2585 0
0 0
2587 2588
0 0
2589 4957
2590 3773
2591 2592
0 0
2593 3770
2594 3769
2595 0
2596 2597
0 0
2598 2599
0 0
2600 2601
0 0
2602 2604
2603 0
0 0
2605 3768
2606 2608
2607 0
0 0
2609 2611
2610 0
0 0
2612 0
2613 3767
2614 2615
0 0
2616 2618
2617 0
0 0
2619 2621
2620 0
0 0
2622 3764
2623 3761
2624 3758
2625 3757
2626 2627
0 0
2628 0
2629 3754
2630 2631
0 0
2632 2633
0 0
2634 2635
0 0
2636 3753
2637 3751
2638 2639
0 0
2640 3748
2641 3747
2642 3745
2643 2645
2644 0
0 0
2646 2647
0 0
2648 3742
2649 0
2650 3739
2651 3737
2652 0
2653 2655
2654 0
0 0
2656 3735
2657 3732
2658 3731
2659 0
2660 3728
2661 2662
0 0
2663 3725
2664 3722
2665 3721
2666 3720
2667 2668
0 0
2669 3194
2670 3193
2671 2931
2672 2929
2673 2927
2674 2675
0 0
2676 0
2677 0
2678 2926
2679 2924
2680 0
2681 2683
2682 0
0 0
2684 2923
2685 2920
2686 2919
2687 2916
2688 2914
2689 2912
2690 0
2691 2909
2692 2906
2693 2904
2694 2901
2695 2900
2696 2899
2697 2896
2698 2699
0 0
2700 2895
2701 2703
2702 0
0 0
2704 0
2705 2894
2706 2893
2707 2891
2708 2889
2709 2888
2710 2712
2711 0
0 0
2713 2715
2714 0
0 0
2716 2887
2717 2886
2718 2801
2719 2800
2720 2759
2721 2722
0 0
2723 2724
0 0
2725 2756
2726 0
2727 2741
2728 2738
2729 2730
0 0
2731 2736
2732 2735
2733 2734
0 0
0 0
0 0
2737 0
0 0
2739 2740
0 0
0 0
2742 2755
2743 2752
2744 2745
0 0
2746 2747
0 0
2748 2750
2749 0
0 0
2751 0
0 0
2753 0
2754 0
0 0
0 0
2757 0
2758 0
0 0
2760 0
2761 2797
2762 2794
2763 2793
2764 2765
0 0
2766 0
2767 2790
2768 2788
2769 2786
2770 2771
0 0
2772 2773
0 0
2774 2775
0 0
2776 2780
2777 0
2778 2779
0 0
0 0
2781 2783
2782 0
0 0
2784 0
2785 0
0 0
2787 0
0 0
2789 0
0 0
2791 2792
0 0
0 0
0 0
2795 2796
0 0
0 0
2798 2799
0 0
0 0
0 0
2802 2885
2803 0
2804 2844
2805 2807
2806 0
0 0
2808 2841
2809 2811
2810 0
0 0
2812 2838
2813 2836
2814 2835
2815 2824
2816 2817
0 0
2818 2821
2819 2820
0 0
0 0
2822 2823
0 0
0 0
2825 2833
2826 2827
0 0
2828 2829
0 0
2830 2832
2831 0
0 0
0 0
2834 0
0 0
0 0
2837 0
0 0
2839 2840
0 0
0 0
2842 2843
0 0
0 0
2845 0
2846 2848
2847 0
0 0
2849 2882
2850 2881
2851 2878
2852 2877
2853 2855
2854 0
0 0
2856 2858
2857 0
0 0
2859 2861
2860 0
0 0
2862 2876
2863 2865
2864 0
0 0
2866 0
2867 0
2868 2875
2869 2871
2870 0
0 0
2872 2874
2873 0
0 0
0 0
0 0
0 0
0 0
2879 0
2880 0
0 0
0 0
2883 2884
0 0
0 0
0 0
0 0
0 0
0 0
2890 0
0 0
2892 0
0 0
0 0
0 0
0 0
2897 0
2898 0
0 0
0 0
0 0
2902 0
2903 0
0 0
2905 0
0 0
2907 0
2908 0
0 0
2910 0
2911 0
0 0
2913 0
0 0
2915 0
0 0
2917 2918
0 0
0 0
0 0
2921 2922
0 0
0 0
0 0
2925 0
0 0
0 0
2928 0
0 0
2930 0
0 0
2932 0
2933 3192
2934 2935
0 0
2936 3191
2937 3188
2938 0
2939 3187
2940 3185
2941 3184
2942 3183
2943 3180
2944 3177
2945 2947
2946 0
0 0
2948 2949
0 0
2950 0
2951 0
2952 3174
2953 0
2954 3171
2955 3168
2956 2958
2957 0
0 0
2959 2960
0 0
2961 3167
2962 3164
2963 2965
2964 0
0 0
2966 3163
2967 0
2968 3160
2969 2971
2970 0
0 0
2972 0
2973 0
2974 3158
2975 3155
2976 2977
0 0
2978 3154
2979 2981
2980 0
0 0
2982 2983
0 0
2984 2986
2985 0
0 0
2987 0
2988 3152
2989 3150
2990 2992
2991 0
0 0
2993 2995
2994 0
0 0
2996 2998
2997 0
0 0
2999 3001
3000 0
0 0
3002 3004
3003 0
0 0
3005 3147
3006 3008
3007 0
0 0
3009 3077
3010 3074
3011 3012
0 0
3013 3014
0 0
3015 3072
3016 3070
3017 3019
3018 0
0 0
3020 3068
3021 3065
3022 3023
0 0
3024 0
3025 3062
3026 3060
3027 3029
3028 0
0 0
3030 3058
3031 3057
3032 3044
3033 3041
3034 3040
3035 0
3036 3037
0 0
3038 3039
0 0
0 0
0 0
3042 0
3043 0
0 0
3045 3047
3046 0
0 0
3048 3056
3049 3053
3050 0
3051 0
3052 0
0 0
3054 3055
0 0
0 0
0 0
0 0
3059 0
0 0
3061 0
0 0
3063 3064
0 0
0 0
3066 0
3067 0
0 0
3069 0
0 0
3071 0
0 0
3073 0
0 0
3075 0
3076 0
0 0
3078 3145
3079 3143
3080 3082
3081 0
0 0
3083 3142
3084 3085
0 0
3086 3139
3087 3138
3088 3137
3089 0
3090 0
3091 0
3092 3134
3093 3094
0 0
3095 3133
3096 3097
0 0
3098 3100
3099 0
0 0
3101 3131
3102 3129
3103 3115
3104 3114
3105 0
3106 3111
3107 0
3108 0
3109 0
3110 0
0 0
3112 0
3113 0
0 0
0 0
3116 3126
3117 3124
3118 3122
3119 3121
3120 0
0 0
0 0
3123 0
0 0
3125 0
0 0
3127 0
3128 0
0 0
3130 0
0 0
3132 0
0 0
0 0
3135 0
3136 0
0 0
0 0
0 0
3140 3141
0 0
0 0
0 0
3144 0
0 0
3146 0
0 0
3148 0
3149 0
0 0
3151 0
0 0
3153 0
0 0
0 0
3156 3157
0 0
0 0
3159 0
0 0
3161 0
3162 0
0 0
0 0
3165 3166
0 0
0 0
0 0
3169 0
3170 0
0 0
3172 0
3173 0
0 0
3175 3176
0 0
0 0
3178 0
3179 0
0 0
3181 0
3182 0
0 0
0 0
0 0
3186 0
0 0
0 0
3189 0
3190 0
0 0
0 0
0 0
0 0
3195 0
3196 3198
3197 0
0 0
3199 3201
3200 0
0 0
3202 0
3203 3204
0 0
3205 3719
3206 3207
0 0
3208 3718
3209 0
3210 3212
3211 0
0 0
3213 0
3214 3715
3215 3216
0 0
3217 3218
0 0
3219 3220
0 0
3221 0
3222 3713
3223 0
3224 3225
0 0
3226 3228
3227 0
0 0
3229 3711
3230 3708
3231 3233
3232 0
0 0
3234 3707
3235 3237
3236 0
0 0
3238 0
3239 3240
0 0
3241 3705
3242 3243
0 0
3244 0
3245 3247
3246 0
0 0
3248 0
3249 3704
3250 3251
0 0
3252 3702
3253 3701
3254 3699
3255 3698
3256 3257
0 0
3258 3260
3259 0
0 0
3261 3695
3262 3692
3263 3690
3264 3687
3265 3686
3266 3268
3267 0
0 0
3269 3685
3270 3682
3271 3680
3272 3273
0 0
3274 3275
0 0
3276 3277
0 0
3278 3677
3279 3676
3280 3282
3281 0
0 0
3283 0
3284 3675
3285 3287
3286 0
0 0
3288 0
3289 3291
3290 0
0 0
3292 3674
3293 3673
3294 0
3295 0
3296 0
3297 3299
3298 0
0 0
3300 0
3301 0
3302 3672
3303 3304
0 0
3305 0
3306 3308
3307 0
0 0
3309 3670
3310 3311
0 0
3312 3313
0 0
3314 3315
0 0
3316 3317
0 0
3318 3669
3319 3668
3320 3321
0 0
3322 0
3323 3666
3324 3665
3325 3327
3326 0
0 0
3328 0
3329 3331
3330 0
0 0
3332 3664
3333 3661
3334 3335
0 0
3336 3658
3337 3655
3338 3654
3339 0
3340 3342
3341 0
0 0
3343 3652
3344 3650
3345 3346
0 0
3347 3348
0 0
3349 3351
3350 0
0 0
3352 3648
3353 0
3354 3646
3355 3643
3356 3641
3357 3639
3358 3636
3359 3633
3360 3362
3361 0
0 0
3363 3364
0 0
3365 3366
0 0
3367 3630
3368 3629
3369 3626
3370 0
3371 3623
3372 3622
3373 3620
3374 3376
3375 0
0 0
3377 3618
3378 3615
3379 3612
3380 3382
3381 0
0 0
3383 3609
3384 0
3385 3387
3386 0
0 0
3388 3390
3389 0
0 0
3391 3499
3392 3393
0 0
3394 0
3395 3396
0 0
3397 0
3398 3400
3399 0
0 0
3401 3402
0 0
3403 3498
3404 3405
0 0
3406 3496
3407 0
3408 3410
3409 0
0 0
3411 0
3412 3414
3413 0
0 0
3415 3416
0 0
3417 3494
3418 3419
0 0
3420 3421
0 0
3422 3423
0 0
3424 3491
3425 3426
0 0
3427 3489
3428 3487
3429 3431
3430 0
0 0
3432 0
3433 3484
3434 3435
0 0
3436 3482
3437 0
3438 3439
0 0
3440 3442
3441 0
0 0
3443 3445
3444 0
0 0
3446 3447
0 0
3448 3481
3449 0
3450 3479
3451 3478
3452 3476
3453 3455
3454 0
0 0
3456 3457
0 0
3458 3460
3459 0
0 0
3461 3473
3462 0
3463 3464
0 0
3465 3467
3466 0
0 0
3468 3469
0 0
3470 3472
3471 0
0 0
0 0
3474 0
3475 0
0 0
3477 0
0 0
0 0
3480 0
0 0
0 0
3483 0
0 0
3485 3486
0 0
0 0
3488 0
0 0
3490 0
0 0
3492 0
3493 0
0 0
3495 0
0 0
3497 0
0 0
0 0
3500 3608
3501 3605
3502 3603
3503 3602
3504 0
3505 3601
3506 3598
3507 3596
3508 0
3509 3511
3510 0
0 0
3512 3514
3513 0
0 0
3515 3516
0 0
3517 3594
3518 3592
3519 3591
3520 3589
3521 3588
3522 3587
3523 3524
0 0
3525 3585
3526 3584
3527 3529
3528 0
0 0
3530 3583
3531 3581
3532 3533
0 0
3534 0
3535 0
3536 3578
3537 3538
0 0
3539 3576
3540 0
3541 0
3542 3544
3543 0
0 0
3545 0
3546 3575
3547 3573
3548 3571
3549 3551
3550 0
0 0
3552 0
3553 3570
3554 3555
0 0
3556 3569
3557 3568
3558 3565
3559 3562
3560 0
3561 0
0 0
3563 0
3564 0
0 0
3566 0
3567 0
0 0
0 0
0 0
0 0
3572 0
0 0
3574 0
0 0
0 0
3577 0
0 0
3579 0
3580 0
0 0
3582 0
0 0
0 0
0 0
3586 0
0 0
0 0
0 0
3590 0
0 0
0 0
3593 0
0 0
3595 0
0 0
3597 0
0 0
3599 3600
0 0
0 0
0 0
0 0
3604 0
0 0
3606 3607
0 0
0 0
0 0
3610 0
3611 0
0 0
3613 0
3614 0
0 0
3616 3617
0 0
0 0
3619 0
0 0
3621 0
0 0
0 0
3624 3625
0 0
0 0
3627 0
3628 0
0 0
0 0
3631 0
3632 0
0 0
3634 0
3635 0
0 0
3637 0
3638 0
0 0
3640 0
0 0
3642 0
0 0
3644 0
3645 0
0 0
3647 0
0 0
3649 0
0 0
3651 0
0 0
3653 0
0 0
0 0
3656 0
3657 0
0 0
3659 0
3660 0
0 0
3662 3663
0 0
0 0
0 0
0 0
3667 0
0 0
0 0
0 0
3671 0
0 0
0 0
0 0
0 0
0 0
0 0
3678 3679
0 0
0 0
3681 0
0 0
3683 3684
0 0
0 0
0 0
0 0
3688 3689
0 0
0 0
3691 0
0 0
3693 0
3694 0
0 0
3696 3697
0 0
0 0
0 0
3700 0
0 0
0 0
3703 0
0 0
0 0
3706 0
0 0
0 0
3709 3710
0 0
0 0
3712 0
0 0
3714 0
0 0
3716 0
3717 0
0 0
0 0
0 0
0 0
0 0
3723 3724
0 0
0 0
3726 0
3727 0
0 0
3729 3730
0 0
0 0
0 0
3733 3734
0 0
0 0
3736 0
0 0
3738 0
0 0
3740 3741
0 0
0 0
3743 0
3744 0
0 0
3746 0
0 0
0 0
3749 3750
0 0
0 0
3752 0
0 0
0 0
3755 0
3756 0
0 0
0 0
3759 0
3760 0
0 0
3762 0
3763 0
0 0
3765 0
3766 0
0 0
0 0
0 0
0 0
3771 3772
0 0
0 0
3774 3775
0 0
3776 4954
3777 4953
3778 3780
3779 0
0 0
3781 3782
0 0
3783 4950
3784 4949
3785 3787
3786 0
0 0
3788 0
3789 4947
3790 4944
3791 4943
3792 4942
3793 3794
0 0
3795 3796
0 0
3797 4939
3798 4937
3799 0
3800 3801
0 0
3802 4934
3803 4933
3804 0
3805 4931
3806 0
3807 3809
3808 0
0 0
3810 4929
3811 4926
3812 3814
3813 0
0 0
3815 4923
3816 3817
0 0
3818 3820
3819 0
0 0
3821 0
3822 0
3823 4920
3824 4917
3825 3826
0 0
3827 3829
3828 0
0 0
3830 4916
3831 4915
3832 0
3833 3834
0 0
3835 4912
3836 0
3837 4911
3838 4908
3839 4905
3840 4902
3841 4899
3842 4896
3843 3844
0 0
3845 0
3846 4894
3847 4892
3848 3850
3849 0
0 0
3851 4891
3852 3853
0 0
3854 4888
3855 0
3856 4887
3857 0
3858 3860
3859 0
0 0
3861 3863
3862 0
0 0
3864 4885
3865 4882
3866 3867
0 0
3868 4881
3869 0
3870 4878
3871 3872
0 0
3873 3875
3874 0
0 0
3876 4877
3877 4876
3878 3880
3879 0
0 0
3881 3883
3882 0
0 0
3884 3886
3885 0
0 0
3887 4873
3888 4872
3889 3890
0 0
3891 4869
3892 0
3893 4867
3894 3896
3895 0
0 0
3897 3899
3898 0
0 0
3900 4866
3901 4864
3902 4863
3903 4860
3904 0
3905 0
3906 4858
3907 4857
3908 0
3909 3910
0 0
3911 4854
3912 0
3913 4851
3914 3915
0 0
3916 0
3917 3918
0 0
3919 3920
0 0
3921 4849
3922 3924
3923 0
0 0
3925 0
3926 3928
3927 0
0 0
3929 0
3930 4848
3931 3933
3932 0
0 0
3934 4847
3935 4846
3936 3937
0 0
3938 3939
0 0
3940 3942
3941 0
0 0
3943 4844
3944 3946
3945 0
0 0
3947 3948
0 0
3949 0
3950 3952
3951 0
0 0
3953 4842
3954 4840
3955 4838
3956 4836
3957 3958
0 0
3959 4835
3960 3961
0 0
3962 3963
0 0
3964 0
3965 4832
3966 3967
0 0
3968 4829
3969 4828
3970 4398
3971 4397
3972 4394
3973 3974
0 0
3975 4393
3976 0
3977 4392
3978 0
3979 4185
3980 4183
3981 4181
3982 0
3983 3985
3984 0
0 0
3986 4180
3987 4179
3988 0
3989 4083
3990 3992
3991 0
0 0
3993 3995
3994 0
0 0
3996 4082
3997 3998
0 0
3999 4081
4000 4080
4001 4077
4002 4076
4003 4074
4004 4072
4005 4006
0 0
4007 4071
4008 0
4009 4010
0 0
4011 0
4012 4014
4013 0
0 0
4015 4069
4016 4066
4017 0
4018 4065
4019 4021
4020 0
0 0
4022 4062
4023 4060
4024 4057
4025 0
4026 4056
4027 0
4028 4041
4029 4039
4030 4031
0 0
4032 4034
4033 0
0 0
4035 4037
4036 0
0 0
4038 0
0 0
4040 0
0 0
4042 4055
4043 4045
4044 0
0 0
4046 4053
4047 4052
4048 4049
0 0
4050 0
4051 0
0 0
0 0
4054 0
0 0
0 0
0 0
4058 0
4059 0
0 0
4061 0
0 0
4063 0
4064 0
0 0
0 0
4067 0
4068 0
0 0
4070 0
0 0
0 0
4073 0
0 0
4075 0
0 0
0 0
4078 0
4079 0
0 0
0 0
0 0
0 0
4084 4178
4085 4177
4086 4088
4087 0
0 0
4089 4176
4090 4091
0 0
4092 4175
4093 4174
4094 4172
4095 0
4096 4097
0 0
4098 0
4099 4101
4100 0
0 0
4102 4171
4103 0
4104 4105
0 0
4106 0
4107 4108
0 0
4109 4169
4110 4112
4111 0
0 0
4113 4114
0 0
4115 4167
4116 4117
0 0
4118 4166
4119 4121
4120 0
0 0
4122 4164
4123 0
4124 4161
4125 4142
4126 4141
4127 4129
4128 0
0 0
4130 4139
4131 4132
0 0
4133 4135
4134 0
0 0
4136 4137
0 0
4138 0
0 0
4140 0
0 0
0 0
4143 0
4144 4160
4145 0
4146 4158
4147 4155
4148 4150
4149 0
0 0
4151 0
4152 0
4153 0
4154 0
0 0
4156 4157
0 0
0 0
4159 0
0 0
0 0
4162 0
4163 0
0 0
4165 0
0 0
0 0
4168 0
0 0
4170 0
0 0
0 0
4173 0
0 0
0 0
0 0
0 0
0 0
0 0
0 0
0 0
4182 0
0 0
4184 0
0 0
4186 0
4187 0
4188 4389
4189 4191
4190 0
0 0
4192 4387
4193 4195
4194 0
0 0
4196 4385
4197 4198
0 0
4199 4201
4200 0
0 0
4202 0
4203 4383
4204 4380
4205 4207
4206 0
0 0
4208 4209
0 0
4210 4212
4211 0
0 0
4213 4215
4214 0
0 0
4216 4217
0 0
4218 4379
4219 4221
4220 0
0 0
4222 4377
4223 4376
4224 4374
4225 4299
4226 4227
0 0
4228 4296
4229 4293
4230 4232
4231 0
0 0
4233 4291
4234 4235
0 0
4236 4288
4237 4285
4238 4282
4239 4241
4240 0
0 0
4242 4280
4243 4278
4244 4277
4245 4274
4246 4248
4247 0
0 0
4249 4251
4250 0
0 0
4252 4271
4253 4269
4254 4266
4255 4265
4256 4263
4257 4260
4258 0
4259 0
0 0
4261 4262
0 0
0 0
4264 0
0 0
0 0
4267 4268
0 0
0 0
4270 0
0 0
4272 4273
0 0
0 0
4275 0
4276 0
0 0
0 0
4279 0
0 0
4281 0
0 0
4283 0
4284 0
0 0
4286 0
4287 0
0 0
4289 0
4290 0
0 0
4292 0
0 0
4294 4295
0 0
0 0
4297 4298
0 0
0 0
4300 4371
4301 4368
4302 4367
4303 4365
4304 4364
4305 4362
4306 4360
4307 4309
4308 0
0 0
4310 4311
0 0
4312 4314
4313 0
0 0
4315 0
4316 4358
4317 0
4318 4357
4319 4321
4320 0
0 0
4322 4354
4323 4351
4324 4325
0 0
4326 4349
4327 0
4328 4346
4329 0
4330 4343
4331 0
4332 4334
4333 0
0 0
4335 4341
4336 4337
0 0
4338 4339
0 0
4340 0
0 0
4342 0
0 0
4344 4345
0 0
0 0
4347 4348
0 0
0 0
4350 0
0 0
4352 0
4353 0
0 0
4355 0
4356 0
0 0
0 0
4359 0
0 0
4361 0
0 0
4363 0
0 0
0 0
4366 0
0 0
0 0
4369 0
4370 0
0 0
4372 4373
0 0
0 0
4375 0
0 0
0 0
4378 0
0 0
0 0
4381 4382
0 0
0 0
4384 0
0 0
4386 0
0 0
4388 0
0 0
4390 0
4391 0
0 0
0 0
0 0
4395 4396
0 0
0 0
0 0
4399 4401
4400 0
0 0
4402 4404
4403 0
0 0
4405 4827
4406 4826
4407 4408
0 0
4409 4411
4410 0
0 0
4412 4823
4413 4822
4414 4821
4415 4416
0 0
4417 0
4418 4419
0 0
4420 4620
4421 4618
4422 4617
4423 4425
4424 0
0 0
4426 4521
4427 4518
4428 4430
4429 0
0 0
4431 0
4432 0
4433 4517
4434 0
4435 4516
4436 4438
4437 0
0 0
4439 4441
4440 0
0 0
4442 4443
0 0
4444 4446
4445 0
0 0
4447 0
4448 4449
0 0
4450 0
4451 4452
0 0
4453 4514
4454 4513
4455 4512
4456 4483
4457 4459
4458 0
0 0
4460 0
4461 4463
4462 0
0 0
4464 4466
4465 0
0 0
4467 4481
4468 4469
0 0
4470 4480
4471 4473
4472 0
0 0
4474 4475
0 0
4476 4478
4477 0
0 0
4479 0
0 0
0 0
4482 0
0 0
4484 0
4485 4511
4486 4509
4487 4508
4488 4497
4489 4496
4490 4493
4491 0
4492 0
0 0
4494 4495
0 0
0 0
0 0
4498 4505
4499 0
4500 4502
4501 0
0 0
4503 4504
0 0
0 0
4506 0
4507 0
0 0
0 0
4510 0
0 0
0 0
0 0
0 0
4515 0
0 0
0 0
0 0
4519 0
4520 0
0 0
4522 4615
4523 4524
0 0
4525 4614
4526 0
4527 0
4528 4611
4529 4608
4530 4606
4531 4603
4532 0
4533 4600
4534 4599
4535 4598
4536 4595
4537 4538
0 0
4539 4593
4540 4541
0 0
4542 4590
4543 0
4544 4545
0 0
4546 4547
0 0
4548 4589
4549 4568
4550 4566
4551 0
4552 4553
0 0
4554 4559
4555 4558
4556 0
4557 0
0 0
0 0
4560 4564
4561 4563
4562 0
0 0
0 0
4565 0
0 0
4567 0
0 0
4569 4587
4570 4584
4571 0
4572 0
4573 4575
4574 0
0 0
4576 4578
4577 0
0 0
4579 4583
4580 0
4581 4582
0 0
0 0
0 0
4585 4586
0 0
0 0
4588 0
0 0
0 0
4591 0
4592 0
0 0
4594 0
0 0
4596 4597
0 0
0 0
0 0
0 0
4601 0
4602 0
0 0
4604 4605
0 0
0 0
4607 0
0 0
4609 4610
0 0
0 0
4612 4613
0 0
0 0
0 0
4616 0
0 0
0 0
4619 0
0 0
4621 4818
4622 4817
4623 4815
4624 4812
4625 4809
4626 4808
4627 4806
4628 0
4629 0
4630 4804
4631 4803
4632 4801
4633 0
4634 0
4635 4798
4636 4795
4637 4793
4638 4639
0 0
4640 4792
4641 4642
0 0
4643 4644
0 0
4645 4789
4646 4788
4647 4786
4648 4784
4649 4650
0 0
4651 0
4652 4653
0 0
4654 4655
0 0
4656 0
4657 4783
4658 4660
4659 0
0 0
4661 0
4662 4780
4663 4664
0 0
4665 4666
0 0
4667 4669
4668 0
0 0
4670 4778
4671 0
4672 4673
0 0
4674 4775
4675 4676
0 0
4677 4678
0 0
4679 4774
4680 4682
4681 0
0 0
4683 4685
4684 0
0 0
4686 4688
4687 0
0 0
4689 4771
4690 4769
4691 4766
4692 4764
4693 4762
4694 4759
4695 4696
0 0
4697 4699
4698 0
0 0
4700 4758
4701 4755
4702 4703
0 0
4704 4753
4705 4750
4706 4707
0 0
4708 4709
0 0
4710 4747
4711 4745
4712 4744
4713 4742
4714 4740
4715 4716
0 0
4717 4719
4718 0
0 0
4720 4721
0 0
4722 4737
4723 4734
4724 4726
4725 0
0 0
4727 4731
4728 4730
4729 0
0 0
0 0
4732 0
4733 0
0 0
4735 4736
0 0
0 0
4738 4739
0 0
0 0
4741 0
0 0
4743 0
0 0
0 0
4746 0
0 0
4748 4749
0 0
0 0
4751 4752
0 0
0 0
4754 0
0 0
4756 0
4757 0
0 0
0 0
4760 0
4761 0
0 0
4763 0
0 0
4765 0
0 0
4767 0
4768 0
0 0
4770 0
0 0
4772 0
4773 0
0 0
0 0
4776 0
4777 0
0 0
4779 0
0 0
4781 0
4782 0
0 0
0 0
4785 0
0 0
4787 0
0 0
0 0
4790 0
4791 0
0 0
0 0
4794 0
0 0
4796 0
4797 0
0 0
4799 0
4800 0
0 0
4802 0
0 0
0 0
4805 0
0 0
4807 0
0 0
0 0
4810 0
4811 0
0 0
4813 4814
0 0
0 0
4816 0
0 0
0 0
4819 0
4820 0
0 0
0 0
0 0
4824 4825
0 0
0 0
0 0
0 0
0 0
4830 0
4831 0
0 0
4833 0
4834 0
0 0
0 0
4837 0
0 0
4839 0
0 0
4841 0
0 0
4843 0
0 0
4845 0
0 0
0 0
0 0
0 0
4850 0
0 0
4852 4853
0 0
0 0
4855 4856
0 0
0 0
0 0
4859 0
0 0
4861 0
4862 0
0 0
0 0
4865 0
0 0
0 0
4868 0
0 0
4870 4871
0 0
0 0
0 0
4874 4875
0 0
0 0
0 0
0 0
4879 4880
0 0
0 0
0 0
4883 0
4884 0
0 0
4886 0
0 0
0 0
4889 0
4890 0
0 0
0 0
4893 0
0 0
4895 0
0 0
4897 0
4898 0
0 0
4900 0
4901 0
0 0
4903 4904
0 0
0 0
4906 4907
0 0
0 0
4909 0
4910 0
0 0
0 0
4913 0
4914 0
0 0
0 0
0 0
4918 0
4919 0
0 0
4921 4922
0 0
0 0
4924 4925
0 0
0 0
4927 0
4928 0
0 0
4930 0
0 0
4932 0
0 0
0 0
4935 4936
0 0
0 0
4938 0
0 0
4940 4941
0 0
0 0
0 0
0 0
4945 0
4946 0
0 0
4948 0
0 0
0 0
4951 0
4952 0
0 0
0 0
4955 0
4956 0
0 0
0 0
4959 0
0 0
4961 4962
0 0
0 0
0 0
4965 0
0 0
4967 0
4968 0
0 0
0 0
4971 0
0 0
4973 4974
0 0
0 0
0 0
0 0
4978 0
0 0
0 0
4981 0
0 0
4983 4984
0 0
0 0
4986 4987
0 0
0 0
4989 4990
0 0
0 0
0 0
0 0
4994 0
4995 0
0 0
0 0
4998 0
4999 0
0 0
5001 5002
0 0
0 0
0 0
5005 0
0 0
0 0
5008 0
5009 0
0 0
5011 0
0 0
5013 9976
5014 5016
5015 0
0 0
5017 9974
5018 9971
5019 5021
5020 0
0 0
5022 5024
5023 0
0 0
5025 9970
5026 5027
0 0
5028 9969
5029 9967
5030 9964
5031 9962
5032 9959
5033 5035
5034 0
0 0
5036 0
5037 9956
5038 0
5039 5040
0 0
5041 5042
0 0
5043 9955
5044 9954
5045 5046
0 0
5047 5048
0 0
5049 9951
5050 5051
0 0
5052 9949
5053 0
5054 9948
5055 9945
5056 5057
0 0
5058 9943
5059 5061
5060 0
0 0
5062 9942
5063 0
5064 5066
5065 0
0 0
5067 5068
0 0
5069 9940
5070 0
5071 5073
5072 0
0 0
5074 5075
0 0
5076 9937
5077 9934
5078 9932
5079 5081
5080 0
0 0
5082 7506
5083 5085
5084 0
0 0
5086 7503
5087 0
5088 5089
0 0
5090 5092
5091 0
0 0
5093 0
5094 5096
5095 0
0 0
5097 7500
5098 7498
5099 7497
5100 5101
0 0
5102 0
5103 7496
5104 7494
5105 7491
5106 7489
5107 7488
5108 5109
0 0
5110 7487
5111 5113
5112 0
0 0
5114 5116
5115 0
0 0
5117 5119
5118 0
0 0
5120 7486
5121 5122
0 0
5123 5124
0 0
5125 0
5126 5127
0 0
5128 7485
5129 0
5130 0
5131 5133
5132 0
0 0
5134 7484
5135 0
5136 5138
5137 0
0 0
5139 5141
5140 0
0 0
5142 7482
5143 5144
0 0
5145 7480
5146 7478
5147 5148
0 0
5149 7477
5150 5151
0 0
5152 7475
5153 7473
5154 7472
5155 7470
5156 7469
5157 7467
5158 5159
0 0
5160 7465
5161 7462
5162 5163
0 0
5164 0
5165 7461
5166 7458
5167 7456
5168 7453
5169 5171
5170 0
0 0
5172 7450
5173 7447
5174 7445
5175 5177
5176 0
0 0
5178 5179
0 0
5180 5181
0 0
5182 7442
5183 7439
5184 5185
0 0
5186 5188
5187 0
0 0
5189 5190
0 0
5191 7438
5192 5193
0 0
5194 7435
5195 7434
5196 7433
5197 0
5198 7430
5199 5201
5200 0
0 0
5202 7428
5203 5205
5204 0
0 0
5206 7426
5207 0
5208 5209
0 0
5210 7424
5211 7423
5212 7422
5213 5215
5214 0
0 0
5216 7420
5217 7418
5218 0
5219 7416
5220 0
5221 7413
5222 7412
5223 7409
5224 0
5225 7406
5226 7403
5227 5229
5228 0
0 0
5230 0
5231 5233
5232 0
0 0
5234 5235
0 0
5236 5238
5237 0
0 0
5239 7401
5240 5242
5241 0
0 0
5243 7399
5244 7397
5245 5247
5246 0
0 0
5248 7394
5249 5250
0 0
5251 0
5252 5254
5253 0
0 0
5255 7393
5256 7390
5257 7387
5258 5259
0 0
5260 7386
5261 7385
5262 7383
5263 0
5264 7382
5265 5266
0 0
5267 7379
5268 7376
5269 7373
5270 5271
0 0
5272 5274
5273 0
0 0
5275 7371
5276 6323
5277 5278
0 0
5279 6321
5280 6320
5281 6319
5282 5284
5283 0
0 0
5285 6317
5286 5287
0 0
5288 0
5289 6316
5290 6314
5291 6311
5292 6310
5293 0
5294 5296
5295 0
0 0
5297 5299
5298 0
0 0
5300 5301
0 0
5302 6307
5303 6304
5304 6303
5305 5307
5306 0
0 0
5308 6300
5309 0
5310 5312
5311 0
0 0
5313 6297
5314 6295
5315 0
5316 6292
5317 6291
5318 0
5319 6289
5320 5322
5321 0
0 0
5323 6287
5324 6284
5325 6283
5326 0
5327 5329
5328 0
0 0
5330 0
5331 5806
5332 5333
0 0
5334 5336
5335 0
0 0
5337 0
5338 5805
5339 5803
5340 5342
5341 0
0 0
5343 5802
5344 5345
0 0
5346 5348
5347 0
0 0
5349 5800
5350 5351
0 0
5352 0
5353 5797
5354 5796
5355 5793
5356 0
5357 5359
5358 0
0 0
5360 5790
5361 5362
0 0
5363 5789
5364 5788
5365 5787
5366 0
5367 0
5368 5785
5369 5370
0 0
5371 5577
5372 5374
5373 0
0 0
5375 5575
5376 5574
5377 5571
5378 5380
5379 0
0 0
5381 0
5382 5569
5383 5566
5384 5386
5385 0
0 0
5387 5563
5388 0
5389 5560
5390 5392
5391 0
0 0
5393 5395
5394 0
0 0
5396 5398
5397 0
0 0
5399 5558
5400 5401
0 0
5402 0
5403 5404
0 0
5405 5557
5406 5407
0 0
5408 5556
5409 0
5410 5553
5411 5552
5412 5550
5413 0
5414 5415
0 0
5416 0
5417 5548
5418 5420
5419 0
0 0
5421 5545
5422 5544
5423 5425
5424 0
0 0
5426 5543
5427 0
5428 5430
5429 0
0 0
5431 5540
5432 5434
5433 0
0 0
5435 5538
5436 5438
5437 0
0 0
5439 5440
0 0
5441 5443
5442 0
0 0
5444 5537
5445 5447
5446 0
0 0
5448 5449
0 0
5450 5535
5451 5534
5452 5531
5453 5455
5454 0
0 0
5456 5529
5457 0
5458 5526
5459 5525
5460 0
5461 5523
5462 5464
5463 0
0 0
5465 0
5466 5468
5467 0
0 0
5469 5521
5470 5518
5471 5515
5472 5512
5473 5475
5474 0
0 0
5476 5509
5477 5506
5478 5479
0 0
5480 5482
5481 0
0 0
5483 0
5484 5485
0 0
5486 5488
5487 0
0 0
5489 5490
0 0
5491 5503
5492 5500
5493 0
5494 0
5495 5496
0 0
5497 5498
0 0
5499 0
0 0
5501 0
5502 0
0 0
5504 5505
0 0
0 0
5507 5508
0 0
0 0
5510 0
5511 0
0 0
5513 0
5514 0
0 0
5516 0
5517 0
0 0
5519 0
5520 0
0 0
5522 0
0 0
5524 0
0 0
0 0
5527 5528
0 0
0 0
5530 0
0 0
5532 5533
0 0
0 0
0 0
5536 0
0 0
0 0
5539 0
0 0
5541 0
5542 0
0 0
0 0
0 0
5546 5547
0 0
0 0
5549 0
0 0
5551 0
0 0
0 0
5554 0
5555 0
0 0
0 0
0 0
5559 0
0 0
5561 0
5562 0
0 0
5564 5565
0 0
0 0
5567 5568
0 0
0 0
5570 0
0 0
5572 0
5573 0
0 0
0 0
5576 0
0 0
5578 5783
5579 5581
5580 0
0 0
5582 5781
5583 5681
5584 5585
0 0
5586 5679
5587 5589
5588 0
0 0
5590 5676
5591 5675
5592 5672
5593 5595
5594 0
0 0
5596 5670
5597 5668
5598 0
5599 5665
5600 5663
5601 5603
5602 0
0 0
5604 0
5605 5607
5606 0
0 0
5608 5660
5609 5657
5610 5655
5611 5654
5612 5651
5613 5615
5614 0
0 0
5616 5617
0 0
5618 5619
0 0
5620 5649
5621 5646
5622 5645
5623 5642
5624 5625
0 0
5626 0
5627 5628
0 0
5629 5641
5630 5631
0 0
5632 5634
5633 0
0 0
5635 0
5636 5638
5637 0
0 0
5639 5640
0 0
0 0
0 0
5643 5644
0 0
0 0
0 0
5647 0
5648 0
0 0
5650 0
0 0
5652 0
5653 0
0 0
0 0
5656 0
0 0
5658 0
5659 0
0 0
5661 5662
0 0
0 0
5664 0
0 0
5666 5667
0 0
0 0
5669 0
0 0
5671 0
0 0
5673 0
5674 0
0 0
0 0
5677 5678
0 0
0 0
5680 0
0 0
5682 0
5683 0
5684 5780
5685 5779
5686 5777
5687 5775
5688 5773
5689 5691
5690 0
0 0
5692 5693
0 0
5694 5772
5695 5769
5696 5697
0 0
5698 5766
5699 0
5700 5702
5701 0
0 0
5703 5763
5704 5705
0 0
5706 5760
5707 0
5708 5757
5709 5755
5710 0
5711 0
5712 5754
5713 5752
5714 5716
5715 0
0 0
5717 5718
0 0
5719 5751
5720 5750
5721 5735
5722 5724
5723 0
0 0
5725 5734
5726 5728
5727 0
0 0
5729 5731
5730 0
0 0
5732 5733
0 0
0 0
0 0
5736 5737
0 0
5738 5739
0 0
5740 5742
5741 0
0 0
5743 5745
5744 0
0 0
5746 5749
5747 5748
0 0
0 0
0 0
0 0
0 0
5753 0
0 0
0 0
5756 0
0 0
5758 5759
0 0
0 0
5761 0
5762 0
0 0
5764 5765
0 0
0 0
5767 5768
0 0
0 0
5770 5771
0 0
0 0
0 0
5774 0
0 0
5776 0
0 0
5778 0
0 0
0 0
0 0
5782 0
0 0
5784 0
0 0
5786 0
0 0
0 0
0 0
0 0
5791 0
5792 0
0 0
5794 5795
0 0
0 0
0 0
5798 0
5799 0
0 0
5801 0
0 0
0 0
5804 0
0 0
0 0
5807 6282
5808 6279
5809 6278
5810 6277
5811 6275
5812 5814
5813 0
0 0
5815 5816
0 0
5817 0
5818 6272
5819 0
5820 6269
5821 6268
5822 5824
5823 0
0 0
5825 6267
5826 6265
5827 6263
5828 0
5829 6045
5830 5831
0 0
5832 6044
5833 6041
5834 5835
0 0
5836 5838
5837 0
0 0
5839 6038
5840 6036
5841 6033
5842 6032
5843 6030
5844 6028
5845 0
5846 0
5847 6026
5848 6023
5849 5850
0 0
5851 6022
5852 5854
5853 0
0 0
5855 6021
5856 0
5857 6019
5858 0
5859 0
5860 6016
5861 6013
5862 5937
5863 5864
0 0
5865 5866
0 0
5867 0
5868 5869
0 0
5870 5936
5871 5934
5872 5874
5873 0
0 0
5875 5933
5876 5932
5877 5930
5878 5927
5879 5925
5880 5923
5881 5922
5882 5920
5883 5919
5884 5885
0 0
5886 0
5887 5917
5888 5889
0 0
5890 5916
5891 5915
5892 5913
5893 5911
5894 5896
5895 0
0 0
5897 0
5898 5909
5899 5901
5900 0
0 0
5902 5903
0 0
5904 0
5905 5908
5906 0
5907 0
0 0
0 0
5910 0
0 0
5912 0
0 0
5914 0
0 0
0 0
0 0
5918 0
0 0
0 0
5921 0
0 0
0 0
5924 0
0 0
5926 0
0 0
5928 0
5929 0
0 0
5931 0
0 0
0 0
0 0
5935 0
0 0
0 0
5938 5940
5939 0
0 0
5941 6012
5942 5944
5943 0
0 0
5945 0
5946 0
5947 6009
5948 6007
5949 5950
0 0
5951 6006
5952 6004
5953 6002
5954 6001
5955 0
5956 5999
5957 5977
5958 5959
0 0
5960 5974
5961 5973
5962 5970
5963 5967
5964 5966
5965 0
0 0
0 0
5968 0
5969 0
0 0
5971 5972
0 0
0 0
0 0
5975 0
5976 0
0 0
5978 5998
5979 5996
5980 5982
5981 0
0 0
5983 5995
5984 5992
5985 5987
5986 0
0 0
5988 5989
0 0
5990 0
5991 0
0 0
5993 0
5994 0
0 0
0 0
5997 0
0 0
0 0
6000 0
0 0
0 0
6003 0
0 0
6005 0
0 0
0 0
6008 0
0 0
6010 6011
0 0
0 0
0 0
6014 0
6015 0
0 0
6017 0
6018 0
0 0
6020 0
0 0
0 0
0 0
6024 0
6025 0
0 0
6027 0
0 0
6029 0
0 0
6031 0
0 0
0 0
6034 0
6035 0
0 0
6037 0
0 0
6039 6040
0 0
0 0
6042 0
6043 0
0 0
0 0
6046 6047
0 0
6048 6261
6049 6258
6050 6257
6051 6254
6052 6252
6053 6251
6054 6250
6055 6247
6056 6058
6057 0
0 0
6059 6245
6060 6061
0 0
6062 6064
6063 0
0 0
6065 6243
6066 6068
6067 0
0 0
6069 6242
6070 6155
6071 6153
6072 6074
6073 0
0 0
6075 6076
0 0
6077 6150
6078 6148
6079 6081
6080 0
0 0
6082 6084
6083 0
0 0
6085 6086
0 0
6087 6146
6088 6144
6089 6143
6090 6142
6091 6092
0 0
6093 6140
6094 6137
6095 6134
6096 6133
6097 0
6098 6100
6099 0
0 0
6101 6102
0 0
6103 6105
6104 0
0 0
6106 6119
6107 6109
6108 0
0 0
6110 6111
0 0
6112 0
6113 6114
0 0
6115 6118
6116 0
6117 0
0 0
0 0
6120 6122
6121 0
0 0
6123 6131
6124 0
6125 6129
6126 6128
6127 0
0 0
0 0
6130 0
0 0
6132 0
0 0
0 0
6135 0
6136 0
0 0
6138 0
6139 0
0 0
6141 0
0 0
0 0
0 0
6145 0
0 0
6147 0
0 0
6149 0
0 0
6151 0
6152 0
0 0
6154 0
0 0
6156 6241
6157 0
6158 6239
6159 6160
0 0
6161 6236
6162 6234
6163 0
6164 6231
6165 6228
6166 6226
6167 6168
0 0
6169 6223
6170 6172
6171 0
0 0
6173 6222
6174 6219
6175 0
6176 6177
0 0
6178 6217
6179 6180
0 0
6181 6216
6182 6183
0 0
6184 6215
6185 6212
6186 6209
6187 6207
6188 6205
6189 6204
6190 6203
6191 6192
0 0
6193 0
6194 6201
6195 0
6196 6199
6197 0
6198 0
0 0
6200 0
0 0
6202 0
0 0
0 0
0 0
6206 0
0 0
6208 0
0 0
6210 6211
0 0
0 0
6213 0
6214 0
0 0
0 0
0 0
6218 0
0 0
6220 6221
0 0
0 0
0 0
6224 0
6225 0
0 0
6227 0
0 0
6229 0
6230 0
0 0
6232 0
6233 0
0 0
6235 0
0 0
6237 6238
0 0
0 0
6240 0
0 0
0 0
0 0
6244 0
0 0
6246 0
0 0
6248 6249
0 0
0 0
0 0
0 0
6253 0
0 0
6255 0
6256 0
0 0
0 0
6259 6260
0 0
0 0
6262 0
0 0
6264 0
0 0
6266 0
0 0
0 0
0 0
6270 0
6271 0
0 0
6273 0
6274 0
0 0
6276 0
0 0
0 0
0 0
6280 0
6281 0
0 0
0 0
0 0
6285 6286
0 0
0 0
6288 0
0 0
6290 0
0 0
0 0
6293 0
6294 0
0 0
6296 0
0 0
6298 0
6299 0
0 0
6301 6302
0 0
0 0
0 0
6305 0
6306 0
0 0
6308 0
6309 0
0 0
0 0
6312 0
6313 0
0 0
6315 0
0 0
0 0
6318 0
0 0
0 0
0 0
6322 0
0 0
6324 0
6325 6326
0 0
6327 7369
6328 7367
6329 7366
6330 0
6331 6332
0 0
6333 6335
6334 0
0 0
6336 6338
6337 0
0 0
6339 7365
6340 0
6341 7363
6342 7360
6343 7357
6344 0
6345 6850
6346 6849
6347 0
6348 6847
6349 6350
0 0
6351 6844
6352 6354
6353 0
0 0
6355 6357
6356 0
0 0
6358 6842
6359 6360
0 0
6361 0
6362 6840
6363 6364
0 0
6365 6837
6366 0
6367 0
6368 0
6369 0
6370 6834
6371 6372
0 0
6373 6374
0 0
6375 6831
6376 6377
0 0
6378 6380
6379 0
0 0
6381 6829
6382 6828
6383 6385
6384 0
0 0
6386 6387
0 0
6388 6389
0 0
6390 6826
6391 6825
6392 6394
6393 0
0 0
6395 6396
0 0
6397 6398
0 0
6399 6401
6400 0
0 0
6402 6824
6403 0
6404 6406
6405 0
0 0
6407 6822
6408 0
6409 0
6410 6412
6411 0
0 0
6413 6415
6414 0
0 0
6416 0
6417 6820
6418 6818
6419 6420
0 0
6421 6423
6422 0
0 0
6424 6426
6425 0
0 0
6427 6817
6428 0
6429 6815
6430 6813
6431 6432
0 0
6433 6812
6434 6435
0 0
6436 6809
6437 6807
6438 6439
0 0
6440 6441
0 0
6442 6806
6443 6445
6444 0
0 0
6446 0
6447 0
6448 6803
6449 6801
6450 6800
6451 0
6452 6797
6453 6794
6454 6792
6455 6791
6456 6790
6457 0
6458 6787
6459 6786
6460 6462
6461 0
0 0
6463 0
6464 6466
6465 0
0 0
6467 6468
0 0
6469 6471
6470 0
0 0
6472 6783
6473 6474
0 0
6475 6477
6476 0
0 0
6478 6479
0 0
6480 6781
6481 6779
6482 6484
6483 0
0 0
6485 6776
6486 6774
6487 6773
6488 0
6489 0
6490 6770
6491 0
6492 6768
6493 6494
0 0
6495 6765
6496 6764
6497 6499
6498 0
0 0
6500 6763
6501 6761
6502 0
6503 6505
6504 0
0 0
6506 6507
0 0
6508 6760
6509 0
6510 6758
6511 6757
6512 6756
6513 6753
6514 6516
6515 0
0 0
6517 0
6518 6519
0 0
6520 6751
6521 6750
6522 6748
6523 6525
6524 0
0 0
6526 6527
0 0
6528 0
6529 6747
6530 6531
0 0
6532 6534
6533 0
0 0
6535 6746
6536 6744
6537 6640
6538 6638
6539 0
6540 6636
6541 6588
6542 6586
6543 0
6544 6585
6545 6546
0 0
6547 6549
6548 0
0 0
6550 6583
6551 6582
6552 6553
0 0
6554 6581
6555 6557
6556 0
0 0
6558 0
6559 6579
6560 6578
6561 6576
6562 6564
6563 0
0 0
6565 0
6566 6573
6567 6569
6568 0
0 0
6570 6572
6571 0
0 0
0 0
6574 6575
0 0
0 0
6577 0
0 0
0 0
6580 0
0 0
0 0
0 0
6584 0
0 0
0 0
6587 0
0 0
6589 6590
0 0
6591 0
6592 6634
6593 0
6594 6631
6595 6629
6596 6627
6597 6598
0 0
6599 0
6600 6625
6601 0
6602 6603
0 0
6604 6623
6605 6620
6606 6617
6607 6614
6608 6613
6609 6610
0 0
6611 6612
0 0
0 0
0 0
6615 0
6616 0
0 0
6618 0
6619 0
0 0
6621 6622
0 0
0 0
6624 0
0 0
6626 0
0 0
6628 0
0 0
6630 0
0 0
6632 0
6633 0
0 0
6635 0
0 0
6637 0
0 0
6639 0
0 0
6641 6642
0 0
6643 6742
6644 6739
6645 6737
6646 6734
6647 6732
6648 6729
6649 6727
6650 6726
6651 6653
6652 0
0 0
6654 6655
0 0
6656 6723
6657 0
6658 6660
6659 0
0 0
6661 6662
0 0
6663 6664
0 0
6665 6667
6666 0
0 0
6668 6670
6669 0
0 0
6671 6722
6672 6674
6673 0
0 0
6675 6676
0 0
6677 6678
0 0
6679 6681
6680 0
0 0
6682 6720
6683 0
6684 0
6685 0
6686 6719
6687 6689
6688 0
0 0
6690 6692
6691 0
0 0
6693 6695
6694 0
0 0
6696 0
6697 6699
6698 0
0 0
6700 6718
6701 6702
0 0
6703 6716
6704 6705
0 0
6706 6707
0 0
6708 6713
6709 6711
6710 0
0 0
6712 0
0 0
6714 6715
0 0
0 0
6717 0
0 0
0 0
0 0
6721 0
0 0
0 0
6724 0
6725 0
0 0
0 0
6728 0
0 0
6730 6731
0 0
0 0
6733 0
0 0
6735 6736
0 0
0 0
6738 0
0 0
6740 0
6741 0
0 0
6743 0
0 0
6745 0
0 0
0 0
0 0
6749 0
0 0
0 0
6752 0
0 0
6754 0
6755 0
0 0
0 0
0 0
6759 0
0 0
0 0
6762 0
0 0
0 0
0 0
6766 6767
0 0
0 0
6769 0
0 0
6771 6772
0 0
0 0
0 0
6775 0
0 0
6777 0
6778 0
0 0
6780 0
0 0
6782 0
0 0
6784 6785
0 0
0 0
0 0
6788 6789
0 0
0 0
0 0
0 0
6793 0
0 0
6795 0
6796 0
0 0
6798 6799
0 0
0 0
0 0
6802 0
0 0
6804 0
6805 0
0 0
0 0
6808 0
0 0
6810 0
6811 0
0 0
0 0
6814 0
0 0
6816 0
0 0
0 0
6819 0
0 0
6821 0
0 0
6823 0
0 0
0 0
0 0
6827 0
0 0
0 0
6830 0
0 0
6832 0
6833 0
0 0
6835 0
6836 0
0 0
6838 6839
0 0
0 0
6841 0
0 0
6843 0
0 0
6845 6846
0 0
0 0
6848 0
0 0
0 0
6851 7354
6852 7353
6853 7352
6854 7351
6855 7348
6856 7346
6857 7345
6858 0
6859 7343
6860 0
6861 7342
6862 7341
6863 7339
6864 6866
6865 0
0 0
6867 7338
6868 7336
6869 6871
6870 0
0 0
6872 7333
6873 6874
0 0
6875 6876
0 0
6877 7331
6878 7328
6879 7325
6880 6881
0 0
6882 7323
6883 0
6884 6886
6885 0
0 0
6887 7322
6888 6889
0 0
6890 0
6891 6892
0 0
6893 7321
6894 7319
6895 7318
6896 7317
6897 0
6898 6899
0 0
6900 6902
6901 0
0 0
6903 6904
0 0
6905 0
6906 6908
6907 0
0 0
6909 7315
6910 6911
0 0
6912 6913
0 0
6914 7312
6915 7309
6916 7306
6917 6918
0 0
6919 7303
6920 7301
6921 7298
6922 6923
0 0
6924 7297
6925 7294
6926 0
6927 6929
6928 0
0 0
6930 6931
0 0
6932 7112
6933 6934
0 0
6935 7110
6936 6938
6937 0
0 0
6939 7107
6940 6941
0 0
6942 7104
6943 7102
6944 6945
0 0
6946 0
6947 6949
6948 0
0 0
6950 6951
0 0
6952 6954
6953 0
0 0
6955 0
6956 0
6957 6958
0 0
6959 7099
6960 7098
6961 6962
0 0
6963 6964
0 0
6965 6966
0 0
6967 6969
6968 0
0 0
6970 0
6971 7097
6972 7094
6973 6975
6974 0
0 0
6976 7091
6977 7089
6978 7087
6979 0
6980 7085
6981 0
6982 6984
6983 0
0 0
6985 0
6986 7084
6987 6989
6988 0
0 0
6990 6992
6991 0
0 0
6993 6995
6994 0
0 0
6996 6998
6997 0
0 0
6999 7000
0 0
7001 7003
7002 0
0 0
7004 7083
7005 7082
7006 7081
7007 7009
7008 0
0 0
7010 7011
0 0
7012 0
7013 7080
7014 7078
7015 7077
7016 0
7017 7075
7018 7020
7019 0
0 0
7021 7023
7022 0
0 0
7024 0
7025 7072
7026 0
7027 0
7028 7030
7029 0
0 0
7031 0
7032 7070
7033 0
7034 0
7035 7036
0 0
7037 0
7038 7040
7039 0
0 0
7041 7042
0 0
7043 7045
7044 0
0 0
7046 7067
7047 7048
0 0
7049 7065
7050 7064
7051 7053
7052 0
0 0
7054 0
7055 7061
7056 7059
7057 7058
0 0
0 0
7060 0
0 0
7062 0
7063 0
0 0
0 0
7066 0
0 0
7068 0
7069 0
0 0
7071 0
0 0
7073 7074
0 0
0 0
7076 0
0 0
0 0
7079 0
0 0
0 0
0 0
0 0
0 0
0 0
7086 0
0 0
7088 0
0 0
7090 0
0 0
7092 0
7093 0
0 0
7095 7096
0 0
0 0
0 0
0 0
7100 7101
0 0
0 0
7103 0
0 0
7105 7106
0 0
0 0
7108 7109
0 0
0 0
7111 0
0 0
7113 7292
7114 7116
7115 0
0 0
7117 7118
0 0
7119 0
7120 7122
7121 0
0 0
7123 7124
0 0
7125 7290
7126 7128
7127 0
0 0
7129 7287
7130 7132
7131 0
0 0
7133 7285
7134 7136
7135 0
0 0
7137 7139
7138 0
0 0
7140 7142
7141 0
0 0
7143 7144
0 0
7145 7146
0 0
7147 7149
7148 0
0 0
7150 7283
7151 0
7152 7281
7153 7154
0 0
7155 7156
0 0
7157 7279
7158 7160
7159 0
0 0
7161 7277
7162 7164
7163 0
0 0
7165 7166
0 0
7167 0
7168 7276
7169 7171
7170 0
0 0
7172 7173
0 0
7174 7274
7175 7177
7176 0
0 0
7178 7271
7179 7268
7180 7266
7181 7183
7182 0
0 0
7184 7186
7185 0
0 0
7187 7189
7188 0
0 0
7190 7264
7191 7262
7192 7194
7193 0
0 0
7195 7260
7196 7197
0 0
7198 7258
7199 7255
7200 7252
7201 7251
7202 7203
0 0
7204 7205
0 0
7206 7208
7207 0
0 0
7209 7250
7210 7212
7211 0
0 0
7213 7247
7214 7244
7215 7217
7216 0
0 0
7218 7242
7219 0
7220 7240
7221 7239
7222 7224
7223 0
0 0
7225 7238
7226 7235
7227 7232
7228 7230
7229 0
0 0
7231 0
0 0
7233 7234
0 0
0 0
7236 7237
0 0
0 0
0 0
0 0
7241 0
0 0
7243 0
0 0
7245 0
7246 0
0 0
7248 7249
0 0
0 0
0 0
0 0
7253 0
7254 0
0 0
7256 7257
0 0
0 0
7259 0
0 0
7261 0
0 0
7263 0
0 0
7265 0
0 0
7267 0
0 0
7269 0
7270 0
0 0
7272 0
7273 0
0 0
7275 0
0 0
0 0
7278 0
0 0
7280 0
0 0
7282 0
0 0
7284 0
0 0
7286 0
0 0
7288 7289
0 0
0 0
7291 0
0 0
7293 0
0 0
7295 7296
0 0
0 0
0 0
7299 7300
0 0
0 0
7302 0
0 0
7304 0
7305 0
0 0
7307 0
7308 0
0 0
7310 0
7311 0
0 0
7313 0
7314 0
0 0
7316 0
0 0
0 0
0 0
7320 0
0 0
0 0
0 0
7324 0
0 0
7326 0
7327 0
0 0
7329 0
7330 0
0 0
7332 0
0 0
7334 7335
0 0
0 0
7337 0
0 0
0 0
7340 0
0 0
0 0
0 0
7344 0
0 0
0 0
7347 0
0 0
7349 7350
0 0
0 0
0 0
0 0
0 0
7355 0
7356 0
0 0
7358 7359
0 0
0 0
7361 7362
0 0
0 0
7364 0
0 0
0 0
0 0
7368 0
0 0
7370 0
0 0
7372 0
0 0
7374 0
7375 0
0 0
7377 0
7378 0
0 0
7380 0
7381 0
0 0
0 0
7384 0
0 0
0 0
0 0
7388 0
7389 0
0 0
7391 0
7392 0
0 0
0 0
7395 0
7396 0
0 0
7398 0
0 0
7400 0
0 0
7402 0
0 0
7404 7405
0 0
0 0
7407 0
7408 0
0 0
7410 7411
0 0
0 0
0 0
7414 0
7415 0
0 0
7417 0
0 0
7419 0
0 0
7421 0
0 0
0 0
0 0
7425 0
0 0
7427 0
0 0
7429 0
0 0
7431 0
7432 0
0 0
0 0
0 0
7436 7437
0 0
0 0
0 0
7440 7441
0 0
0 0
7443 0
7444 0
0 0
7446 0
0 0
7448 0
7449 0
0 0
7451 7452
0 0
0 0
7454 7455
0 0
0 0
7457 0
0 0
7459 7460
0 0
0 0
0 0
7463 7464
0 0
0 0
7466 0
0 0
7468 0
0 0
0 0
7471 0
0 0
0 0
7474 0
0 0
7476 0
0 0
0 0
7479 0
0 0
7481 0
0 0
7483 0
0 0
0 0
0 0
0 0
0 0
0 0
7490 0
0 0
7492 0
7493 0
0 0
7495 0
0 0
0 0
0 0
7499 0
0 0
7501 0
7502 0
0 0
7504 7505
0 0
0 0
7507 7508
0 0
7509 9929
7510 7512
7511 0
0 0
7513 9927
7514 7516
7515 0
0 0
7517 7518
0 0
7519 0
7520 9924
7521 9923
7522 9922
7523 9920
7524 9919
7525 7526
0 0
7527 0
7528 7530
7529 0
0 0
7531 9918
7532 9917
7533 0
7534 7535
0 0
7536 0
7537 9914
7538 9913
7539 9912
7540 9909
7541 0
7542 9906
7543 7544
0 0
7545 7546
0 0
7547 9903
7548 7550
7549 0
0 0
7551 9901
7552 9899
7553 0
7554 7556
7555 0
0 0
7557 9896
7558 8726
7559 8723
7560 7561
0 0
7562 8721
7563 7565
7564 0
0 0
7566 0
7567 7569
7568 0
0 0
7570 7571
0 0
7572 0
7573 8720
7574 8719
7575 8717
7576 8714
7577 7578
0 0
7579 8711
7580 7581
0 0
7582 7584
7583 0
0 0
7585 7587
7586 0
0 0
7588 7589
0 0
7590 7591
0 0
7592 7594
7593 0
0 0
7595 8709
7596 7597
0 0
7598 8707
7599 8704
7600 8701
7601 8699
7602 0
7603 8696
7604 8695
7605 8693
7606 0
7607 8691
7608 0
7609 8688
7610 8148
7611 7612
0 0
7613 7615
7614 0
0 0
7616 8145
7617 0
7618 0
7619 7620
0 0
7621 8142
7622 8140
7623 0
7624 0
7625 7626
0 0
7627 8139
7628 7630
7629 0
0 0
7631 7632
0 0
7633 7634
0 0
7635 8137
7636 7637
0 0
7638 7640
7639 0
0 0
7641 8135
7642 8134
7643 7645
7644 0
0 0
7646 7647
0 0
7648 7650
7649 0
0 0
7651 0
7652 8131
7653 8129
7654 7656
7655 0
0 0
7657 7892
7658 7890
7659 7888
7660 7887
7661 7884
7662 7664
7663 0
0 0
7665 7667
7666 0
0 0
7668 7883
7669 7670
0 0
7671 7882
7672 7673
0 0
7674 7881
7675 7777
7676 7775
7677 0
7678 7679
0 0
7680 0
7681 0
7682 7772
7683 7770
7684 7767
7685 7686
0 0
7687 7765
7688 7763
7689 7761
7690 0
7691 7760
7692 7757
7693 7754
7694 7752
7695 7697
7696 0
0 0
7698 7700
7699 0
0 0
7701 7751
7702 7748
7703 7747
7704 7705
0 0
7706 7708
7707 0
0 0
7709 7710
0 0
7711 7744
7712 7713
0 0
7714 7741
7715 7727
7716 7718
7717 0
0 0
7719 0
7720 0
7721 7725
7722 7723
0 0
7724 0
0 0
7726 0
0 0
7728 0
7729 7739
7730 7738
7731 7733
7732 0
0 0
7734 7735
0 0
7736 7737
0 0
0 0
0 0
7740 0
0 0
7742 0
7743 0
0 0
7745 7746
0 0
0 0
0 0
7749 0
7750 0
0 0
0 0
7753 0
0 0
7755 0
7756 0
0 0
7758 0
7759 0
0 0
0 0
7762 0
0 0
7764 0
0 0
7766 0
0 0
7768 7769
0 0
0 0
7771 0
0 0
7773 7774
0 0
0 0
7776 0
0 0
7778 7878
7779 7781
7780 0
0 0
7782 0
7783 7877
7784 7874
7785 0
7786 7871
7787 0
7788 7790
7789 0
0 0
7791 7870
7792 7867
7793 7794
0 0
7795 7796
0 0
7797 0
7798 7865
7799 7801
7800 0
0 0
7802 7803
0 0
7804 7806
7805 0
0 0
7807 7864
7808 7862
7809 7861
7810 7858
7811 7813
7812 0
0 0
7814 0
7815 0
7816 7817
0 0
7818 7819
0 0
7820 7822
7821 0
0 0
7823 7824
0 0
7825 7857
7826 7856
7827 7829
7828 0
0 0
7830 7855
7831 7852
7832 7849
7833 7835
7834 0
0 0
7836 7848
7837 7839
7838 0
0 0
7840 7846
7841 7843
7842 0
0 0
7844 7845
0 0
0 0
7847 0
0 0
0 0
7850 7851
0 0
0 0
7853 0
7854 0
0 0
0 0
0 0
0 0
7859 7860
0 0
0 0
0 0
7863 0
0 0
0 0
7866 0
0 0
7868 0
7869 0
0 0
0 0
7872 7873
0 0
0 0
7875 7876
0 0
0 0
0 0
7879 7880
0 0
0 0
0 0
0 0
0 0
7885 0
7886 0
0 0
0 0
7889 0
0 0
7891 0
0 0
7893 7894
0 0
7895 7897
7896 0
0 0
7898 8127
7899 0
7900 0
7901 7903
7902 0
0 0
7904 8125
7905 0
7906 8122
7907 8119
7908 7909
0 0
7910 7911
0 0
7912 7913
0 0
7914 8118
7915 8117
7916 8115
7917 8113
7918 8112
7919 7920
0 0
7921 8109
7922 0
7923 7925
7924 0
0 0
7926 7927
0 0
7928 7929
0 0
7930 8107
7931 8106
7932 7933
0 0
7934 8105
7935 8103
7936 8102
7937 8100
7938 7939
0 0
7940 8098
7941 8096
7942 7944
7943 0
0 0
7945 8095
7946 8092
7947 8089
7948 0
7949 0
7950 7952
7951 0
0 0
7953 8086
7954 7955
0 0
7956 7958
7957 0
0 0
7959 8084
7960 8083
7961 8080
7962 0
7963 7964
0 0
7965 8078
7966 8075
7967 7969
7968 0
0 0
7970 8072
7971 7973
7972 0
0 0
7974 7976
7975 0
0 0
7977 0
7978 0
7979 8069
7980 8024
7981 8021
7982 7983
0 0
7984 8020
7985 8019
7986 7987
0 0
7988 7989
0 0
7990 0
7991 8016
7992 8003
7993 8000
7994 7999
7995 7996
0 0
7997 0
7998 0
0 0
0 0
8001 0
8002 0
0 0
8004 8005
0 0
8006 0
8007 0
8008 0
8009 8014
8010 8012
8011 0
0 0
8013 0
0 0
8015 0
0 0
8017 0
8018 0
0 0
0 0
0 0
8022 0
8023 0
0 0
8025 0
8026 8027
0 0
8028 8030
8029 0
0 0
8031 0
8032 8050
8033 8034
0 0
8035 8049
8036 8048
8037 0
8038 8040
8039 0
0 0
8041 8042
0 0
8043 8047
8044 8046
8045 0
0 0
0 0
0 0
0 0
0 0
8051 8053
8052 0
0 0
8054 8066
8055 8057
8056 0
0 0
8058 8064
8059 0
8060 8062
8061 0
0 0
8063 0
0 0
8065 0
0 0
8067 0
8068 0
0 0
8070 8071
0 0
0 0
8073 0
8074 0
0 0
8076 0
8077 0
0 0
8079 0
0 0
8081 0
8082 0
0 0
0 0
8085 0
0 0
8087 8088
0 0
0 0
8090 8091
0 0
0 0
8093 0
8094 0
0 0
0 0
8097 0
0 0
8099 0
0 0
8101 0
0 0
0 0
8104 0
0 0
0 0
0 0
8108 0
0 0
8110 8111
0 0
0 0
0 0
8114 0
0 0
8116 0
0 0
0 0
0 0
8120 0
8121 0
0 0
8123 0
8124 0
0 0
8126 0
0 0
8128 0
0 0
8130 0
0 0
8132 0
8133 0
0 0
0 0
8136 0
0 0
8138 0
0 0
0 0
8141 0
0 0
8143 0
8144 0
0 0
8146 0
8147 0
0 0
8149 8151
8150 0
0 0
8152 8154
8153 0
0 0
8155 8686
8156 8685
8157 8684
8158 8420
8159 0
8160 8419
8161 8162
0 0
8163 8164
0 0
8165 8416
8166 8414
8167 8412
8168 0
8169 8290
8170 8287
8171 8284
8172 8283
8173 0
8174 0
8175 8282
8176 0
8177 0
8178 8179
0 0
8180 8280
8181 8277
8182 8274
8183 8273
8184 8270
8185 8269
8186 8188
8187 0
0 0
8189 8190
0 0
8191 0
8192 8266
8193 8194
0 0
8195 0
8196 8264
8197 8198
0 0
8199 8200
0 0
8201 8203
8202 0
0 0
8204 8233
8205 8230
8206 8207
0 0
8208 8210
8209 0
0 0
8211 8213
8212 0
0 0
8214 8229
8215 0
8216 8228
8217 0
8218 0
8219 0
8220 8227
8221 8222
0 0
8223 8224
0 0
8225 8226
0 0
0 0
0 0
0 0
0 0
8231 8232
0 0
0 0
8234 0
8235 8236
0 0
8237 8238
0 0
8239 8261
8240 8242
8241 0
0 0
8243 8258
8244 8245
0 0
8246 8247
0 0
8248 0
8249 8255
8250 8253
8251 0
8252 0
0 0
8254 0
0 0
8256 0
8257 0
0 0
8259 0
8260 0
0 0
8262 8263
0 0
0 0
8265 0
0 0
8267 0
8268 0
0 0
0 0
8271 8272
0 0
0 0
0 0
8275 0
8276 0
0 0
8278 8279
0 0
0 0
8281 0
0 0
0 0
0 0
8285 8286
0 0
0 0
8288 8289
0 0
0 0
8291 8409
8292 8294
8293 0
0 0
8295 8297
8296 0
0 0
8298 0
8299 8300
0 0
8301 0
8302 0
8303 8408
8304 8306
8305 0
0 0
8307 8309
8308 0
0 0
8310 8407
8311 8405
8312 8403
8313 8315
8314 0
0 0
8316 8402
8317 8401
8318 8320
8319 0
0 0
8321 8398
8322 8324
8323 0
0 0
8325 8395
8326 8393
8327 8328
0 0
8329 8391
8330 8389
8331 8332
0 0
8333 0
8334 8388
8335 8387
8336 0
8337 8385
8338 8339
0 0
8340 8342
8341 0
0 0
8343 8384
8344 8383
8345 8363
8346 0
8347 8348
0 0
8349 8362
8350 8352
8351 0
0 0
8353 8355
8354 0
0 0
8356 8360
8357 0
8358 8359
0 0
0 0
8361 0
0 0
0 0
8364 0
8365 8367
8366 0
0 0
8368 8381
8369 0
8370 8379
8371 8377
8372 8374
8373 0
0 0
8375 8376
0 0
0 0
8378 0
0 0
8380 0
0 0
8382 0
0 0
0 0
0 0
8386 0
0 0
0 0
0 0
8390 0
0 0
8392 0
0 0
8394 0
0 0
8396 0
8397 0
0 0
8399 8400
0 0
0 0
0 0
0 0
8404 0
0 0
8406 0
0 0
0 0
0 0
8410 0
8411 0
0 0
8413 0
0 0
8415 0
0 0
8417 8418
0 0
0 0
0 0
8421 8681
8422 8678
8423 8424
0 0
8425 8677
8426 8676
8427 8673
8428 8672
8429 8671
8430 8668
8431 0
8432 8667
8433 8435
8434 0
0 0
8436 8665
8437 8439
8438 0
0 0
8440 8663
8441 0
8442 8444
8443 0
0 0
8445 8661
8446 8659
8447 8657
8448 8656
8449 8655
8450 8552
8451 8453
8452 0
0 0
8454 8502
8455 0
8456 8500
8457 8497
8458 8496
8459 8494
8460 8492
8461 8462
0 0
8463 8465
8464 0
0 0
8466 0
8467 8491
8468 8469
0 0
8470 8489
8471 8487
8472 8474
8473 0
0 0
8475 8484
8476 0
8477 8479
8478 0
0 0
8480 8483
8481 8482
0 0
0 0
0 0
8485 0
8486 0
0 0
8488 0
0 0
8490 0
0 0
0 0
8493 0
0 0
8495 0
0 0
0 0
8498 8499
0 0
0 0
8501 0
0 0
8503 8504
0 0
8505 8550
8506 8547
8507 8545
8508 8543
8509 8510
0 0
8511 0
8512 8513
0 0
8514 8516
8515 0
0 0
8517 8540
8518 8539
8519 8536
8520 8522
8521 0
0 0
8523 8524
0 0
8525 8535
8526 8530
8527 0
8528 8529
0 0
0 0
8531 0
8532 8534
8533 0
0 0
0 0
0 0
8537 0
8538 0
0 0
0 0
8541 0
8542 0
0 0
8544 0
0 0
8546 0
0 0
8548 8549
0 0
0 0
8551 0
0 0
8553 8652
8554 0
8555 8556
0 0
8557 8559
8558 0
0 0
8560 8561
0 0
8562 8650
8563 0
8564 8648
8565 8566
0 0
8567 8569
8568 0
0 0
8570 0
8571 0
8572 8647
8573 8575
8574 0
0 0
8576 8644
8577 8579
8578 0
0 0
8580 8641
8581 8582
0 0
8583 8638
8584 0
8585 8635
8586 8588
8587 0
0 0
8589 0
8590 8592
8591 0
0 0
8593 8594
0 0
8595 0
8596 8632
8597 8630
8598 8627
8599 8600
0 0
8601 8624
8602 8621
8603 0
8604 8618
8605 8606
0 0
8607 0
8608 0
8609 8615
8610 8614
8611 8613
8612 0
0 0
0 0
0 0
8616 8617
0 0
0 0
8619 0
8620 0
0 0
8622 0
8623 0
0 0
8625 8626
0 0
0 0
8628 8629
0 0
0 0
8631 0
0 0
8633 8634
0 0
0 0
8636 0
8637 0
0 0
8639 0
8640 0
0 0
8642 8643
0 0
0 0
8645 8646
0 0
0 0
0 0
8649 0
0 0
8651 0
0 0
8653 0
8654 0
0 0
0 0
0 0
8658 0
0 0
8660 0
0 0
8662 0
0 0
8664 0
0 0
8666 0
0 0
0 0
8669 8670
0 0
0 0
0 0
0 0
8674 0
8675 0
0 0
0 0
0 0
8679 8680
0 0
0 0
8682 8683
0 0
0 0
0 0
0 0
8687 0
0 0
8689 0
8690 0
0 0
8692 0
0 0
8694 0
0 0
0 0
8697 0
8698 0
0 0
8700 0
0 0
8702 0
8703 0
0 0
8705 8706
0 0
0 0
8708 0
0 0
8710 0
0 0
8712 0
8713 0
0 0
8715 0
8716 0
0 0
8718 0
0 0
0 0
0 0
8722 0
0 0
8724 8725
0 0
0 0
8727 9894
8728 8729
0 0
8730 9891
8731 8732
0 0
8733 9888
8734 9885
8735 9882
8736 8737
0 0
8738 8740
8739 0
0 0
8741 8742
0 0
8743 0
8744 9880
8745 8746
0 0
8747 8748
0 0
8749 9877
8750 9875
8751 9874
8752 9872
8753 9871
8754 9868
8755 0
8756 8758
8757 0
0 0
8759 9865
8760 9863
8761 8763
8762 0
0 0
8764 0
8765 9861
8766 8767
0 0
8768 9858
8769 8771
8770 0
0 0
8772 9857
8773 0
8774 9855
8775 0
8776 9853
8777 8779
8778 0
0 0
8780 9852
8781 9849
8782 9848
8783 8785
8784 0
0 0
8786 0
8787 8788
0 0
8789 8791
8790 0
0 0
8792 0
8793 9846
8794 8795
0 0
8796 0
8797 0
8798 9845
8799 8801
8800 0
0 0
8802 8804
8803 0
0 0
8805 8806
0 0
8807 9844
8808 8809
0 0
8810 9842
8811 8812
0 0
8813 9840
8814 9838
8815 8816
0 0
8817 9837
8818 8819
0 0
8820 9834
8821 9327
8822 9326
8823 0
8824 8826
8825 0
0 0
8827 9325
8828 9323
8829 9322
8830 9321
8831 8832
0 0
8833 8835
8834 0
0 0
8836 8837
0 0
8838 9319
8839 9316
8840 9313
8841 9310
8842 9307
8843 9306
8844 9304
8845 9301
8846 0
8847 0
8848 9300
8849 9299
8850 8851
0 0
8852 9296
8853 8855
8854 0
0 0
8856 9295
8857 8858
0 0
8859 9293
8860 9290
8861 9288
8862 9287
8863 8865
8864 0
0 0
8866 8868
8867 0
0 0
8869 9285
8870 9283
8871 9281
8872 8873
0 0
8874 8875
0 0
8876 8878
8877 0
0 0
8879 8881
8880 0
0 0
8882 9279
8883 8884
0 0
8885 8886
0 0
8887 8888
0 0
8889 0
8890 8892
8891 0
0 0
8893 9276
8894 0
8895 9273
8896 8898
8897 0
0 0
8899 9270
8900 9269
8901 8903
8902 0
0 0
8904 9266
8905 8906
0 0
8907 8909
8908 0
0 0
8910 8911
0 0
8912 8914
8913 0
0 0
8915 0
8916 9263
8917 0
8918 9262
8919 8921
8920 0
0 0
8922 8923
0 0
8924 0
8925 8927
8926 0
0 0
8928 0
8929 9259
8930 9257
8931 8932
0 0
8933 8935
8934 0
0 0
8936 9254
8937 9251
8938 8939
0 0
8940 0
8941 8943
8942 0
0 0
8944 8945
0 0
8946 8947
0 0
8948 9249
8949 0
8950 9248
8951 9245
8952 8953
0 0
8954 0
8955 9242
8956 8958
8957 0
0 0
8959 9240
8960 9237
8961 9236
8962 8964
8963 0
0 0
8965 9235
8966 8967
0 0
8968 8969
0 0
8970 9232
8971 9229
8972 8974
8973 0
0 0
8975 9226
8976 9225
8977 8979
8978 0
0 0
8980 0
8981 8982
0 0
8983 8984
0 0
8985 9222
8986 0
8987 9219
8988 8989
0 0
8990 0
8991 9216
8992 0
8993 0
8994 8996
8995 0
0 0
8997 0
8998 9213
8999 9000
0 0
9001 9210
9002 9209
9003 9004
0 0
9005 9207
9006 9007
0 0
9008 9010
9009 0
0 0
9011 0
9012 9013
0 0
9014 0
9015 9206
9016 9205
9017 0
9018 0
9019 0
9020 9022
9021 0
0 0
9023 9025
9024 0
0 0
9026 9203
9027 0
9028 9030
9029 0
0 0
9031 9033
9032 0
0 0
9034 9202
9035 9036
0 0
9037 9199
9038 9040
9039 0
0 0
9041 9042
0 0
9043 9198
9044 9045
0 0
9046 9197
9047 9195
9048 9193
9049 9191
9050 9190
9051 9053
9052 0
0 0
9054 9189
9055 0
9056 9188
9057 0
9058 0
9059 9187
9060 9062
9061 0
0 0
9063 9186
9064 9065
0 0
9066 9185
9067 9069
9068 0
0 0
9070 9184
9071 9072
0 0
9073 9183
9074 9182
9075 9128
9076 9077
0 0
9078 9125
9079 0
9080 9122
9081 9121
9082 9083
0 0
9084 9120
9085 9087
9086 0
0 0
9088 9119
9089 9116
9090 9113
9091 9111
9092 9109
9093 9094
0 0
9095 9107
9096 9105
9097 9103
9098 9101
9099 0
9100 0
0 0
9102 0
0 0
9104 0
0 0
9106 0
0 0
9108 0
0 0
9110 0
0 0
9112 0
0 0
9114 9115
0 0
0 0
9117 0
9118 0
0 0
0 0
0 0
0 0
9123 9124
0 0
0 0
9126 9127
0 0
0 0
9129 9180
9130 0
9131 9178
9132 9133
0 0
9134 0
9135 9177
9136 0
9137 9138
0 0
9139 9176
9140 0
9141 9143
9142 0
0 0
9144 9173
9145 9147
9146 0
0 0
9148 9149
0 0
9150 9151
0 0
9152 9170
9153 9169
9154 9156
9155 0
0 0
9157 9159
9158 0
0 0
9160 9168
9161 9162
0 0
9163 9166
9164 0
9165 0
0 0
9167 0
0 0
0 0
0 0
9171 0
9172 0
0 0
9174 0
9175 0
0 0
0 0
0 0
9179 0
0 0
9181 0
0 0
0 0
0 0
0 0
0 0
0 0
0 0
0 0
0 0
0 0
9192 0
0 0
9194 0
0 0
9196 0
0 0
0 0
0 0
9200 9201
0 0
0 0
0 0
9204 0
0 0
0 0
0 0
9208 0
0 0
0 0
9211 9212
0 0
0 0
9214 9215
0 0
0 0
9217 9218
0 0
0 0
9220 0
9221 0
0 0
9223 0
9224 0
0 0
0 0
9227 0
9228 0
0 0
9230 9231
0 0
0 0
9233 0
9234 0
0 0
0 0
0 0
9238 9239
0 0
0 0
9241 0
0 0
9243 0
9244 0
0 0
9246 9247
0 0
0 0
0 0
9250 0
0 0
9252 9253
0 0
0 0
9255 0
9256 0
0 0
9258 0
0 0
9260 0
9261 0
0 0
0 0
9264 0
9265 0
0 0
9267 0
9268 0
0 0
0 0
9271 0
9272 0
0 0
9274 9275
0 0
0 0
9277 0
9278 0
0 0
9280 0
0 0
9282 0
0 0
9284 0
0 0
9286 0
0 0
0 0
9289 0
0 0
9291 0
9292 0
0 0
9294 0
0 0
0 0
9297 9298
0 0
0 0
0 0
0 0
9302 9303
0 0
0 0
9305 0
0 0
0 0
9308 0
9309 0
0 0
9311 9312
0 0
0 0
9314 0
9315 0
0 0
9317 0
9318 0
0 0
9320 0
0 0
0 0
0 0
9324 0
0 0
0 0
0 0
9328 0
9329 9330
0 0
9331 9332
0 0
9333 9831
9334 9829
9335 0
9336 9827
9337 9338
0 0
9339 9340
0 0
9341 0
9342 9343
0 0
9344 9346
9345 0
0 0
9347 9348
0 0
9349 9825
9350 9351
0 0
9352 9354
9353 0
0 0
9355 9824
9356 9823
9357 9358
0 0
9359 9360
0 0
9361 9362
0 0
9363 9364
0 0
9365 0
9366 9822
9367 9594
9368 9593
9369 9592
9370 0
9371 9372
0 0
9373 9375
9374 0
0 0
9376 0
9377 9378
0 0
9379 9380
0 0
9381 9383
9382 0
0 0
9384 0
9385 9386
0 0
9387 9388
0 0
9389 0
9390 9591
9391 9590
9392 9394
9393 0
0 0
9395 9587
9396 9584
9397 0
9398 0
9399 9400
0 0
9401 9402
0 0
9403 9582
9404 0
9405 9580
9406 9407
0 0
9408 9410
9409 0
0 0
9411 9579
9412 9577
9413 9576
9414 9416
9415 0
0 0
9417 9419
9418 0
0 0
9420 9421
0 0
9422 9424
9423 0
0 0
9425 9427
9426 0
0 0
9428 9573
9429 9430
0 0
9431 0
9432 9502
9433 0
9434 9435
0 0
9436 9501
9437 0
9438 9500
9439 9498
9440 0
9441 0
9442 0
9443 9445
9444 0
0 0
9446 0
9447 9448
0 0
9449 9451
9450 0
0 0
9452 9497
9453 9495
9454 9455
0 0
9456 0
9457 9458
0 0
9459 9461
9460 0
0 0
9462 9464
9463 0
0 0
9465 9467
9466 0
0 0
9468 9493
9469 9471
9470 0
0 0
9472 9473
0 0
9474 9490
9475 9487
9476 9485
9477 9483
9478 9482
9479 0
9480 0
9481 0
0 0
0 0
9484 0
0 0
9486 0
0 0
9488 9489
0 0
0 0
9491 9492
0 0
0 0
9494 0
0 0
9496 0
0 0
0 0
9499 0
0 0
0 0
0 0
9503 9570
9504 0
9505 9568
9506 9536
9507 9508
0 0
9509 0
9510 9512
9511 0
0 0
9513 9535
9514 9534
9515 9517
9516 0
0 0
9518 9520
9519 0
0 0
9521 9522
0 0
9523 9532
9524 9531
9525 0
9526 9528
9527 0
0 0
9529 0
9530 0
0 0
0 0
9533 0
0 0
0 0
0 0
9537 9566
9538 9564
9539 9563
9540 9541
0 0
9542 9561
9543 0
9544 9558
9545 9556
9546 9547
0 0
9548 9554
9549 9550
0 0
9551 9553
9552 0
0 0
0 0
9555 0
0 0
9557 0
0 0
9559 0
9560 0
0 0
9562 0
0 0
0 0
9565 0
0 0
9567 0
0 0
9569 0
0 0
9571 0
9572 0
0 0
9574 9575
0 0
0 0
0 0
9578 0
0 0
0 0
9581 0
0 0
9583 0
0 0
9585 0
9586 0
0 0
9588 0
9589 0
0 0
0 0
0 0
0 0
0 0
9595 9819
9596 9817
9597 0
9598 0
9599 0
9600 0
9601 9815
9602 9813
9603 9812
9604 9809
9605 9606
0 0
9607 9808
9608 9806
9609 9610
0 0
9611 9613
9612 0
0 0
9614 9804
9615 9801
9616 9618
9617 0
0 0
9619 9621
9620 0
0 0
9622 0
9623 9625
9624 0
0 0
9626 9628
9627 0
0 0
9629 9631
9630 0
0 0
9632 0
9633 9634
0 0
9635 9800
9636 9637
0 0
9638 0
9639 9641
9640 0
0 0
9642 0
9643 9644
0 0
9645 9799
9646 9796
9647 9648
0 0
9649 0
9650 9795
9651 9793
9652 9653
0 0
9654 9656
9655 0
0 0
9657 9792
9658 0
9659 9661
9660 0
0 0
9662 0
9663 9664
0 0
9665 9791
9666 9668
9667 0
0 0
9669 9789
9670 9671
0 0
9672 9788
9673 9786
9674 9675
0 0
9676 9785
9677 9782
9678 9679
0 0
9680 9779
9681 9776
9682 9775
9683 9772
9684 9769
9685 9686
0 0
9687 9767
9688 9764
9689 9763
9690 9761
9691 9725
9692 9693
0 0
9694 9722
9695 0
9696 0
9697 9721
9698 0
9699 9700
0 0
9701 9720
9702 9704
9703 0
0 0
9705 9718
9706 9716
9707 9713
9708 9711
9709 0
9710 0
0 0
9712 0
0 0
9714 0
9715 0
0 0
9717 0
0 0
9719 0
0 0
0 0
0 0
9723 0
9724 0
0 0
9726 9727
0 0
9728 9730
9729 0
0 0
9731 0
9732 9759
9733 9758
9734 9756
9735 9754
9736 9751
9737 9738
0 0
9739 9741
9740 0
0 0
9742 9743
0 0
9744 9746
9745 0
0 0
9747 9748
0 0
9749 9750
0 0
0 0
9752 0
9753 0
0 0
9755 0
0 0
9757 0
0 0
0 0
9760 0
0 0
9762 0
0 0
0 0
9765 0
9766 0
0 0
9768 0
0 0
9770 9771
0 0
0 0
9773 9774
0 0
0 0
0 0
9777 0
9778 0
0 0
9780 0
9781 0
0 0
9783 9784
0 0
0 0
0 0
9787 0
0 0
0 0
9790 0
0 0
0 0
0 0
9794 0
0 0
0 0
9797 9798
0 0
0 0
0 0
0 0
9802 0
9803 0
0 0
9805 0
0 0
9807 0
0 0
0 0
9810 0
9811 0
0 0
0 0
9814 0
0 0
9816 0
0 0
9818 0
0 0
9820 0
9821 0
0 0
0 0
0 0
0 0
9826 0
0 0
9828 0
0 0
9830 0
0 0
9832 9833
0 0
0 0
9835 9836
0 0
0 0
0 0
9839 0
0 0
9841 0
0 0
9843 0
0 0
0 0
0 0
9847 0
0 0
0 0
9850 0
9851 0
0 0
0 0
9854 0
0 0
9856 0
0 0
0 0
9859 0
9860 0
0 0
9862 0
0 0
9864 0
0 0
9866 0
9867 0
0 0
9869 9870
0 0
0 0
0 0
9873 0
0 0
0 0
9876 0
0 0
9878 0
9879 0
0 0
9881 0
0 0
9883 9884
0 0
0 0
9886 0
9887 0
0 0
9889 9890
0 0
0 0
9892 9893
0 0
0 0
9895 0
0 0
9897 0
9898 0
0 0
9900 0
0 0
9902 0
0 0
9904 0
9905 0
0 0
9907 9908
0 0
0 0
9910 9911
0 0
0 0
0 0
0 0
9915 0
9916 0
0 0
0 0
0 0
0 0
9921 0
0 0
0 0
0 0
9925 9926
0 0
0 0
9928 0
0 0
9930 0
9931 0
0 0
9933 0
0 0
9935 9936
0 0
0 0
9938 0
9939 0
0 0
9941 0
0 0
0 0
9944 0
0 0
9946 0
9947 0
0 0
0 0
9950 0
0 0
9952 9953
0 0
0 0
0 0
0 0
9957 0
9958 0
0 0
9960 0
9961 0
0 0
9963 0
0 0
9965 0
9966 0
0 0
9968 0
0 0
0 0
0 0
9972 0
9973 0
0 0
9975 0
0 0
9977 0
0 0
0 0
9980 0
0 0
9982 9983
0 0
0 0
9985 0
0 0
9987 0
0 0
9989 0
0 0
0 0
9992 9993
0 0
0 0
9995 9996
0 0
0 0
0 0
0 0
10000 0
0 0
