10000
2 9998
3 9997
4 9996
5 0
6 9995
7 9994
8 9991
9 10
0 0
11 12
0 0
13 9990
14 16
15 0
0 0
17 9988
18 9987
19 9986
20 9984
21 9982
22 0
23 9979
24 9977
25 9974
26 9971
27 9970
28 9968
29 9967
30 32
31 0
0 0
33 34
0 0
35 36
0 0
37 9964
38 9963
39 9961
40 9958
41 9956
42 9953
43 0
44 45
0 0
46 9950
47 9948
48 50
49 0
0 0
51 9945
52 9943
53 0
54 55
0 0
56 57
0 0
58 9940
59 0
60 0
61 9939
62 0
63 0
64 9937
65 9935
66 67
0 0
68 69
0 0
70 9933
71 0
72 9932
73 75
74 0
0 0
76 9929
77 9927
78 9926
79 9924
80 0
81 83
82 0
0 0
84 9923
85 86
0 0
87 9920
88 9919
89 90
0 0
91 0
92 0
93 9918
94 9917
95 9915
96 9912
97 9910
98 100
99 0
0 0
101 9908
102 0
103 0
104 0
105 9905
106 9904
107 9902
108 9900
109 110
0 0
111 112
0 0
113 114
0 0
115 117
116 0
0 0
118 9898
119 120
0 0
121 123
122 0
0 0
124 126
125 0
0 0
127 0
128 129
0 0
130 9895
131 133
132 0
0 0
134 9893
135 9890
136 137
0 0
138 9889
139 141
140 0
0 0
142 144
143 0
0 0
145 9887
146 9884
147 148
0 0
149 9883
150 152
151 0
0 0
153 0
154 9881
155 156
0 0
157 159
158 0
0 0
160 0
161 9879
162 0
163 165
164 0
0 0
166 168
167 0
0 0
169 171
170 0
0 0
172 9878
173 9876
174 175
0 0
176 0
177 0
178 0
179 181
180 0
0 0
182 9874
183 9871
184 186
185 0
0 0
187 9868
188 9866
189 191
190 0
0 0
192 9863
193 195
194 0
0 0
196 9862
197 9859
198 0
199 201
200 0
0 0
202 9857
203 205
204 0
0 0
206 208
207 0
0 0
209 9856
210 9854
211 213
212 0
0 0
214 9852
215 9850
216 9849
217 9846
218 9843
219 0
220 222
221 0
0 0
223 0
224 9842
225 226
0 0
227 9839
228 229
0 0
230 0
231 9838
232 9835
233 235
234 0
0 0
236 5035
237 0
238 0
239 241
240 0
0 0
242 244
243 0
0 0
245 246
0 0
247 249
248 0
0 0
250 251
0 0
252 5034
253 255
254 0
0 0
256 0
257 258
0 0
259 5033
260 262
261 0
0 0
263 5031
264 265
0 0
266 5029
267 268
0 0
269 271
270 0
0 0
272 273
0 0
274 5027
275 5025
276 5022
277 5021
278 280
279 0
0 0
281 282
0 0
283 5018
284 5016
285 5014
286 0
287 289
288 0
0 0
290 292
291 0
0 0
293 5013
294 0
295 5010
296 298
297 0
0 0
299 0
300 5008
301 0
302 303
0 0
304 306
305 0
0 0
307 309
308 0
0 0
310 311
0 0
312 314
313 0
0 0
315 5006
316 317
0 0
318 5004
319 5003
320 5001
321 4998
322 4996
323 325
324 0
0 0
326 4994
327 4991
328 4990
329 0
330 4987
331 333
332 0
0 0
334 335
0 0
336 0
337 339
338 0
0 0
340 0
341 4984
342 0
343 4983
344 4981
345 347
346 0
0 0
348 0
349 4980
350 4979
351 0
352 4978
353 355
354 0
0 0
356 357
0 0
358 4975
359 361
360 0
0 0
362 4973
363 364
0 0
365 4971
366 4969
367 0
368 4967
369 371
370 0
0 0
372 4965
373 374
0 0
375 4963
376 378
377 0
0 0
379 4961
380 4960
381 2670
382 2668
383 0
384 0
385 1526
386 1523
387 388
0 0
389 1522
390 1519
391 954
392 952
393 395
394 0
0 0
396 397
0 0
398 950
399 949
400 401
0 0
402 403
0 0
404 947
405 946
406 943
407 942
408 410
409 0
0 0
411 412
0 0
413 939
414 937
415 934
416 932
417 931
418 419
0 0
420 929
421 423
422 0
0 0
424 928
425 927
426 427
0 0
428 429
0 0
430 926
431 0
432 0
433 435
434 0
0 0
436 0
437 924
438 440
439 0
0 0
441 443
442 0
0 0
444 921
445 446
0 0
447 918
448 450
449 0
0 0
451 0
452 916
453 0
454 913
455 457
456 0
0 0
458 460
459 0
0 0
461 463
462 0
0 0
464 911
465 466
0 0
467 909
468 469
0 0
470 471
0 0
472 473
0 0
474 691
475 477
476 0
0 0
478 688
479 686
480 685
481 684
482 682
483 0
484 486
485 0
0 0
487 489
488 0
0 0
490 679
491 678
492 494
493 0
0 0
495 497
496 0
0 0
498 677
499 675
500 673
501 672
502 0
503 0
504 505
0 0
506 507
0 0
508 0
509 0
510 0
511 671
512 670
513 669
514 515
0 0
516 668
517 518
0 0
519 665
520 521
0 0
522 523
0 0
524 0
525 664
526 663
527 660
528 530
529 0
0 0
531 0
532 0
533 0
534 659
535 656
536 0
537 655
538 652
539 649
540 541
0 0
542 647
543 646
544 644
545 547
546 0
0 0
548 0
549 643
550 552
551 0
0 0
553 0
554 642
555 0
556 0
557 639
558 0
559 638
560 636
561 634
562 0
563 564
0 0
565 632
566 567
0 0
568 0
569 631
570 571
0 0
572 628
573 625
574 623
575 622
576 578
577 0
0 0
579 0
580 621
581 620
582 584
583 0
0 0
585 618
586 588
587 0
0 0
589 615
590 0
591 0
592 613
593 610
594 596
595 0
0 0
597 609
598 600
599 0
0 0
601 606
602 0
603 604
0 0
605 0
0 0
607 608
0 0
0 0
0 0
611 0
612 0
0 0
614 0
0 0
616 617
0 0
0 0
619 0
0 0
0 0
0 0
0 0
624 0
0 0
626 627
0 0
0 0
629 630
0 0
0 0
0 0
633 0
0 0
635 0
0 0
637 0
0 0
0 0
640 0
641 0
0 0
0 0
0 0
645 0
0 0
0 0
648 0
0 0
650 651
0 0
0 0
653 654
0 0
0 0
0 0
657 0
658 0
0 0
0 0
661 0
662 0
0 0
0 0
0 0
666 667
0 0
0 0
0 0
0 0
0 0
0 0
0 0
674 0
0 0
676 0
0 0
0 0
0 0
680 681
0 0
0 0
683 0
0 0
0 0
0 0
687 0
0 0
689 690
0 0
0 0
692 694
693 0
0 0
695 907
696 0
697 699
698 0
0 0
700 0
701 703
702 0
0 0
704 904
705 707
706 0
0 0
708 709
0 0
710 712
711 0
0 0
713 0
714 901
715 716
0 0
717 898
718 0
719 0
720 0
721 895
722 0
723 724
0 0
725 0
726 892
727 889
728 730
729 0
0 0
731 888
732 885
733 734
0 0
735 737
736 0
0 0
738 882
739 881
740 741
0 0
742 0
743 879
744 746
745 0
0 0
747 749
748 0
0 0
750 878
751 752
0 0
753 875
754 756
755 0
0 0
757 0
758 873
759 761
760 0
0 0
762 870
763 867
764 766
765 0
0 0
767 816
768 813
769 0
770 812
771 0
772 774
773 0
0 0
775 776
0 0
777 779
778 0
0 0
780 809
781 783
782 0
0 0
784 785
0 0
786 807
787 804
788 790
789 0
0 0
791 801
792 0
793 794
0 0
795 798
796 797
0 0
0 0
799 800
0 0
0 0
802 803
0 0
0 0
805 0
806 0
0 0
808 0
0 0
810 0
811 0
0 0
0 0
814 0
815 0
0 0
817 864
818 0
819 0
820 862
821 859
822 858
823 856
824 825
0 0
826 0
827 853
828 852
829 851
830 849
831 833
832 0
0 0
834 841
835 0
836 838
837 0
0 0
839 0
840 0
0 0
842 0
843 847
844 845
0 0
846 0
0 0
848 0
0 0
850 0
0 0
0 0
0 0
854 855
0 0
0 0
857 0
0 0
0 0
860 0
861 0
0 0
863 0
0 0
865 866
0 0
0 0
868 869
0 0
0 0
871 0
872 0
0 0
874 0
0 0
876 0
877 0
0 0
0 0
880 0
0 0
0 0
883 0
884 0
0 0
886 887
0 0
0 0
0 0
890 0
891 0
0 0
893 0
894 0
0 0
896 0
897 0
0 0
899 0
900 0
0 0
902 903
0 0
0 0
905 0
906 0
0 0
908 0
0 0
910 0
0 0
912 0
0 0
914 915
0 0
0 0
917 0
0 0
919 920
0 0
0 0
922 923
0 0
0 0
925 0
0 0
0 0
0 0
0 0
930 0
0 0
0 0
933 0
0 0
935 0
936 0
0 0
938 0
0 0
940 941
0 0
0 0
0 0
944 945
0 0
0 0
0 0
948 0
0 0
0 0
951 0
0 0
953 0
0 0
955 1518
956 958
957 0
0 0
959 961
960 0
0 0
962 1515
963 1514
964 0
965 1513
966 967
0 0
968 1511
969 1510
970 0
971 1507
972 973
0 0
974 976
975 0
0 0
977 1505
978 1502
979 1500
980 982
981 0
0 0
983 1497
984 0
985 1494
986 0
987 0
988 989
0 0
990 991
0 0
992 1492
993 1491
994 1490
995 996
0 0
997 999
998 0
0 0
1000 1488
1001 1486
1002 0
1003 1483
1004 1005
0 0
1006 1480
1007 1477
1008 1009
0 0
1010 0
1011 1475
1012 1473
1013 1014
0 0
1015 0
1016 0
1017 1018
0 0
1019 1245
1020 1244
1021 1241
1022 1239
1023 1024
0 0
1025 1026
0 0
1027 1236
1028 1030
1029 0
0 0
1031 1032
0 0
1033 1034
0 0
1035 1036
0 0
1037 1234
1038 1231
1039 1229
1040 1227
1041 1226
1042 1224
1043 1223
1044 1046
1045 0
0 0
1047 1049
1048 0
0 0
1050 1051
0 0
1052 1221
1053 1219
1054 0
1055 1216
1056 1058
1057 0
0 0
1059 1215
1060 1212
1061 1209
1062 1064
1063 0
0 0
1065 1207
1066 1067
0 0
1068 1205
1069 1203
1070 1200
1071 1199
1072 1196
1073 0
1074 0
1075 1076
0 0
1077 1195
1078 1080
1079 0
0 0
1081 0
1082 1194
1083 1192
1084 1085
0 0
1086 1189
1087 0
1088 1188
1089 1187
1090 1092
1091 0
0 0
1093 1186
1094 1183
1095 0
1096 0
1097 0
1098 1182
1099 1181
1100 1101
0 0
1102 1180
1103 1177
1104 1174
1105 0
1106 1107
0 0
1108 1172
1109 0
1110 1111
0 0
1112 1169
1113 1168
1114 1115
0 0
1116 1165
1117 1163
1118 0
1119 1160
1120 0
1121 1122
0 0
1123 1159
1124 1126
1125 0
0 0
1127 1128
0 0
1129 0
1130 1158
1131 1157
1132 0
1133 0
1134 1154
1135 1137
1136 0
0 0
1138 0
1139 1141
1140 0
0 0
1142 0
1143 1151
1144 1145
0 0
1146 0
1147 1150
1148 1149
0 0
0 0
0 0
1152 0
1153 0
0 0
1155 1156
0 0
0 0
0 0
0 0
0 0
1161 0
1162 0
0 0
1164 0
0 0
1166 0
1167 0
0 0
0 0
1170 1171
0 0
0 0
1173 0
0 0
1175 1176
0 0
0 0
1178 0
1179 0
0 0
0 0
0 0
0 0
1184 0
1185 0
0 0
0 0
0 0
0 0
1190 0
1191 0
0 0
1193 0
0 0
0 0
0 0
1197 0
1198 0
0 0
0 0
1201 0
1202 0
0 0
1204 0
0 0
1206 0
0 0
1208 0
0 0
1210 0
1211 0
0 0
1213 1214
0 0
0 0
0 0
1217 1218
0 0
0 0
1220 0
0 0
1222 0
0 0
0 0
1225 0
0 0
0 0
1228 0
0 0
1230 0
0 0
1232 0
1233 0
0 0
1235 0
0 0
1237 0
1238 0
0 0
1240 0
0 0
1242 0
1243 0
0 0
0 0
1246 1470
1247 1469
1248 0
1249 0
1250 1252
1251 0
0 0
1253 1467
1254 1464
1255 1257
1256 0
0 0
1258 1462
1259 1461
1260 1262
1261 0
0 0
1263 0
1264 1460
1265 1457
1266 1455
1267 1269
1268 0
0 0
1270 0
1271 1272
0 0
1273 1274
0 0
1275 1453
1276 1451
1277 1450
1278 1280
1279 0
0 0
1281 1447
1282 1446
1283 1445
1284 0
1285 1442
1286 1287
0 0
1288 0
1289 1441
1290 1440
1291 1438
1292 0
1293 1436
1294 1435
1295 1296
0 0
1297 0
1298 1299
0 0
1300 1302
1301 0
0 0
1303 0
1304 1433
1305 1307
1306 0
0 0
1308 0
1309 0
1310 0
1311 1312
0 0
1313 1314
0 0
1315 0
1316 1318
1317 0
0 0
1319 1320
0 0
1321 1431
1322 1324
1323 0
0 0
1325 1327
1326 0
0 0
1328 1330
1329 0
0 0
1331 1333
1332 0
0 0
1334 1335
0 0
1336 1338
1337 0
0 0
1339 1340
0 0
1341 0
1342 0
1343 1344
0 0
1345 1430
1346 1348
1347 0
0 0
1349 0
1350 1351
0 0
1352 1427
1353 1354
0 0
1355 1357
1356 0
0 0
1358 1425
1359 1360
0 0
1361 1422
1362 1364
1363 0
0 0
1365 1366
0 0
1367 1369
1368 0
0 0
1370 0
1371 0
1372 1421
1373 1418
1374 1376
1375 0
0 0
1377 0
1378 0
1379 1381
1380 0
0 0
1382 1383
0 0
1384 1416
1385 1415
1386 1413
1387 1412
1388 0
1389 1390
0 0
1391 1409
1392 1394
1393 0
0 0
1395 1406
1396 1398
1397 0
0 0
1399 1405
1400 1403
1401 1402
0 0
0 0
1404 0
0 0
0 0
1407 0
1408 0
0 0
1410 1411
0 0
0 0
0 0
1414 0
0 0
0 0
1417 0
0 0
1419 1420
0 0
0 0
0 0
1423 0
1424 0
0 0
1426 0
0 0
1428 1429
0 0
0 0
0 0
1432 0
0 0
1434 0
0 0
0 0
1437 0
0 0
1439 0
0 0
0 0
0 0
1443 0
1444 0
0 0
0 0
0 0
1448 0
1449 0
0 0
0 0
1452 0
0 0
1454 0
0 0
1456 0
0 0
1458 0
1459 0
0 0
0 0
0 0
1463 0
0 0
1465 0
1466 0
0 0
1468 0
0 0
0 0
1471 1472
0 0
0 0
1474 0
0 0
1476 0
0 0
1478 0
1479 0
0 0
1481 1482
0 0
0 0
1484 0
1485 0
0 0
1487 0
0 0
1489 0
0 0
0 0
0 0
1493 0
0 0
1495 1496
0 0
0 0
1498 1499
0 0
0 0
1501 0
0 0
1503 1504
0 0
0 0
1506 0
0 0
1508 0
1509 0
0 0
0 0
1512 0
0 0
0 0
0 0
1516 0
1517 0
0 0
0 0
1520 0
1521 0
0 0
0 0
1524 1525
0 0
0 0
1527 1529
1528 0
0 0
1530 2666
1531 1532
0 0
1533 1535
1534 0
0 0
1536 2663
1537 2661
1538 1540
1539 0
0 0
1541 0
1542 2101
1543 2100
1544 2097
1545 1547
1546 0
0 0
1548 0
1549 2095
1550 0
1551 1552
0 0
1553 2093
1554 2091
1555 2088
1556 1557
0 0
1558 2087
1559 1561
1560 0
0 0
1562 2085
1563 0
1564 2084
1565 2082
1566 2079
1567 2078
1568 2075
1569 1570
0 0
1571 0
1572 2074
1573 1574
0 0
1575 0
1576 2073
1577 1578
0 0
1579 2071
1580 2068
1581 1583
1582 0
0 0
1584 1585
0 0
1586 1588
1587 0
0 0
1589 1590
0 0
1591 2065
1592 2064
1593 1595
1594 0
0 0
1596 1598
1597 0
0 0
1599 0
1600 2062
1601 2059
1602 2058
1603 2055
1604 2054
1605 2051
1606 2050
1607 1608
0 0
1609 2048
1610 0
1611 2046
1612 1614
1613 0
0 0
1615 2044
1616 0
1617 2043
1618 1619
0 0
1620 2041
1621 1622
0 0
1623 0
1624 2038
1625 2035
1626 1627
0 0
1628 1629
0 0
1630 1631
0 0
1632 2033
1633 0
1634 2032
1635 1636
0 0
1637 2029
1638 2026
1639 1640
0 0
1641 2023
1642 2021
1643 2018
1644 2015
1645 2012
1646 2009
1647 0
1648 2007
1649 2006
1650 2004
1651 0
1652 0
1653 0
1654 2001
1655 1656
0 0
1657 1658
0 0
1659 0
1660 0
1661 1663
1662 0
0 0
1664 1998
1665 1997
1666 1994
1667 0
1668 1670
1669 0
0 0
1671 1672
0 0
1673 1833
1674 1831
1675 1677
1676 0
0 0
1678 1830
1679 1829
1680 1682
1681 0
0 0
1683 1685
1684 0
0 0
1686 1828
1687 1827
1688 0
1689 1826
1690 1823
1691 1693
1692 0
0 0
1694 1820
1695 1818
1696 1697
0 0
1698 1817
1699 1757
1700 1756
1701 0
1702 1754
1703 1704
0 0
1705 1707
1706 0
0 0
1708 1710
1709 0
0 0
1711 1732
1712 0
1713 1715
1714 0
0 0
1716 1731
1717 0
1718 1720
1719 0
0 0
1721 0
1722 1724
1723 0
0 0
1725 1727
1726 0
0 0
1728 1729
0 0
1730 0
0 0
0 0
1733 1751
1734 1748
1735 0
1736 1747
1737 0
1738 1744
1739 1741
1740 0
0 0
1742 1743
0 0
0 0
1745 1746
0 0
0 0
0 0
1749 1750
0 0
0 0
1752 0
1753 0
0 0
1755 0
0 0
0 0
1758 1759
0 0
1760 1761
0 0
1762 0
1763 1765
1764 0
0 0
1766 1814
1767 1813
1768 0
1769 1770
0 0
1771 1812
1772 1809
1773 0
1774 0
1775 1777
1776 0
0 0
1778 1793
1779 1780
0 0
1781 1792
1782 1784
1783 0
0 0
1785 1787
1786 0
0 0
1788 1791
1789 0
1790 0
0 0
0 0
0 0
1794 1807
1795 1806
1796 1803
1797 1798
0 0
1799 1802
1800 1801
0 0
0 0
0 0
1804 0
1805 0
0 0
0 0
1808 0
0 0
1810 0
1811 0
0 0
0 0
0 0
1815 0
1816 0
0 0
0 0
1819 0
0 0
1821 0
1822 0
0 0
1824 1825
0 0
0 0
0 0
0 0
0 0
0 0
0 0
1832 0
0 0
1834 1991
1835 1989
1836 1838
1837 0
0 0
1839 1841
1840 0
0 0
1842 1843
0 0
1844 1987
1845 1846
0 0
1847 1985
1848 1983
1849 1980
1850 1977
1851 1853
1852 0
0 0
1854 1976
1855 1975
1856 0
1857 0
1858 1860
1859 0
0 0
1861 1973
1862 1971
1863 1968
1864 1967
1865 0
1866 0
1867 1869
1868 0
0 0
1870 1965
1871 1962
1872 1960
1873 1957
1874 1955
1875 1877
1876 0
0 0
1878 1952
1879 1949
1880 1946
1881 1943
1882 1941
1883 1884
0 0
1885 1940
1886 1938
1887 1888
0 0
1889 0
1890 1935
1891 1934
1892 0
1893 1894
0 0
1895 1933
1896 1898
1897 0
0 0
1899 1901
1900 0
0 0
1902 1932
1903 1931
1904 0
1905 0
1906 1930
1907 0
1908 0
1909 1910
0 0
1911 0
1912 1928
1913 1926
1914 1925
1915 1923
1916 1918
1917 0
0 0
1919 1922
1920 0
1921 0
0 0
0 0
1924 0
0 0
0 0
1927 0
0 0
1929 0
0 0
0 0
0 0
0 0
0 0
0 0
1936 1937
0 0
0 0
1939 0
0 0
0 0
1942 0
0 0
1944 1945
0 0
0 0
1947 1948
0 0
0 0
1950 1951
0 0
0 0
1953 0
1954 0
0 0
1956 0
0 0
1958 0
1959 0
0 0
1961 0
0 0
1963 0
1964 0
0 0
1966 0
0 0
0 0
1969 0
1970 0
0 0
1972 0
0 0
1974 0
0 0
0 0
0 0
1978 0
1979 0
0 0
1981 1982
0 0
0 0
1984 0
0 0
1986 0
0 0
1988 0
0 0
1990 0
0 0
1992 0
1993 0
0 0
1995 1996
0 0
0 0
0 0
1999 2000
0 0
0 0
2002 2003
0 0
0 0
2005 0
0 0
0 0
2008 0
0 0
2010 0
2011 0
0 0
2013 0
2014 0
0 0
2016 0
2017 0
0 0
2019 0
2020 0
0 0
2022 0
0 0
2024 0
2025 0
0 0
2027 2028
0 0
0 0
2030 2031
0 0
0 0
0 0
2034 0
0 0
2036 2037
0 0
0 0
2039 0
2040 0
0 0
2042 0
0 0
0 0
2045 0
0 0
2047 0
0 0
2049 0
0 0
0 0
2052 2053
0 0
0 0
0 0
2056 2057
0 0
0 0
0 0
2060 2061
0 0
0 0
2063 0
0 0
0 0
2066 2067
0 0
0 0
2069 0
2070 0
0 0
2072 0
0 0
0 0
0 0
2076 2077
0 0
0 0
0 0
2080 2081
0 0
0 0
2083 0
0 0
0 0
2086 0
0 0
0 0
2089 0
2090 0
0 0
2092 0
0 0
2094 0
0 0
2096 0
0 0
2098 0
2099 0
0 0
0 0
2102 2659
2103 2105
2104 0
0 0
2106 2108
2107 0
0 0
2109 2656
2110 2111
0 0
2112 2114
2113 0
0 0
2115 2655
2116 2652
2117 2651
2118 2649
2119 2646
2120 2644
2121 2641
2122 2640
2123 0
2124 2126
2125 0
0 0
2127 2637
2128 2636
2129 2130
0 0
2131 2633
2132 2134
2133 0
0 0
2135 2137
2136 0
0 0
2138 2140
2139 0
0 0
2141 2630
2142 2143
0 0
2144 2628
2145 2625
2146 0
2147 2622
2148 0
2149 0
2150 2621
2151 2153
2152 0
0 0
2154 2618
2155 2615
2156 2613
2157 2159
2158 0
0 0
2160 2611
2161 2610
2162 2163
0 0
2164 2166
2165 0
0 0
2167 2168
0 0
2169 2608
2170 2606
2171 2605
2172 0
2173 0
2174 2602
2175 2177
2176 0
0 0
2178 2179
0 0
2180 2181
0 0
2182 2599
2183 0
2184 2391
2185 2390
2186 2187
0 0
2188 2189
0 0
2190 2387
2191 2192
0 0
2193 2386
2194 2195
0 0
2196 0
2197 2383
2198 0
2199 2201
2200 0
0 0
2202 2380
2203 2379
2204 2205
0 0
2206 0
2207 0
2208 2210
2209 0
0 0
2211 2376
2212 2374
2213 2373
2214 2372
2215 2370
2216 2218
2217 0
0 0
2219 2367
2220 2221
0 0
2222 2224
2223 0
0 0
2225 2227
2226 0
0 0
2228 2229
0 0
2230 2365
2231 2232
0 0
2233 2362
2234 2359
2235 2358
2236 2238
2237 0
0 0
2239 2355
2240 2352
2241 2243
2242 0
0 0
2244 0
2245 0
2246 0
2247 2349
2248 0
2249 2250
0 0
2251 0
2252 2254
2253 0
0 0
2255 2347
2256 2345
2257 2343
2258 2341
2259 0
2260 2340
2261 2338
2262 2336
2263 2265
2264 0
0 0
2266 2268
2267 0
0 0
2269 0
2270 0
2271 0
2272 2335
2273 2334
2274 0
2275 2332
2276 2278
2277 0
0 0
2279 2281
2280 0
0 0
2282 2329
2283 0
2284 2285
0 0
2286 2326
2287 0
2288 2290
2289 0
0 0
2291 2293
2292 0
0 0
2294 2309
2295 2308
2296 2306
2297 2304
2298 2299
0 0
2300 2301
0 0
2302 2303
0 0
0 0
2305 0
0 0
2307 0
0 0
0 0
2310 2312
2311 0
0 0
2313 2324
2314 2315
0 0
2316 0
2317 2319
2318 0
0 0
2320 2323
2321 0
2322 0
0 0
0 0
2325 0
0 0
2327 0
2328 0
0 0
2330 2331
0 0
0 0
2333 0
0 0
0 0
0 0
2337 0
0 0
2339 0
0 0
0 0
2342 0
0 0
2344 0
0 0
2346 0
0 0
2348 0
0 0
2350 0
2351 0
0 0
2353 2354
0 0
0 0
2356 0
2357 0
0 0
0 0
2360 2361
0 0
0 0
2363 0
2364 0
0 0
2366 0
0 0
2368 2369
0 0
0 0
2371 0
0 0
0 0
0 0
2375 0
0 0
2377 0
2378 0
0 0
0 0
2381 2382
0 0
0 0
2384 0
2385 0
0 0
0 0
2388 2389
0 0
0 0
0 0
2392 0
2393 2598
2394 2596
2395 2595
2396 2397
0 0
2398 2400
2399 0
0 0
2401 2592
2402 0
2403 0
2404 2589
2405 2587
2406 2585
2407 0
2408 2410
2409 0
0 0
2411 2584
2412 2414
2413 0
0 0
2415 2582
2416 0
2417 2418
0 0
2419 0
2420 2421
0 0
2422 0
2423 2424
0 0
2425 2580
2426 0
2427 2579
2428 2578
2429 2430
0 0
2431 0
2432 2434
2433 0
0 0
2435 2577
2436 2576
2437 2573
2438 2439
0 0
2440 2572
2441 2571
2442 2569
2443 2444
0 0
2445 2567
2446 2447
0 0
2448 2449
0 0
2450 0
2451 2452
0 0
2453 2454
0 0
2455 2457
2456 0
0 0
2458 2565
2459 0
2460 2462
2461 0
0 0
2463 2464
0 0
2465 2563
2466 0
2467 2468
0 0
2469 0
2470 2471
0 0
2472 2473
0 0
2474 2561
2475 2558
2476 0
2477 0
2478 2479
0 0
2480 0
2481 2557
2482 2483
0 0
2484 2556
2485 0
2486 2554
2487 2552
2488 2489
0 0
2490 0
2491 2550
2492 2549
2493 2547
2494 2546
2495 0
2496 2544
2497 2499
2498 0
0 0
2500 2502
2501 0
0 0
2503 0
2504 2542
2505 2540
2506 0
2507 0
2508 2538
2509 0
2510 2511
0 0
2512 2535
2513 2532
2514 2529
2515 2526
2516 2525
2517 2519
2518 0
0 0
2520 2523
2521 0
2522 0
0 0
2524 0
0 0
0 0
2527 2528
0 0
0 0
2530 0
2531 0
0 0
2533 2534
0 0
0 0
2536 0
2537 0
0 0
2539 0
0 0
2541 0
0 0
2543 0
0 0
2545 0
0 0
0 0
2548 0
0 0
0 0
2551 0
0 0
2553 0
0 0
2555 0
0 0
0 0
0 0
2559 2560
0 0
0 0
2562 0
0 0
2564 0
0 0
2566 0
0 0
2568 0
0 0
2570 0
0 0
0 0
0 0
2574 0
2575 0
0 0
0 0
0 0
0 0
0 0
2581 0
0 0
2583 0
0 0
0 0
2586 0
0 0
2588 0
0 0
2590 0
2591 0
0 0
2593 0
2594 0
0 0
0 0
2597 0
0 0
0 0
2600 0
2601 0
0 0
2603 0
2604 0
0 0
0 0
2607 0
0 0
2609 0
0 0
0 0
2612 0
0 0
2614 0
0 0
2616 0
2617 0
0 0
2619 0
2620 0
0 0
0 0
2623 0
2624 0
0 0
2626 0
2627 0
0 0
2629 0
0 0
2631 0
2632 0
0 0
2634 0
2635 0
0 0
0 0
2638 2639
0 0
0 0
0 0
2642 2643
0 0
0 0
2645 0
0 0
2647 2648
0 0
0 0
2650 0
0 0
0 0
2653 0
2654 0
0 0
0 0
2657 0
2658 0
0 0
2660 0
0 0
2662 0
0 0
2664 2665
0 0
0 0
2667 0
0 0
2669 0
0 0
2671 0
2672 4959
2673 4957
2674 4954
2675 0
2676 4952
2677 2679
2678 0
0 0
2680 4950
2681 4948
2682 2684
2683 0
0 0
2685 0
2686 2688
2687 0
0 0
2689 2690
0 0
2691 2692
0 0
2693 2695
2694 0
0 0
2696 2697
0 0
2698 4947
2699 4946
2700 4943
2701 2702
0 0
2703 0
2704 4942
2705 2706
0 0
2707 4941
2708 4938
2709 4937
2710 4935
2711 4934
2712 0
2713 4932
2714 4930
2715 2717
2716 0
0 0
2718 4929
2719 2721
2720 0
0 0
2722 2723
0 0
2724 2726
2725 0
0 0
2727 0
2728 2730
2729 0
0 0
2731 2733
2732 0
0 0
2734 2736
2735 0
0 0
2737 4926
2738 4925
2739 4922
2740 4921
2741 0
2742 4918
2743 4916
2744 0
2745 4913
2746 0
2747 0
2748 4910
2749 2751
2750 0
0 0
2752 2753
0 0
2754 4909
2755 4906
2756 4903
2757 4902
2758 0
2759 2761
2760 0
0 0
2762 4901
2763 4899
2764 2766
2765 0
0 0
2767 4896
2768 2770
2769 0
0 0
2771 2772
0 0
2773 4895
2774 2775
0 0
2776 4892
2777 2779
2778 0
0 0
2780 4889
2781 4886
2782 2784
2783 0
0 0
2785 0
2786 0
2787 4884
2788 4881
2789 4879
2790 2791
0 0
2792 2793
0 0
2794 2795
0 0
2796 2798
2797 0
0 0
2799 2801
2800 0
0 0
2802 4878
2803 2805
2804 0
0 0
2806 4876
2807 0
2808 4873
2809 0
2810 2811
0 0
2812 4870
2813 4868
2814 4866
2815 4865
2816 4863
2817 4861
2818 4858
2819 0
2820 2822
2821 0
0 0
2823 4856
2824 3839
2825 2826
0 0
2827 2829
2828 0
0 0
2830 3838
2831 0
2832 3836
2833 2835
2834 0
0 0
2836 2838
2837 0
0 0
2839 3834
2840 3831
2841 0
2842 3829
2843 3828
2844 2846
2845 0
0 0
2847 3827
2848 3825
2849 3823
2850 0
2851 0
2852 2853
0 0
2854 2855
0 0
2856 2858
2857 0
0 0
2859 3820
2860 2862
2861 0
0 0
2863 3819
2864 0
2865 2867
2866 0
0 0
2868 3816
2869 2871
2870 0
0 0
2872 3815
2873 3812
2874 3809
2875 3808
2876 2877
0 0
2878 3805
2879 2881
2880 0
0 0
2882 3804
2883 3802
2884 3800
2885 3797
2886 3794
2887 3792
2888 2890
2889 0
0 0
2891 0
2892 3791
2893 3789
2894 2896
2895 0
0 0
2897 3786
2898 3783
2899 3782
2900 3781
2901 2902
0 0
2903 2905
2904 0
0 0
2906 0
2907 3778
2908 0
2909 3777
2910 3775
2911 3774
2912 3772
2913 3769
2914 3767
2915 2917
2916 0
0 0
2918 3766
2919 3763
2920 3761
2921 0
2922 3759
2923 3756
2924 3755
2925 3754
2926 3752
2927 3749
2928 3746
2929 3745
2930 2931
0 0
2932 2933
0 0
2934 2936
2935 0
0 0
2937 2938
0 0
2939 3341
2940 2941
0 0
2942 3340
2943 3339
2944 0
2945 2947
2946 0
0 0
2948 3338
2949 2950
0 0
2951 3336
2952 2953
0 0
2954 2955
0 0
2956 3335
2957 3334
2958 2960
2959 0
0 0
2961 3332
2962 2964
2963 0
0 0
2965 0
2966 3331
2967 3328
2968 3325
2969 2971
2970 0
0 0
2972 0
2973 3324
2974 3323
2975 3320
2976 0
2977 3319
2978 2979
0 0
2980 3316
2981 2983
2982 0
0 0
2984 3315
2985 2987
2986 0
0 0
2988 3313
2989 0
2990 3312
2991 3309
2992 3308
2993 2995
2994 0
0 0
2996 3306
2997 3303
2998 3000
2999 0
0 0
3001 3300
3002 3003
0 0
3004 3297
3005 3296
3006 0
3007 3293
3008 3290
3009 0
3010 3289
3011 3286
3012 3284
3013 3283
3014 3016
3015 0
0 0
3017 3018
0 0
3019 3021
3020 0
0 0
3022 3281
3023 3279
3024 3276
3025 0
3026 3274
3027 0
3028 3271
3029 3031
3030 0
0 0
3032 3151
3033 3150
3034 0
3035 3036
0 0
3037 0
3038 3147
3039 0
3040 3146
3041 3144
3042 3141
3043 3045
3044 0
0 0
3046 3047
0 0
3048 3139
3049 3050
0 0
3051 3052
0 0
3053 3138
3054 3137
3055 3134
3056 3133
3057 0
3058 3131
3059 0
3060 3062
3061 0
0 0
3063 3064
0 0
3065 3066
0 0
3067 3069
3068 0
0 0
3070 3129
3071 3128
3072 3125
3073 3075
3074 0
0 0
3076 3123
3077 3121
3078 3079
0 0
3080 3118
3081 3116
3082 3115
3083 3112
3084 3109
3085 3087
3086 0
0 0
3088 3090
3089 0
0 0
3091 3093
3092 0
0 0
3094 3096
3095 0
0 0
3097 3098
0 0
3099 3108
3100 0
3101 3103
3102 0
0 0
3104 3105
0 0
3106 3107
0 0
0 0
0 0
3110 0
3111 0
0 0
3113 3114
0 0
0 0
0 0
3117 0
0 0
3119 0
3120 0
0 0
3122 0
0 0
3124 0
0 0
3126 0
3127 0
0 0
0 0
3130 0
0 0
3132 0
0 0
0 0
3135 3136
0 0
0 0
0 0
0 0
3140 0
0 0
3142 0
3143 0
0 0
3145 0
0 0
0 0
3148 0
3149 0
0 0
0 0
3152 3153
0 0
3154 3268
3155 3267
3156 3157
0 0
3158 3160
3159 0
0 0
3161 3266
3162 3163
0 0
3164 3165
0 0
3166 3265
3167 3168
0 0
3169 3264
3170 3263
3171 3173
3172 0
0 0
3174 3175
0 0
3176 3260
3177 0
3178 3259
3179 3257
3180 3255
3181 3182
0 0
3183 3185
3184 0
0 0
3186 3254
3187 3252
3188 3190
3189 0
0 0
3191 3192
0 0
3193 3251
3194 3222
3195 0
3196 3220
3197 3219
3198 3199
0 0
3200 3217
3201 3216
3202 3214
3203 3212
3204 3209
3205 3206
0 0
3207 0
3208 0
0 0
3210 0
3211 0
0 0
3213 0
0 0
3215 0
0 0
0 0
3218 0
0 0
0 0
3221 0
0 0
3223 3224
0 0
3225 3248
3226 3246
3227 3228
0 0
3229 3245
3230 0
3231 3233
3232 0
0 0
3234 3235
0 0
3236 3243
3237 3241
3238 3240
3239 0
0 0
0 0
3242 0
0 0
3244 0
0 0
0 0
3247 0
0 0
3249 3250
0 0
0 0
0 0
3253 0
0 0
0 0
3256 0
0 0
3258 0
0 0
0 0
3261 0
3262 0
0 0
0 0
0 0
0 0
0 0
0 0
3269 3270
0 0
0 0
3272 3273
0 0
0 0
3275 0
0 0
3277 0
3278 0
0 0
3280 0
0 0
3282 0
0 0
0 0
3285 0
0 0
3287 0
3288 0
0 0
0 0
3291 0
3292 0
0 0
3294 0
3295 0
0 0
0 0
3298 3299
0 0
0 0
3301 3302
0 0
0 0
3304 3305
0 0
0 0
3307 0
0 0
0 0
3310 3311
0 0
0 0
0 0
3314 0
0 0
0 0
3317 3318
0 0
0 0
0 0
3321 3322
0 0
0 0
0 0
0 0
3326 0
3327 0
0 0
3329 0
3330 0
0 0
0 0
3333 0
0 0
0 0
0 0
3337 0
0 0
0 0
0 0
0 0
3342 0
3343 3744
3344 3345
0 0
3346 3743
3347 3348
0 0
3349 3740
3350 3738
3351 0
3352 3735
3353 3734
3354 0
3355 3732
3356 3730
3357 3728
3358 3360
3359 0
0 0
3361 3727
3362 3364
3363 0
0 0
3365 0
3366 3367
0 0
3368 3370
3369 0
0 0
3371 3725
3372 3373
0 0
3374 3723
3375 3722
3376 0
3377 3378
0 0
3379 3550
3380 3381
0 0
3382 0
3383 3548
3384 3547
3385 3546
3386 3545
3387 0
3388 3389
0 0
3390 3391
0 0
3392 3544
3393 3543
3394 0
3395 0
3396 0
3397 3542
3398 3541
3399 0
3400 0
3401 3403
3402 0
0 0
3404 3406
3405 0
0 0
3407 0
3408 3410
3409 0
0 0
3411 3538
3412 3536
3413 0
3414 3535
3415 0
3416 0
3417 3419
3418 0
0 0
3420 3421
0 0
3422 3532
3423 0
3424 3529
3425 3426
0 0
3427 3429
3428 0
0 0
3430 3432
3431 0
0 0
3433 3434
0 0
3435 3526
3436 3438
3437 0
0 0
3439 3482
3440 3480
3441 3478
3442 3477
3443 3475
3444 0
3445 3472
3446 3447
0 0
3448 3469
3449 3451
3450 0
0 0
3452 3454
3453 0
0 0
3455 3468
3456 0
3457 3458
0 0
3459 3461
3460 0
0 0
3462 3467
3463 3465
3464 0
0 0
3466 0
0 0
0 0
0 0
3470 0
3471 0
0 0
3473 0
3474 0
0 0
3476 0
0 0
0 0
3479 0
0 0
3481 0
0 0
3483 3523
3484 3522
3485 3520
3486 3517
3487 3489
3488 0
0 0
3490 3516
3491 3515
3492 3512
3493 3495
3494 0
0 0
3496 3509
3497 3498
0 0
3499 3507
3500 3506
3501 0
3502 0
3503 0
3504 3505
0 0
0 0
0 0
3508 0
0 0
3510 0
3511 0
0 0
3513 3514
0 0
0 0
0 0
0 0
3518 3519
0 0
0 0
3521 0
0 0
0 0
3524 3525
0 0
0 0
3527 3528
0 0
0 0
3530 3531
0 0
0 0
3533 0
3534 0
0 0
0 0
3537 0
0 0
3539 3540
0 0
0 0
0 0
0 0
0 0
0 0
0 0
0 0
0 0
3549 0
0 0
3551 3719
3552 3635
3553 3632
3554 0
3555 3629
3556 3558
3557 0
0 0
3559 3626
3560 3562
3561 0
0 0
3563 3565
3564 0
0 0
3566 3624
3567 3568
0 0
3569 3621
3570 3572
3571 0
0 0
3573 0
3574 3620
3575 3617
3576 3614
3577 3612
3578 3611
3579 3581
3580 0
0 0
3582 0
3583 3584
0 0
3585 3610
3586 0
3587 3609
3588 0
3589 3598
3590 3592
3591 0
0 0
3593 3597
3594 3595
0 0
3596 0
0 0
0 0
3599 3603
3600 3602
3601 0
0 0
0 0
3604 3606
3605 0
0 0
3607 3608
0 0
0 0
0 0
0 0
0 0
3613 0
0 0
3615 3616
0 0
0 0
3618 3619
0 0
0 0
0 0
3622 0
3623 0
0 0
3625 0
0 0
3627 0
3628 0
0 0
3630 0
3631 0
0 0
3633 3634
0 0
0 0
3636 0
3637 3718
3638 3715
3639 3712
3640 3710
3641 3708
3642 3705
3643 3644
0 0
3645 3646
0 0
3647 3704
3648 3650
3649 0
0 0
3651 3702
3652 3653
0 0
3654 3655
0 0
3656 3658
3657 0
0 0
3659 3701
3660 3698
3661 3696
3662 3694
3663 3691
3664 0
3665 3667
3666 0
0 0
3668 3688
3669 3685
3670 3672
3671 0
0 0
3673 3684
3674 3683
3675 0
3676 0
3677 3681
3678 3679
0 0
3680 0
0 0
3682 0
0 0
0 0
0 0
3686 0
3687 0
0 0
3689 0
3690 0
0 0
3692 0
3693 0
0 0
3695 0
0 0
3697 0
0 0
3699 0
3700 0
0 0
0 0
3703 0
0 0
0 0
3706 0
3707 0
0 0
3709 0
0 0
3711 0
0 0
3713 0
3714 0
0 0
3716 3717
0 0
0 0
0 0
3720 3721
0 0
0 0
0 0
3724 0
0 0
3726 0
0 0
0 0
3729 0
0 0
3731 0
0 0
3733 0
0 0
0 0
3736 3737
0 0
0 0
3739 0
0 0
3741 3742
0 0
0 0
0 0
0 0
0 0
3747 3748
0 0
0 0
3750 3751
0 0
0 0
3753 0
0 0
0 0
0 0
3757 0
3758 0
0 0
3760 0
0 0
3762 0
0 0
3764 3765
0 0
0 0
0 0
3768 0
0 0
3770 3771
0 0
0 0
3773 0
0 0
0 0
3776 0
0 0
0 0
3779 0
3780 0
0 0
0 0
0 0
3784 0
3785 0
0 0
3787 0
3788 0
0 0
3790 0
0 0
0 0
3793 0
0 0
3795 3796
0 0
0 0
3798 0
3799 0
0 0
3801 0
0 0
3803 0
0 0
0 0
3806 3807
0 0
0 0
0 0
3810 3811
0 0
0 0
3813 0
3814 0
0 0
0 0
3817 0
3818 0
0 0
0 0
3821 0
3822 0
0 0
3824 0
0 0
3826 0
0 0
0 0
0 0
3830 0
0 0
3832 0
3833 0
0 0
3835 0
0 0
3837 0
0 0
0 0
3840 0
3841 3842
0 0
3843 3844
0 0
3845 3846
0 0
3847 0
3848 3849
0 0
3850 3852
3851 0
0 0
3853 4853
3854 4851
3855 4848
3856 4847
3857 4844
3858 0
3859 3861
3860 0
0 0
3862 3863
0 0
3864 4841
3865 4838
3866 4837
3867 3868
0 0
3869 0
3870 3872
3871 0
0 0
3873 3875
3874 0
0 0
3876 4835
3877 4832
3878 4830
3879 4828
3880 3882
3881 0
0 0
3883 4825
3884 4823
3885 4822
3886 4820
3887 3888
0 0
3889 4819
3890 4817
3891 4815
3892 3894
3893 0
0 0
3895 4812
3896 3898
3897 0
0 0
3899 0
3900 4810
3901 0
3902 4809
3903 3904
0 0
3905 4807
3906 0
3907 4804
3908 3909
0 0
3910 3912
3911 0
0 0
3913 4801
3914 0
3915 4799
3916 0
3917 3919
3918 0
0 0
3920 3922
3921 0
0 0
3923 0
3924 3926
3925 0
0 0
3927 4796
3928 4793
3929 4792
3930 3931
0 0
3932 3934
3933 0
0 0
3935 4790
3936 3938
3937 0
0 0
3939 4788
3940 4785
3941 3943
3942 0
0 0
3944 3945
0 0
3946 4782
3947 4779
3948 3949
0 0
3950 3951
0 0
3952 3954
3953 0
0 0
3955 3957
3956 0
0 0
3958 4777
3959 4776
3960 4774
3961 4772
3962 4769
3963 3964
0 0
3965 4767
3966 4766
3967 0
3968 4366
3969 0
3970 4365
3971 0
3972 4362
3973 4359
3974 3976
3975 0
0 0
3977 0
3978 4357
3979 4354
3980 3981
0 0
3982 4351
3983 3984
0 0
3985 4348
3986 4346
3987 4345
3988 4342
3989 0
3990 4339
3991 4336
3992 0
3993 4333
3994 4330
3995 3996
0 0
3997 4327
3998 4326
3999 4323
4000 4320
4001 4319
4002 4317
4003 0
4004 0
4005 4316
4006 4314
4007 4312
4008 0
4009 4310
4010 4309
4011 4308
4012 4305
4013 4303
4014 0
4015 4017
4016 0
0 0
4018 4160
4019 4158
4020 4157
4021 4155
4022 4154
4023 4152
4024 0
4025 4027
4026 0
0 0
4028 4029
0 0
4030 4150
4031 4147
4032 4145
4033 4034
0 0
4035 4143
4036 4140
4037 4039
4038 0
0 0
4040 4137
4041 4134
4042 4044
4043 0
0 0
4045 4046
0 0
4047 4132
4048 4050
4049 0
0 0
4051 4052
0 0
4053 0
4054 4055
0 0
4056 4131
4057 4129
4058 4126
4059 0
4060 4123
4061 4122
4062 4121
4063 4065
4064 0
0 0
4066 4067
0 0
4068 4119
4069 0
4070 4116
4071 4113
4072 4111
4073 4109
4074 0
4075 4106
4076 4104
4077 4102
4078 4079
0 0
4080 4099
4081 4097
4082 4084
4083 0
0 0
4085 4094
4086 4087
0 0
4088 0
4089 0
4090 0
4091 0
4092 0
4093 0
0 0
4095 4096
0 0
0 0
4098 0
0 0
4100 0
4101 0
0 0
4103 0
0 0
4105 0
0 0
4107 0
4108 0
0 0
4110 0
0 0
4112 0
0 0
4114 0
4115 0
0 0
4117 4118
0 0
0 0
4120 0
0 0
0 0
0 0
4124 4125
0 0
0 0
4127 0
4128 0
0 0
4130 0
0 0
0 0
4133 0
0 0
4135 0
4136 0
0 0
4138 0
4139 0
0 0
4141 0
4142 0
0 0
4144 0
0 0
4146 0
0 0
4148 4149
0 0
0 0
4151 0
0 0
4153 0
0 0
0 0
4156 0
0 0
0 0
4159 0
0 0
4161 4300
4162 0
4163 4299
4164 4297
4165 4296
4166 4295
4167 0
4168 4170
4169 0
0 0
4171 4172
0 0
4173 4294
4174 0
4175 0
4176 0
4177 4179
4178 0
0 0
4180 4292
4181 4289
4182 0
4183 4287
4184 0
4185 4285
4186 4284
4187 4189
4188 0
0 0
4190 4282
4191 4192
0 0
4193 4195
4194 0
0 0
4196 4197
0 0
4198 4279
4199 0
4200 4277
4201 4203
4202 0
0 0
4204 4206
4205 0
0 0
4207 4209
4208 0
0 0
4210 4211
0 0
4212 4276
4213 4275
4214 4216
4215 0
0 0
4217 4218
0 0
4219 4273
4220 4271
4221 4223
4222 0
0 0
4224 4226
4225 0
0 0
4227 4269
4228 4267
4229 4266
4230 4231
0 0
4232 4265
4233 4234
0 0
4235 4263
4236 4237
0 0
4238 0
4239 4240
0 0
4241 4260
4242 4257
4243 4245
4244 0
0 0
4246 4248
4247 0
0 0
4249 4251
4250 0
0 0
4252 0
4253 0
4254 4256
4255 0
0 0
0 0
4258 0
4259 0
0 0
4261 0
4262 0
0 0
4264 0
0 0
0 0
0 0
4268 0
0 0
4270 0
0 0
4272 0
0 0
4274 0
0 0
0 0
0 0
4278 0
0 0
4280 4281
0 0
0 0
4283 0
0 0
0 0
4286 0
0 0
4288 0
0 0
4290 0
4291 0
0 0
4293 0
0 0
0 0
0 0
0 0
4298 0
0 0
0 0
4301 4302
0 0
0 0
4304 0
0 0
4306 4307
0 0
0 0
0 0
0 0
4311 0
0 0
4313 0
0 0
4315 0
0 0
0 0
4318 0
0 0
0 0
4321 4322
0 0
0 0
4324 4325
0 0
0 0
0 0
4328 4329
0 0
0 0
4331 0
4332 0
0 0
4334 0
4335 0
0 0
4337 0
4338 0
0 0
4340 0
4341 0
0 0
4343 4344
0 0
0 0
0 0
4347 0
0 0
4349 4350
0 0
0 0
4352 4353
0 0
0 0
4355 0
4356 0
0 0
4358 0
0 0
4360 4361
0 0
0 0
4363 4364
0 0
0 0
0 0
4367 4763
4368 4760
4369 4757
4370 4755
4371 4753
4372 4750
4373 4374
0 0
4375 4748
4376 4746
4377 4743
4378 4740
4379 4380
0 0
4381 4738
4382 4737
4383 4736
4384 4734
4385 4387
4386 0
0 0
4388 4390
4389 0
0 0
4391 4731
4392 4729
4393 0
4394 4395
0 0
4396 4562
4397 4561
4398 0
4399 0
4400 4559
4401 4558
4402 4403
0 0
4404 4557
4405 4556
4406 4554
4407 4409
4408 0
0 0
4410 4412
4411 0
0 0
4413 4553
4414 4550
4415 4417
4416 0
0 0
4418 4420
4419 0
0 0
4421 4547
4422 0
4423 0
4424 4546
4425 4543
4426 0
4427 4484
4428 4481
4429 4480
4430 0
4431 4477
4432 4474
4433 4471
4434 4435
0 0
4436 4438
4437 0
0 0
4439 0
4440 4441
0 0
4442 4444
4443 0
0 0
4445 4469
4446 4468
4447 4449
4448 0
0 0
4450 4452
4451 0
0 0
4453 4466
4454 4455
0 0
4456 0
4457 4459
4458 0
0 0
4460 4465
4461 4463
4462 0
0 0
4464 0
0 0
0 0
4467 0
0 0
0 0
4470 0
0 0
4472 4473
0 0
0 0
4475 4476
0 0
0 0
4478 0
4479 0
0 0
0 0
4482 0
4483 0
0 0
4485 0
4486 4541
4487 4489
4488 0
0 0
4490 4540
4491 4539
4492 4536
4493 4494
0 0
4495 4496
0 0
4497 4499
4498 0
0 0
4500 4533
4501 4502
0 0
4503 4504
0 0
4505 4506
0 0
4507 4530
4508 4509
0 0
4510 4529
4511 4528
4512 4526
4513 0
4514 4523
4515 4517
4516 0
0 0
4518 4520
4519 0
0 0
4521 4522
0 0
0 0
4524 0
4525 0
0 0
4527 0
0 0
0 0
0 0
4531 0
4532 0
0 0
4534 0
4535 0
0 0
4537 0
4538 0
0 0
0 0
0 0
4542 0
0 0
4544 4545
0 0
0 0
0 0
4548 4549
0 0
0 0
4551 0
4552 0
0 0
0 0
4555 0
0 0
0 0
0 0
0 0
4560 0
0 0
0 0
4563 0
4564 4728
4565 4726
4566 4723
4567 0
4568 4722
4569 4720
4570 4718
4571 4715
4572 4573
0 0
4574 4576
4575 0
0 0
4577 4578
0 0
4579 0
4580 4712
4581 4710
4582 0
4583 4707
4584 4586
4585 0
0 0
4587 4588
0 0
4589 4704
4590 4703
4591 4702
4592 4699
4593 4696
4594 4695
4595 4597
4596 0
0 0
4598 4599
0 0
4600 4694
4601 4692
4602 4603
0 0
4604 4689
4605 4607
4606 0
0 0
4608 0
4609 4611
4610 0
0 0
4612 4687
4613 4686
4614 4616
4615 0
0 0
4617 4685
4618 4620
4619 0
0 0
4621 0
4622 4623
0 0
4624 4626
4625 0
0 0
4627 4684
4628 4630
4629 0
0 0
4631 4682
4632 4680
4633 0
4634 4677
4635 4676
4636 4673
4637 4670
4638 4639
0 0
4640 0
4641 4669
4642 4667
4643 4664
4644 4662
4645 4661
4646 4658
4647 4657
4648 4656
4649 4653
4650 4652
4651 0
0 0
0 0
4654 4655
0 0
0 0
0 0
0 0
4659 4660
0 0
0 0
0 0
4663 0
0 0
4665 0
4666 0
0 0
4668 0
0 0
0 0
4671 0
4672 0
0 0
4674 0
4675 0
0 0
0 0
4678 4679
0 0
0 0
4681 0
0 0
4683 0
0 0
0 0
0 0
0 0
4688 0
0 0
4690 0
4691 0
0 0
4693 0
0 0
0 0
0 0
4697 4698
0 0
0 0
4700 4701
0 0
0 0
0 0
0 0
4705 0
4706 0
0 0
4708 4709
0 0
0 0
4711 0
0 0
4713 0
4714 0
0 0
4716 0
4717 0
0 0
4719 0
0 0
4721 0
0 0
0 0
4724 4725
0 0
0 0
4727 0
0 0
0 0
4730 0
0 0
4732 0
4733 0
0 0
4735 0
0 0
0 0
0 0
4739 0
0 0
4741 4742
0 0
0 0
4744 4745
0 0
0 0
4747 0
0 0
4749 0
0 0
4751 4752
0 0
0 0
4754 0
0 0
4756 0
0 0
4758 4759
0 0
0 0
4761 4762
0 0
0 0
4764 0
4765 0
0 0
0 0
4768 0
0 0
4770 4771
0 0
0 0
4773 0
0 0
4775 0
0 0
0 0
4778 0
0 0
4780 4781
0 0
0 0
4783 4784
0 0
0 0
4786 0
4787 0
0 0
4789 0
0 0
4791 0
0 0
0 0
4794 0
4795 0
0 0
4797 4798
0 0
0 0
4800 0
0 0
4802 0
4803 0
0 0
4805 0
4806 0
0 0
4808 0
0 0
0 0
4811 0
0 0
4813 0
4814 0
0 0
4816 0
0 0
4818 0
0 0
0 0
4821 0
0 0
0 0
4824 0
0 0
4826 4827
0 0
0 0
4829 0
0 0
4831 0
0 0
4833 4834
0 0
0 0
4836 0
0 0
0 0
4839 0
4840 0
0 0
4842 0
4843 0
0 0
4845 0
4846 0
0 0
0 0
4849 4850
0 0
0 0
4852 0
0 0
4854 4855
0 0
0 0
4857 0
0 0
4859 4860
0 0
0 0
4862 0
0 0
4864 0
0 0
0 0
4867 0
0 0
4869 0
0 0
4871 4872
0 0
0 0
4874 0
4875 0
0 0
4877 0
0 0
0 0
4880 0
0 0
4882 4883
0 0
0 0
4885 0
0 0
4887 4888
0 0
0 0
4890 4891
0 0
0 0
4893 4894
0 0
0 0
0 0
4897 4898
0 0
0 0
4900 0
0 0
0 0
0 0
4904 4905
0 0
0 0
4907 0
4908 0
0 0
0 0
4911 0
4912 0
0 0
4914 4915
0 0
0 0
4917 0
0 0
4919 0
4920 0
0 0
0 0
4923 4924
0 0
0 0
0 0
4927 4928
0 0
0 0
0 0
4931 0
0 0
4933 0
0 0
0 0
4936 0
0 0
0 0
4939 4940
0 0
0 0
0 0
0 0
4944 0
4945 0
0 0
0 0
0 0
4949 0
0 0
4951 0
0 0
4953 0
0 0
4955 0
4956 0
0 0
4958 0
0 0
0 0
0 0
4962 0
0 0
4964 0
0 0
4966 0
0 0
4968 0
0 0
4970 0
0 0
4972 0
0 0
4974 0
0 0
4976 4977
0 0
0 0
0 0
0 0
0 0
4982 0
0 0
0 0
4985 4986
0 0
0 0
4988 4989
0 0
0 0
0 0
4992 4993
0 0
0 0
4995 0
0 0
4997 0
0 0
4999 5000
0 0
0 0
5002 0
0 0
0 0
5005 0
0 0
5007 0
0 0
5009 0
0 0
5011 0
5012 0
0 0
0 0
5015 0
0 0
5017 0
0 0
5019 0
5020 0
0 0
0 0
5023 5024
0 0
0 0
5026 0
0 0
5028 0
0 0
5030 0
0 0
5032 0
0 0
0 0
0 0
5036 9833
5037 5038
0 0
5039 5041
5040 0
0 0
5042 9831
5043 5045
5044 0
0 0
5046 5047
0 0
5048 9828
5049 9827
5050 0
5051 5052
0 0
5053 5054
0 0
5055 0
5056 9826
5057 5059
5058 0
0 0
5060 9824
5061 5063
5062 0
0 0
5064 5066
5065 0
0 0
5067 5068
0 0
5069 9821
5070 9819
5071 9818
5072 9816
5073 5074
0 0
5075 9813
5076 5078
5077 0
0 0
5079 9812
5080 9810
5081 5083
5082 0
0 0
5084 5085
0 0
5086 9808
5087 5089
5088 0
0 0
5090 0
5091 9806
5092 9803
5093 5094
0 0
5095 5097
5096 0
0 0
5098 9801
5099 9800
5100 5102
5101 0
0 0
5103 5105
5104 0
0 0
5106 5107
0 0
5108 5110
5109 0
0 0
5111 9799
5112 9796
5113 9793
5114 5115
0 0
5116 0
5117 9792
5118 5119
0 0
5120 5121
0 0
5122 9789
5123 9787
5124 0
5125 5126
0 0
5127 5129
5128 0
0 0
5130 0
5131 9786
5132 9785
5133 9783
5134 9781
5135 0
5136 9780
5137 5139
5138 0
0 0
5140 5142
5141 0
0 0
5143 9778
5144 5145
0 0
5146 9775
5147 9774
5148 0
5149 9773
5150 0
5151 9770
5152 5154
5153 0
0 0
5155 0
5156 9767
5157 5159
5158 0
0 0
5160 9766
5161 9765
5162 9764
5163 9763
5164 5166
5165 0
0 0
5167 9760
5168 9759
5169 0
5170 9757
5171 9755
5172 9752
5173 9750
5174 0
5175 0
5176 0
5177 5179
5178 0
0 0
5180 5181
0 0
5182 0
5183 5184
0 0
5185 7467
5186 5188
5187 0
0 0
5189 7466
5190 7465
5191 0
5192 7464
5193 7461
5194 5195
0 0
5196 7459
5197 7458
5198 7456
5199 7454
5200 5201
0 0
5202 7453
5203 0
5204 7452
5205 0
5206 7451
5207 7450
5208 7449
5209 0
5210 5211
0 0
5212 7448
5213 6330
5214 5216
5215 0
0 0
5217 0
5218 6328
5219 0
5220 5221
0 0
5222 0
5223 5224
0 0
5225 0
5226 5227
0 0
5228 5229
0 0
5230 5231
0 0
5232 6325
5233 0
5234 5235
0 0
5236 6322
5237 5239
5238 0
0 0
5240 6319
5241 6318
5242 6315
5243 5245
5244 0
0 0
5246 6312
5247 6309
5248 0
5249 0
5250 6308
5251 6307
5252 6305
5253 5254
0 0
5255 5257
5256 0
0 0
5258 5259
0 0
5260 0
5261 6304
5262 5263
0 0
5264 6303
5265 6300
5266 0
5267 5269
5268 0
0 0
5270 6297
5271 6296
5272 5273
0 0
5274 5275
0 0
5276 0
5277 6295
5278 0
5279 6292
5280 5281
0 0
5282 6289
5283 5285
5284 0
0 0
5286 0
5287 6286
5288 6284
5289 0
5290 6281
5291 6279
5292 5294
5293 0
0 0
5295 6278
5296 5297
0 0
5298 0
5299 6275
5300 5301
0 0
5302 5304
5303 0
0 0
5305 6273
5306 5308
5307 0
0 0
5309 5311
5310 0
0 0
5312 0
5313 6270
5314 6269
5315 6267
5316 6264
5317 5319
5318 0
0 0
5320 5322
5321 0
0 0
5323 5324
0 0
5325 5326
0 0
5327 6262
5328 6259
5329 0
5330 6257
5331 6254
5332 6253
5333 5334
0 0
5335 5337
5336 0
0 0
5338 6252
5339 6250
5340 6249
5341 5343
5342 0
0 0
5344 5346
5345 0
0 0
5347 5348
0 0
5349 5351
5350 0
0 0
5352 0
5353 0
5354 6248
5355 6246
5356 0
5357 6243
5358 5800
5359 0
5360 0
5361 5362
0 0
5363 5799
5364 5798
5365 0
5366 0
5367 5795
5368 0
5369 5792
5370 5789
5371 5787
5372 5373
0 0
5374 5375
0 0
5376 5377
0 0
5378 5786
5379 5381
5380 0
0 0
5382 5383
0 0
5384 5386
5385 0
0 0
5387 5388
0 0
5389 5390
0 0
5391 5784
5392 5393
0 0
5394 5395
0 0
5396 5782
5397 5399
5398 0
0 0
5400 0
5401 5779
5402 5403
0 0
5404 5406
5405 0
0 0
5407 0
5408 5409
0 0
5410 5411
0 0
5412 5414
5413 0
0 0
5415 5417
5416 0
0 0
5418 5778
5419 0
5420 5422
5421 0
0 0
5423 5424
0 0
5425 0
5426 5427
0 0
5428 5777
5429 5776
5430 5775
5431 0
5432 5773
5433 5770
5434 5769
5435 5767
5436 0
5437 5765
5438 0
5439 0
5440 5764
5441 5762
5442 5444
5443 0
0 0
5445 0
5446 5761
5447 5448
0 0
5449 0
5450 5759
5451 5452
0 0
5453 5756
5454 5455
0 0
5456 5754
5457 5459
5458 0
0 0
5460 5753
5461 0
5462 5750
5463 5464
0 0
5465 5747
5466 5467
0 0
5468 5746
5469 5744
5470 5742
5471 5472
0 0
5473 5739
5474 5737
5475 5476
0 0
5477 5735
5478 0
5479 5733
5480 5731
5481 5483
5482 0
0 0
5484 5485
0 0
5486 5488
5487 0
0 0
5489 5729
5490 5492
5491 0
0 0
5493 5495
5494 0
0 0
5496 5727
5497 0
5498 5726
5499 0
5500 5612
5501 5610
5502 5504
5503 0
0 0
5505 5506
0 0
5507 5608
5508 5607
5509 5606
5510 5557
5511 5554
5512 5513
0 0
5514 0
5515 5516
0 0
5517 5519
5518 0
0 0
5520 5552
5521 5550
5522 5524
5523 0
0 0
5525 5548
5526 5545
5527 5529
5528 0
0 0
5530 5543
5531 0
5532 5542
5533 5541
5534 5538
5535 5536
0 0
5537 0
0 0
5539 5540
0 0
0 0
0 0
0 0
5544 0
0 0
5546 0
5547 0
0 0
5549 0
0 0
5551 0
0 0
5553 0
0 0
5555 0
5556 0
0 0
5558 5560
5559 0
0 0
5561 5604
5562 5601
5563 5565
5564 0
0 0
5566 5568
5567 0
0 0
5569 5600
5570 5598
5571 5573
5572 0
0 0
5574 5597
5575 0
5576 5577
0 0
5578 5580
5579 0
0 0
5581 5596
5582 5594
5583 5591
5584 5588
5585 5586
0 0
5587 0
0 0
5589 0
5590 0
0 0
5592 5593
0 0
0 0
5595 0
0 0
0 0
0 0
5599 0
0 0
0 0
5602 5603
0 0
0 0
5605 0
0 0
0 0
0 0
5609 0
0 0
5611 0
0 0
5613 5724
5614 5722
5615 5721
5616 5618
5617 0
0 0
5619 0
5620 5719
5621 5623
5622 0
0 0
5624 5626
5625 0
0 0
5627 0
5628 0
5629 5630
0 0
5631 5632
0 0
5633 5718
5634 5717
5635 5714
5636 0
5637 0
5638 5640
5639 0
0 0
5641 5643
5642 0
0 0
5644 0
5645 0
5646 0
5647 0
5648 5649
0 0
5650 5651
0 0
5652 5653
0 0
5654 0
5655 5712
5656 5657
0 0
5658 5660
5659 0
0 0
5661 5711
5662 5663
0 0
5664 5710
5665 5666
0 0
5667 0
5668 5688
5669 5671
5670 0
0 0
5672 5687
5673 5685
5674 5684
5675 5676
0 0
5677 5678
0 0
5679 5683
5680 0
5681 0
5682 0
0 0
0 0
0 0
5686 0
0 0
0 0
5689 5708
5690 0
5691 5707
5692 0
5693 5695
5694 0
0 0
5696 0
5697 5705
5698 5703
5699 5702
5700 0
5701 0
0 0
0 0
5704 0
0 0
5706 0
0 0
0 0
5709 0
0 0
0 0
0 0
5713 0
0 0
5715 5716
0 0
0 0
0 0
0 0
5720 0
0 0
0 0
5723 0
0 0
5725 0
0 0
0 0
5728 0
0 0
5730 0
0 0
5732 0
0 0
5734 0
0 0
5736 0
0 0
5738 0
0 0
5740 0
5741 0
0 0
5743 0
0 0
5745 0
0 0
0 0
5748 0
5749 0
0 0
5751 5752
0 0
0 0
0 0
5755 0
0 0
5757 5758
0 0
0 0
5760 0
0 0
0 0
5763 0
0 0
0 0
5766 0
0 0
5768 0
0 0
0 0
5771 5772
0 0
0 0
5774 0
0 0
0 0
0 0
0 0
0 0
5780 0
5781 0
0 0
5783 0
0 0
5785 0
0 0
0 0
5788 0
0 0
5790 5791
0 0
0 0
5793 0
5794 0
0 0
5796 5797
0 0
0 0
0 0
0 0
5801 0
5802 0
5803 6242
5804 6240
5805 6239
5806 5807
0 0
5808 6237
5809 6235
5810 5811
0 0
5812 0
5813 0
5814 6232
5815 6229
5816 0
5817 6226
5818 6225
5819 5820
0 0
5821 0
5822 5823
0 0
5824 0
5825 5827
5826 0
0 0
5828 6223
5829 6221
5830 0
5831 5833
5832 0
0 0
5834 6220
5835 5836
0 0
5837 6028
5838 6027
5839 5841
5840 0
0 0
5842 0
5843 6025
5844 6022
5845 0
5846 5848
5847 0
0 0
5849 6019
5850 5851
0 0
5852 6017
5853 5854
0 0
5855 6016
5856 6014
5857 6012
5858 6009
5859 5933
5860 5930
5861 5862
0 0
5863 0
5864 5929
5865 5927
5866 5925
5867 5923
5868 5870
5869 0
0 0
5871 5873
5872 0
0 0
5874 5876
5875 0
0 0
5877 0
5878 5922
5879 5881
5880 0
0 0
5882 5919
5883 5885
5884 0
0 0
5886 5918
5887 5902
5888 5889
0 0
5890 5899
5891 5898
5892 5893
0 0
5894 5897
5895 0
5896 0
0 0
0 0
0 0
5900 0
5901 0
0 0
5903 0
5904 0
5905 0
5906 5907
0 0
5908 5915
5909 5912
5910 5911
0 0
0 0
5913 5914
0 0
0 0
5916 5917
0 0
0 0
0 0
5920 5921
0 0
0 0
0 0
5924 0
0 0
5926 0
0 0
5928 0
0 0
0 0
5931 0
5932 0
0 0
5934 6006
5935 5937
5936 0
0 0
5938 0
5939 6005
5940 5942
5941 0
0 0
5943 6004
5944 6003
5945 5947
5946 0
0 0
5948 6000
5949 5997
5950 0
5951 5996
5952 5953
0 0
5954 0
5955 5993
5956 5957
0 0
5958 5990
5959 0
5960 5988
5961 5962
0 0
5963 5987
5964 5965
0 0
5966 0
5967 5986
5968 5969
0 0
5970 0
5971 5984
5972 5982
5973 5974
0 0
5975 5976
0 0
5977 5981
5978 0
5979 0
5980 0
0 0
0 0
5983 0
0 0
5985 0
0 0
0 0
0 0
5989 0
0 0
5991 0
5992 0
0 0
5994 0
5995 0
0 0
0 0
5998 0
5999 0
0 0
6001 0
6002 0
0 0
0 0
0 0
0 0
6007 6008
0 0
0 0
6010 0
6011 0
0 0
6013 0
0 0
6015 0
0 0
0 0
6018 0
0 0
6020 0
6021 0
0 0
6023 6024
0 0
0 0
6026 0
0 0
0 0
6029 6219
6030 6218
6031 6032
0 0
6033 0
6034 0
6035 6036
0 0
6037 6216
6038 6215
6039 6213
6040 6210
6041 6043
6042 0
0 0
6044 6209
6045 0
6046 6047
0 0
6048 6050
6049 0
0 0
6051 6129
6052 6127
6053 0
6054 6124
6055 6122
6056 6119
6057 6117
6058 6116
6059 6113
6060 6062
6061 0
0 0
6063 6064
0 0
6065 6110
6066 6107
6067 6068
0 0
6069 6106
6070 0
6071 0
6072 6105
6073 6075
6074 0
0 0
6076 6104
6077 6102
6078 6101
6079 6080
0 0
6081 6098
6082 6084
6083 0
0 0
6085 6086
0 0
6087 6096
6088 6093
6089 6091
6090 0
0 0
6092 0
0 0
6094 6095
0 0
0 0
6097 0
0 0
6099 6100
0 0
0 0
0 0
6103 0
0 0
0 0
0 0
0 0
6108 6109
0 0
0 0
6111 0
6112 0
0 0
6114 0
6115 0
0 0
0 0
6118 0
0 0
6120 0
6121 0
0 0
6123 0
0 0
6125 0
6126 0
0 0
6128 0
0 0
6130 6132
6131 0
0 0
6133 6208
6134 6136
6135 0
0 0
6137 6206
6138 0
6139 6141
6140 0
0 0
6142 6203
6143 6145
6144 0
0 0
6146 6201
6147 6198
6148 6149
0 0
6150 0
6151 0
6152 6154
6153 0
0 0
6155 0
6156 6195
6157 0
6158 6193
6159 6160
0 0
6161 6191
6162 0
6163 6164
0 0
6165 6190
6166 6189
6167 6188
6168 6170
6169 0
0 0
6171 6187
6172 6174
6173 0
0 0
6175 6185
6176 6177
0 0
6178 6180
6179 0
0 0
6181 6182
0 0
6183 6184
0 0
0 0
6186 0
0 0
0 0
0 0
0 0
0 0
6192 0
0 0
6194 0
0 0
6196 6197
0 0
0 0
6199 6200
0 0
0 0
6202 0
0 0
6204 0
6205 0
0 0
6207 0
0 0
0 0
0 0
6211 0
6212 0
0 0
6214 0
0 0
0 0
6217 0
0 0
0 0
0 0
0 0
6222 0
0 0
6224 0
0 0
0 0
6227 6228
0 0
0 0
6230 0
6231 0
0 0
6233 6234
0 0
0 0
6236 0
0 0
6238 0
0 0
0 0
6241 0
0 0
0 0
6244 0
6245 0
0 0
6247 0
0 0
0 0
0 0
6251 0
0 0
0 0
0 0
6255 6256
0 0
0 0
6258 0
0 0
6260 0
6261 0
0 0
6263 0
0 0
6265 6266
0 0
0 0
6268 0
0 0
0 0
6271 0
6272 0
0 0
6274 0
0 0
6276 0
6277 0
0 0
0 0
6280 0
0 0
6282 0
6283 0
0 0
6285 0
0 0
6287 0
6288 0
0 0
6290 0
6291 0
0 0
6293 0
6294 0
0 0
0 0
0 0
6298 0
6299 0
0 0
6301 0
6302 0
0 0
0 0
0 0
6306 0
0 0
0 0
0 0
6310 0
6311 0
0 0
6313 6314
0 0
0 0
6316 0
6317 0
0 0
0 0
6320 6321
0 0
0 0
6323 0
6324 0
0 0
6326 6327
0 0
0 0
6329 0
0 0
6331 6332
0 0
6333 6334
0 0
6335 6891
6336 6889
6337 6886
6338 0
6339 6340
0 0
6341 6343
6342 0
0 0
6344 0
6345 6346
0 0
6347 0
6348 6350
6349 0
0 0
6351 6353
6352 0
0 0
6354 0
6355 6884
6356 6883
6357 6881
6358 0
6359 6360
0 0
6361 6363
6362 0
0 0
6364 6878
6365 0
6366 6368
6367 0
0 0
6369 6370
0 0
6371 6373
6372 0
0 0
6374 6877
6375 0
6376 6874
6377 0
6378 6379
0 0
6380 6381
0 0
6382 6384
6383 0
0 0
6385 6872
6386 6871
6387 6868
6388 6865
6389 6862
6390 6392
6391 0
0 0
6393 6861
6394 0
6395 6858
6396 6398
6397 0
0 0
6399 6401
6400 0
0 0
6402 6855
6403 6852
6404 6851
6405 6850
6406 0
6407 6408
0 0
6409 6849
6410 6847
6411 6844
6412 6414
6413 0
0 0
6415 6842
6416 6840
6417 0
6418 6837
6419 6836
6420 6422
6421 0
0 0
6423 6424
0 0
6425 6834
6426 0
6427 6831
6428 6828
6429 6431
6430 0
0 0
6432 6826
6433 6435
6434 0
0 0
6436 6437
0 0
6438 0
6439 6440
0 0
6441 6825
6442 6443
0 0
6444 6824
6445 6821
6446 6447
0 0
6448 6819
6449 6818
6450 6816
6451 6814
6452 0
6453 6811
6454 6808
6455 0
6456 6805
6457 6458
0 0
6459 6804
6460 6803
6461 6463
6462 0
0 0
6464 6801
6465 6798
6466 6795
6467 6793
6468 6469
0 0
6470 6790
6471 0
6472 6788
6473 0
6474 6786
6475 0
6476 6784
6477 6781
6478 6778
6479 6775
6480 6773
6481 6770
6482 6768
6483 6765
6484 6763
6485 6762
6486 6487
0 0
6488 0
6489 6491
6490 0
0 0
6492 0
6493 6494
0 0
6495 6759
6496 6497
0 0
6498 6757
6499 6500
0 0
6501 6756
6502 0
6503 6505
6504 0
0 0
6506 0
6507 6508
0 0
6509 0
6510 6753
6511 6752
6512 6750
6513 6749
6514 0
6515 6517
6516 0
0 0
6518 0
6519 6521
6520 0
0 0
6522 6524
6523 0
0 0
6525 6748
6526 6745
6527 6742
6528 6741
6529 0
6530 6532
6531 0
0 0
6533 6738
6534 6536
6535 0
0 0
6537 6735
6538 6539
0 0
6540 6541
0 0
6542 6733
6543 6545
6544 0
0 0
6546 6548
6547 0
0 0
6549 6550
0 0
6551 6553
6552 0
0 0
6554 6731
6555 6557
6556 0
0 0
6558 6729
6559 6726
6560 6725
6561 6722
6562 6720
6563 6719
6564 6565
0 0
6566 6717
6567 6716
6568 0
6569 6713
6570 6572
6571 0
0 0
6573 6712
6574 6709
6575 6707
6576 6705
6577 6703
6578 0
6579 6640
6580 0
6581 6582
0 0
6583 6584
0 0
6585 6638
6586 0
6587 6589
6588 0
0 0
6590 6635
6591 0
6592 6633
6593 6594
0 0
6595 6630
6596 6629
6597 0
6598 6599
0 0
6600 6628
6601 6627
6602 6625
6603 6604
0 0
6605 6622
6606 6608
6607 0
0 0
6609 6621
6610 6612
6611 0
0 0
6613 0
6614 6619
6615 6616
0 0
6617 6618
0 0
0 0
6620 0
0 0
0 0
6623 6624
0 0
0 0
6626 0
0 0
0 0
0 0
0 0
6631 0
6632 0
0 0
6634 0
0 0
6636 0
6637 0
0 0
6639 0
0 0
6641 6701
6642 6643
0 0
6644 6699
6645 6698
6646 6648
6647 0
0 0
6649 6650
0 0
6651 6695
6652 6692
6653 6654
0 0
6655 6656
0 0
6657 0
6658 0
6659 6689
6660 6687
6661 6662
0 0
6663 6684
6664 0
6665 6682
6666 0
6667 6680
6668 6677
6669 0
6670 6672
6671 0
0 0
6673 0
6674 0
6675 6676
0 0
0 0
6678 0
6679 0
0 0
6681 0
0 0
6683 0
0 0
6685 0
6686 0
0 0
6688 0
0 0
6690 0
6691 0
0 0
6693 6694
0 0
0 0
6696 0
6697 0
0 0
0 0
6700 0
0 0
6702 0
0 0
6704 0
0 0
6706 0
0 0
6708 0
0 0
6710 0
6711 0
0 0
0 0
6714 0
6715 0
0 0
0 0
6718 0
0 0
0 0
6721 0
0 0
6723 0
6724 0
0 0
0 0
6727 0
6728 0
0 0
6730 0
0 0
6732 0
0 0
6734 0
0 0
6736 6737
0 0
0 0
6739 6740
0 0
0 0
0 0
6743 0
6744 0
0 0
6746 6747
0 0
0 0
0 0
0 0
6751 0
0 0
0 0
6754 0
6755 0
0 0
0 0
6758 0
0 0
6760 6761
0 0
0 0
0 0
6764 0
0 0
6766 6767
0 0
0 0
6769 0
0 0
6771 0
6772 0
0 0
6774 0
0 0
6776 6777
0 0
0 0
6779 0
6780 0
0 0
6782 0
6783 0
0 0
6785 0
0 0
6787 0
0 0
6789 0
0 0
6791 0
6792 0
0 0
6794 0
0 0
6796 0
6797 0
0 0
6799 0
6800 0
0 0
6802 0
0 0
0 0
0 0
6806 0
6807 0
0 0
6809 6810
0 0
0 0
6812 0
6813 0
0 0
6815 0
0 0
6817 0
0 0
0 0
6820 0
0 0
6822 0
6823 0
0 0
0 0
0 0
6827 0
0 0
6829 6830
0 0
0 0
6832 0
6833 0
0 0
6835 0
0 0
0 0
6838 0
6839 0
0 0
6841 0
0 0
6843 0
0 0
6845 0
6846 0
0 0
6848 0
0 0
0 0
0 0
0 0
6853 0
6854 0
0 0
6856 6857
0 0
0 0
6859 0
6860 0
0 0
0 0
6863 6864
0 0
0 0
6866 6867
0 0
0 0
6869 6870
0 0
0 0
0 0
6873 0
0 0
6875 0
6876 0
0 0
0 0
6879 6880
0 0
0 0
6882 0
0 0
0 0
6885 0
0 0
6887 6888
0 0
0 0
6890 0
0 0
6892 6894
6893 0
0 0
6895 7446
6896 7443
6897 6898
0 0
6899 7442
6900 7440
6901 6903
6902 0
0 0
6904 7438
6905 6906
0 0
6907 6908
0 0
6909 7436
6910 0
6911 7435
6912 7434
6913 7432
6914 6916
6915 0
0 0
6917 7431
6918 7428
6919 6920
0 0
6921 7425
6922 6923
0 0
6924 7424
6925 7423
6926 7421
6927 6929
6928 0
0 0
6930 7418
6931 6933
6932 0
0 0
6934 6935
0 0
6936 6938
6937 0
0 0
6939 7417
6940 6941
0 0
6942 7414
6943 6945
6944 0
0 0
6946 6948
6947 0
0 0
6949 7413
6950 0
6951 7411
6952 7409
6953 7408
6954 6955
0 0
6956 6957
0 0
6958 7405
6959 6960
0 0
6961 6963
6962 0
0 0
6964 7402
6965 7401
6966 6968
6967 0
0 0
6969 6971
6970 0
0 0
6972 0
6973 6975
6974 0
0 0
6976 6977
0 0
6978 6979
0 0
6980 6981
0 0
6982 0
6983 7398
6984 7396
6985 7393
6986 0
6987 7390
6988 6989
0 0
6990 7387
6991 7385
6992 7384
6993 0
6994 6995
0 0
6996 7381
6997 7379
6998 7376
6999 7000
0 0
7001 7003
7002 0
0 0
7004 7006
7005 0
0 0
7007 0
7008 0
7009 7011
7010 0
0 0
7012 7375
7013 7014
0 0
7015 0
7016 7373
7017 0
7018 7019
0 0
7020 7372
7021 7371
7022 7368
7023 7024
0 0
7025 7365
7026 7362
7027 7361
7028 7359
7029 7030
0 0
7031 0
7032 0
7033 7195
7034 0
7035 7194
7036 7037
0 0
7038 7040
7039 0
0 0
7041 7043
7042 0
0 0
7044 7191
7045 7190
7046 7188
7047 7049
7048 0
0 0
7050 7186
7051 7052
0 0
7053 7183
7054 7055
0 0
7056 0
7057 7059
7058 0
0 0
7060 7062
7061 0
0 0
7063 7182
7064 7180
7065 7179
7066 7176
7067 0
7068 7069
0 0
7070 7071
0 0
7072 7174
7073 7074
0 0
7075 0
7076 0
7077 7171
7078 0
7079 7081
7080 0
0 0
7082 7083
0 0
7084 7086
7085 0
0 0
7087 0
7088 7089
0 0
7090 7091
0 0
7092 7094
7093 0
0 0
7095 7168
7096 7097
0 0
7098 7165
7099 0
7100 7163
7101 7102
0 0
7103 0
7104 7160
7105 7107
7106 0
0 0
7108 0
7109 7158
7110 7157
7111 7113
7112 0
0 0
7114 7116
7115 0
0 0
7117 7119
7118 0
0 0
7120 7156
7121 7155
7122 7123
0 0
7124 7152
7125 7149
7126 7146
7127 7128
0 0
7129 7145
7130 7131
0 0
7132 7142
7133 7135
7134 0
0 0
7136 7137
0 0
7138 7141
7139 0
7140 0
0 0
0 0
7143 0
7144 0
0 0
0 0
7147 7148
0 0
0 0
7150 0
7151 0
0 0
7153 7154
0 0
0 0
0 0
0 0
0 0
7159 0
0 0
7161 0
7162 0
0 0
7164 0
0 0
7166 7167
0 0
0 0
7169 0
7170 0
0 0
7172 7173
0 0
0 0
7175 0
0 0
7177 7178
0 0
0 0
0 0
7181 0
0 0
0 0
7184 0
7185 0
0 0
7187 0
0 0
7189 0
0 0
0 0
7192 7193
0 0
0 0
0 0
7196 7358
7197 7357
7198 7356
7199 7200
0 0
7201 7203
7202 0
0 0
7204 7354
7205 0
7206 7207
0 0
7208 7352
7209 7210
0 0
7211 7349
7212 7348
7213 7215
7214 0
0 0
7216 0
7217 7345
7218 7344
7219 7343
7220 7221
0 0
7222 7224
7223 0
0 0
7225 0
7226 7228
7227 0
0 0
7229 7230
0 0
7231 7232
0 0
7233 7234
0 0
7235 7341
7236 7338
7237 0
7238 7337
7239 7241
7240 0
0 0
7242 0
7243 7245
7244 0
0 0
7246 7248
7247 0
0 0
7249 0
7250 7252
7251 0
0 0
7253 0
7254 7295
7255 0
7256 0
7257 7258
0 0
7259 0
7260 0
7261 7293
7262 7263
0 0
7264 7265
0 0
7266 0
7267 7269
7268 0
0 0
7270 7292
7271 7289
7272 7286
7273 7283
7274 7280
7275 7279
7276 7278
7277 0
0 0
0 0
0 0
7281 7282
0 0
0 0
7284 0
7285 0
0 0
7287 0
7288 0
0 0
7290 7291
0 0
0 0
0 0
7294 0
0 0
7296 7298
7297 0
0 0
7299 7300
0 0
7301 7303
7302 0
0 0
7304 0
7305 7306
0 0
7307 0
7308 7334
7309 7310
0 0
7311 7313
7312 0
0 0
7314 7315
0 0
7316 7333
7317 7330
7318 7328
7319 7320
0 0
7321 7323
7322 0
0 0
7324 7326
7325 0
0 0
7327 0
0 0
7329 0
0 0
7331 0
7332 0
0 0
0 0
7335 7336
0 0
0 0
0 0
7339 0
7340 0
0 0
7342 0
0 0
0 0
0 0
7346 7347
0 0
0 0
0 0
7350 0
7351 0
0 0
7353 0
0 0
7355 0
0 0
0 0
0 0
0 0
7360 0
0 0
0 0
7363 7364
0 0
0 0
7366 7367
0 0
0 0
7369 0
7370 0
0 0
0 0
0 0
7374 0
0 0
0 0
7377 7378
0 0
0 0
7380 0
0 0
7382 7383
0 0
0 0
0 0
7386 0
0 0
7388 7389
0 0
0 0
7391 0
7392 0
0 0
7394 0
7395 0
0 0
7397 0
0 0
7399 7400
0 0
0 0
0 0
7403 0
7404 0
0 0
7406 0
7407 0
0 0
0 0
7410 0
0 0
7412 0
0 0
0 0
7415 0
7416 0
0 0
0 0
7419 0
7420 0
0 0
7422 0
0 0
0 0
0 0
7426 7427
0 0
0 0
7429 0
7430 0
0 0
0 0
7433 0
0 0
0 0
0 0
7437 0
0 0
7439 0
0 0
7441 0
0 0
0 0
7444 7445
0 0
0 0
7447 0
0 0
0 0
0 0
0 0
0 0
0 0
0 0
7455 0
0 0
7457 0
0 0
0 0
7460 0
0 0
7462 7463
0 0
0 0
0 0
0 0
0 0
7468 9749
7469 9747
7470 9746
7471 9743
7472 7474
7473 0
0 0
7475 0
7476 9741
7477 9739
7478 7479
0 0
7480 9737
7481 7483
7482 0
0 0
7484 0
7485 9735
7486 9734
7487 7489
7488 0
0 0
7490 9731
7491 7493
7492 0
0 0
7494 7496
7495 0
0 0
7497 9729
7498 7500
7499 0
0 0
7501 0
7502 7504
7503 0
0 0
7505 9728
7506 0
7507 7509
7508 0
0 0
7510 7511
0 0
7512 0
7513 7514
0 0
7515 9726
7516 9725
7517 7519
7518 0
0 0
7520 7522
7521 0
0 0
7523 9723
7524 9720
7525 7527
7526 0
0 0
7528 7529
0 0
7530 9717
7531 7533
7532 0
0 0
7534 0
7535 7536
0 0
7537 9714
7538 7539
0 0
7540 7542
7541 0
0 0
7543 9713
7544 7546
7545 0
0 0
7547 9711
7548 9709
7549 9706
7550 0
7551 9704
7552 9702
7553 9700
7554 7556
7555 0
0 0
7557 8628
7558 8626
7559 8623
7560 7561
0 0
7562 7564
7563 0
0 0
7565 7567
7566 0
0 0
7568 8621
7569 7570
0 0
7571 8620
7572 8619
7573 7575
7574 0
0 0
7576 8617
7577 7579
7578 0
0 0
7580 8615
7581 7582
0 0
7583 8614
7584 8612
7585 0
7586 8610
7587 8608
7588 8606
7589 8603
7590 8601
7591 7592
0 0
7593 0
7594 8599
7595 8596
7596 7597
0 0
7598 8593
7599 8591
7600 7601
0 0
7602 7604
7603 0
0 0
7605 8097
7606 8094
7607 0
7608 7610
7609 0
0 0
7611 7613
7612 0
0 0
7614 8092
7615 8090
7616 8088
7617 0
7618 0
7619 0
7620 7622
7621 0
0 0
7623 7625
7624 0
0 0
7626 0
7627 0
7628 8086
7629 8083
7630 8082
7631 8079
7632 7634
7633 0
0 0
7635 8077
7636 7638
7637 0
0 0
7639 7641
7640 0
0 0
7642 8076
7643 0
7644 8075
7645 7647
7646 0
0 0
7648 8074
7649 8071
7650 8070
7651 7652
0 0
7653 8067
7654 8066
7655 0
7656 8065
7657 7860
7658 7758
7659 7757
7660 0
7661 7755
7662 7752
7663 7751
7664 0
7665 7749
7666 7747
7667 7669
7668 0
0 0
7670 7744
7671 7672
0 0
7673 0
7674 0
7675 0
7676 7743
7677 7678
0 0
7679 7740
7680 7739
7681 7683
7682 0
0 0
7684 7686
7685 0
0 0
7687 7688
0 0
7689 7691
7690 0
0 0
7692 7694
7693 0
0 0
7695 7737
7696 7735
7697 7698
0 0
7699 7732
7700 0
7701 0
7702 7730
7703 7728
7704 7725
7705 7706
0 0
7707 7709
7708 0
0 0
7710 7723
7711 7713
7712 0
0 0
7714 7715
0 0
7716 7717
0 0
7718 7720
7719 0
0 0
7721 0
7722 0
0 0
7724 0
0 0
7726 7727
0 0
0 0
7729 0
0 0
7731 0
0 0
7733 7734
0 0
0 0
7736 0
0 0
7738 0
0 0
0 0
7741 7742
0 0
0 0
0 0
7745 7746
0 0
0 0
7748 0
0 0
7750 0
0 0
0 0
7753 0
7754 0
0 0
7756 0
0 0
0 0
7759 7761
7760 0
0 0
7762 0
7763 0
7764 7859
7765 7856
7766 7854
7767 0
7768 7852
7769 0
7770 7850
7771 0
7772 7849
7773 7775
7774 0
0 0
7776 7846
7777 0
7778 7845
7779 7781
7780 0
0 0
7782 7783
0 0
7784 7844
7785 7841
7786 7787
0 0
7788 7790
7789 0
0 0
7791 7839
7792 7794
7793 0
0 0
7795 0
7796 7798
7797 0
0 0
7799 0
7800 7837
7801 7836
7802 7803
0 0
7804 7806
7805 0
0 0
7807 7808
0 0
7809 0
7810 7833
7811 7832
7812 7830
7813 7827
7814 7815
0 0
7816 7826
7817 7819
7818 0
0 0
7820 7822
7821 0
0 0
7823 7825
7824 0
0 0
0 0
0 0
7828 7829
0 0
0 0
7831 0
0 0
0 0
7834 7835
0 0
0 0
0 0
7838 0
0 0
7840 0
0 0
7842 0
7843 0
0 0
0 0
0 0
7847 7848
0 0
0 0
0 0
7851 0
0 0
7853 0
0 0
7855 0
0 0
7857 7858
0 0
0 0
0 0
7861 8062
7862 0
7863 0
7864 7865
0 0
7866 8059
7867 7868
0 0
7869 8056
7870 8053
7871 8051
7872 0
7873 8048
7874 8046
7875 7877
7876 0
0 0
7878 8045
7879 0
7880 7882
7881 0
0 0
7883 7884
0 0
7885 0
7886 8042
7887 0
7888 8041
7889 8039
7890 8038
7891 7892
0 0
7893 7895
7894 0
0 0
7896 0
7897 7898
0 0
7899 0
7900 8035
7901 8032
7902 7903
0 0
7904 0
7905 8029
7906 8026
7907 8024
7908 7909
0 0
7910 7966
7911 7964
7912 7914
7913 0
0 0
7915 7916
0 0
7917 7962
7918 7960
7919 7958
7920 0
7921 7922
0 0
7923 7924
0 0
7925 7957
7926 7927
0 0
7928 7929
0 0
7930 7954
7931 7953
7932 0
7933 7950
7934 0
7935 7949
7936 7937
0 0
7938 7939
0 0
7940 7947
7941 7943
7942 0
0 0
7944 7945
0 0
7946 0
0 0
7948 0
0 0
0 0
7951 7952
0 0
0 0
0 0
7955 0
7956 0
0 0
0 0
7959 0
0 0
7961 0
0 0
7963 0
0 0
7965 0
0 0
7967 0
7968 7969
0 0
7970 8021
7971 7972
0 0
7973 8018
7974 7975
0 0
7976 7978
7977 0
0 0
7979 0
7980 0
7981 8015
7982 7984
7983 0
0 0
7985 7987
7986 0
0 0
7988 7989
0 0
7990 8013
7991 0
7992 7993
0 0
7994 8011
7995 8010
7996 7997
0 0
7998 7999
0 0
8000 8007
8001 8005
8002 8004
8003 0
0 0
0 0
8006 0
0 0
8008 0
8009 0
0 0
0 0
8012 0
0 0
8014 0
0 0
8016 8017
0 0
0 0
8019 8020
0 0
0 0
8022 0
8023 0
0 0
8025 0
0 0
8027 8028
0 0
0 0
8030 0
8031 0
0 0
8033 0
8034 0
0 0
8036 8037
0 0
0 0
0 0
8040 0
0 0
0 0
8043 8044
0 0
0 0
0 0
8047 0
0 0
8049 0
8050 0
0 0
8052 0
0 0
8054 8055
0 0
0 0
8057 0
8058 0
0 0
8060 8061
0 0
0 0
8063 8064
0 0
0 0
0 0
0 0
8068 8069
0 0
0 0
0 0
8072 0
8073 0
0 0
0 0
0 0
0 0
8078 0
0 0
8080 0
8081 0
0 0
0 0
8084 8085
0 0
0 0
8087 0
0 0
8089 0
0 0
8091 0
0 0
8093 0
0 0
8095 0
8096 0
0 0
8098 8099
0 0
8100 0
8101 0
8102 8588
8103 8587
8104 8105
0 0
8106 0
8107 8109
8108 0
0 0
8110 8111
0 0
8112 8114
8113 0
0 0
8115 8584
8116 8583
8117 8581
8118 0
8119 0
8120 8122
8121 0
0 0
8123 8125
8124 0
0 0
8126 8128
8127 0
0 0
8129 8130
0 0
8131 8580
8132 8134
8133 0
0 0
8135 8578
8136 8575
8137 8574
8138 8571
8139 8570
8140 8568
8141 8143
8142 0
0 0
8144 8566
8145 8146
0 0
8147 0
8148 8565
8149 8150
0 0
8151 8153
8152 0
0 0
8154 0
8155 8156
0 0
8157 8360
8158 8357
8159 8354
8160 0
8161 8352
8162 8349
8163 8165
8164 0
0 0
8166 0
8167 8168
0 0
8169 8170
0 0
8171 8348
8172 0
8173 8347
8174 8260
8175 8177
8176 0
0 0
8178 8180
8179 0
0 0
8181 8183
8182 0
0 0
8184 8185
0 0
8186 8187
0 0
8188 8190
8189 0
0 0
8191 8225
8192 8193
0 0
8194 8222
8195 8220
8196 8198
8197 0
0 0
8199 8201
8200 0
0 0
8202 0
8203 0
8204 8205
0 0
8206 8217
8207 8216
8208 8215
8209 0
8210 8213
8211 8212
0 0
0 0
8214 0
0 0
0 0
0 0
8218 0
8219 0
0 0
8221 0
0 0
8223 0
8224 0
0 0
8226 0
8227 8228
0 0
8229 8259
8230 8231
0 0
8232 0
8233 0
8234 8257
8235 8256
8236 8254
8237 0
8238 8240
8239 0
0 0
8241 8253
8242 8244
8243 0
0 0
8245 8252
8246 8247
0 0
8248 8251
8249 8250
0 0
0 0
0 0
0 0
0 0
8255 0
0 0
0 0
8258 0
0 0
0 0
8261 0
8262 8263
0 0
8264 0
8265 8266
0 0
8267 8345
8268 8269
0 0
8270 0
8271 8342
8272 8341
8273 8275
8274 0
0 0
8276 8277
0 0
8278 8279
0 0
8280 0
8281 0
8282 8338
8283 8284
0 0
8285 0
8286 0
8287 0
8288 8289
0 0
8290 8337
8291 0
8292 8334
8293 8294
0 0
8295 8331
8296 8297
0 0
8298 8300
8299 0
0 0
8301 8328
8302 0
8303 8326
8304 8305
0 0
8306 0
8307 8308
0 0
8309 8310
0 0
8311 8313
8312 0
0 0
8314 8316
8315 0
0 0
8317 8323
8318 8321
8319 8320
0 0
0 0
8322 0
0 0
8324 0
8325 0
0 0
8327 0
0 0
8329 0
8330 0
0 0
8332 0
8333 0
0 0
8335 0
8336 0
0 0
0 0
8339 0
8340 0
0 0
0 0
8343 8344
0 0
0 0
8346 0
0 0
0 0
0 0
8350 8351
0 0
0 0
8353 0
0 0
8355 8356
0 0
0 0
8358 0
8359 0
0 0
8361 8563
8362 8560
8363 8558
8364 8556
8365 8367
8366 0
0 0
8368 8370
8369 0
0 0
8371 8373
8372 0
0 0
8374 8376
8375 0
0 0
8377 0
8378 8380
8379 0
0 0
8381 8383
8382 0
0 0
8384 8553
8385 8551
8386 8388
8387 0
0 0
8389 0
8390 8549
8391 8469
8392 8466
8393 8394
0 0
8395 8464
8396 8461
8397 0
8398 8458
8399 8456
8400 8455
8401 8453
8402 8404
8403 0
0 0
8405 8407
8406 0
0 0
8408 0
8409 8452
8410 8411
0 0
8412 8413
0 0
8414 8451
8415 0
8416 8450
8417 8449
8418 8447
8419 8444
8420 0
8421 0
8422 8423
0 0
8424 8426
8425 0
0 0
8427 0
8428 0
8429 8442
8430 8439
8431 8432
0 0
8433 8436
8434 0
8435 0
0 0
8437 8438
0 0
0 0
8440 0
8441 0
0 0
8443 0
0 0
8445 8446
0 0
0 0
8448 0
0 0
0 0
0 0
0 0
0 0
8454 0
0 0
0 0
8457 0
0 0
8459 0
8460 0
0 0
8462 0
8463 0
0 0
8465 0
0 0
8467 0
8468 0
0 0
8470 0
8471 8546
8472 0
8473 8474
0 0
8475 8543
8476 0
8477 8540
8478 8539
8479 8480
0 0
8481 0
8482 0
8483 8536
8484 8533
8485 0
8486 0
8487 0
8488 8490
8489 0
0 0
8491 8530
8492 8528
8493 8495
8494 0
0 0
8496 8498
8497 0
0 0
8499 8501
8500 0
0 0
8502 8527
8503 8504
0 0
8505 8525
8506 8522
8507 8509
8508 0
0 0
8510 8511
0 0
8512 8519
8513 8514
0 0
8515 0
8516 8518
8517 0
0 0
0 0
8520 0
8521 0
0 0
8523 0
8524 0
0 0
8526 0
0 0
0 0
8529 0
0 0
8531 8532
0 0
0 0
8534 0
8535 0
0 0
8537 0
8538 0
0 0
0 0
8541 8542
0 0
0 0
8544 0
8545 0
0 0
8547 0
8548 0
0 0
8550 0
0 0
8552 0
0 0
8554 8555
0 0
0 0
8557 0
0 0
8559 0
0 0
8561 0
8562 0
0 0
8564 0
0 0
0 0
8567 0
0 0
8569 0
0 0
0 0
8572 0
8573 0
0 0
0 0
8576 0
8577 0
0 0
8579 0
0 0
0 0
8582 0
0 0
0 0
8585 8586
0 0
0 0
0 0
8589 8590
0 0
0 0
8592 0
0 0
8594 8595
0 0
0 0
8597 8598
0 0
0 0
8600 0
0 0
8602 0
0 0
8604 8605
0 0
0 0
8607 0
0 0
8609 0
0 0
8611 0
0 0
8613 0
0 0
0 0
8616 0
0 0
8618 0
0 0
0 0
0 0
8622 0
0 0
8624 0
8625 0
0 0
8627 0
0 0
8629 9697
8630 9695
8631 9692
8632 9690
8633 9687
8634 9685
8635 9684
8636 9683
8637 8638
0 0
8639 9680
8640 9679
8641 8642
0 0
8643 8644
0 0
8645 8646
0 0
8647 9676
8648 0
8649 8650
0 0
8651 8653
8652 0
0 0
8654 0
8655 0
8656 0
8657 9673
8658 8660
8659 0
0 0
8661 8663
8662 0
0 0
8664 8666
8665 0
0 0
8667 9670
8668 0
8669 9169
8670 9166
8671 8672
0 0
8673 9164
8674 9161
8675 9159
8676 0
8677 0
8678 0
8679 9156
8680 9153
8681 9150
8682 0
8683 0
8684 8685
0 0
8686 9147
8687 8689
8688 0
0 0
8690 8692
8691 0
0 0
8693 9144
8694 9142
8695 9140
8696 8698
8697 0
0 0
8699 9137
8700 9136
8701 9135
8702 8703
0 0
8704 9132
8705 9130
8706 9128
8707 8708
0 0
8709 9127
8710 8712
8711 0
0 0
8713 9125
8714 9123
8715 9122
8716 8718
8717 0
0 0
8719 0
8720 0
8721 8723
8722 0
0 0
8724 9121
8725 9118
8726 8727
0 0
8728 9117
8729 9115
8730 9112
8731 9109
8732 9108
8733 9105
8734 8736
8735 0
0 0
8737 0
8738 8739
0 0
8740 8742
8741 0
0 0
8743 9104
8744 9101
8745 9099
8746 8748
8747 0
0 0
8749 9098
8750 8752
8751 0
0 0
8753 0
8754 8756
8755 0
0 0
8757 0
8758 9095
8759 9094
8760 9092
8761 8762
0 0
8763 9090
8764 9089
8765 0
8766 0
8767 9087
8768 9086
8769 9083
8770 8771
0 0
8772 9082
8773 8775
8774 0
0 0
8776 9081
8777 9079
8778 8780
8779 0
0 0
8781 8783
8782 0
0 0
8784 8785
0 0
8786 9077
8787 9075
8788 9072
8789 9071
8790 8791
0 0
8792 8794
8793 0
0 0
8795 0
8796 0
8797 9069
8798 8799
0 0
8800 9066
8801 8802
0 0
8803 8805
8804 0
0 0
8806 0
8807 8809
8808 0
0 0
8810 9064
8811 9061
8812 8813
0 0
8814 9060
8815 8816
0 0
8817 0
8818 9058
8819 8820
0 0
8821 8823
8822 0
0 0
8824 9056
8825 9054
8826 9051
8827 9049
8828 9046
8829 8830
0 0
8831 9044
8832 9041
8833 9040
8834 9037
8835 8837
8836 0
0 0
8838 9036
8839 8840
0 0
8841 8842
0 0
8843 8844
0 0
8845 8847
8846 0
0 0
8848 8941
8849 8938
8850 8937
8851 8936
8852 8935
8853 8854
0 0
8855 8932
8856 8857
0 0
8858 0
8859 8861
8860 0
0 0
8862 8863
0 0
8864 8929
8865 8926
8866 8924
8867 8921
8868 8918
8869 8916
8870 8913
8871 8911
8872 8910
8873 8907
8874 8906
8875 8877
8876 0
0 0
8878 8879
0 0
8880 8903
8881 8900
8882 8898
8883 8885
8884 0
0 0
8886 8896
8887 8889
8888 0
0 0
8890 0
8891 8893
8892 0
0 0
8894 8895
0 0
0 0
8897 0
0 0
8899 0
0 0
8901 8902
0 0
0 0
8904 0
8905 0
0 0
0 0
8908 8909
0 0
0 0
0 0
8912 0
0 0
8914 0
8915 0
0 0
8917 0
0 0
8919 8920
0 0
0 0
8922 8923
0 0
0 0
8925 0
0 0
8927 0
8928 0
0 0
8930 8931
0 0
0 0
8933 8934
0 0
0 0
0 0
0 0
0 0
8939 0
8940 0
0 0
8942 9034
8943 9033
8944 8945
0 0
8946 0
8947 8948
0 0
8949 9030
8950 8951
0 0
8952 0
8953 9027
8954 9026
8955 9024
8956 8958
8957 0
0 0
8959 9023
8960 0
8961 8963
8962 0
0 0
8964 9021
8965 0
8966 8968
8967 0
0 0
8969 9018
8970 9016
8971 8972
0 0
8973 8975
8974 0
0 0
8976 8977
0 0
8978 0
8979 0
8980 8982
8981 0
0 0
8983 9013
8984 0
8985 0
8986 9010
8987 9007
8988 9004
8989 9002
8990 8991
0 0
8992 8994
8993 0
0 0
8995 9001
8996 8998
8997 0
0 0
8999 9000
0 0
0 0
0 0
9003 0
0 0
9005 9006
0 0
0 0
9008 0
9009 0
0 0
9011 0
9012 0
0 0
9014 9015
0 0
0 0
9017 0
0 0
9019 9020
0 0
0 0
9022 0
0 0
0 0
9025 0
0 0
0 0
9028 0
9029 0
0 0
9031 0
9032 0
0 0
0 0
9035 0
0 0
0 0
9038 9039
0 0
0 0
0 0
9042 9043
0 0
0 0
9045 0
0 0
9047 9048
0 0
0 0
9050 0
0 0
9052 9053
0 0
0 0
9055 0
0 0
9057 0
0 0
9059 0
0 0
0 0
9062 0
9063 0
0 0
9065 0
0 0
9067 0
9068 0
0 0
9070 0
0 0
0 0
9073 9074
0 0
0 0
9076 0
0 0
9078 0
0 0
9080 0
0 0
0 0
0 0
9084 9085
0 0
0 0
0 0
9088 0
0 0
0 0
9091 0
0 0
9093 0
0 0
0 0
9096 9097
0 0
0 0
0 0
9100 0
0 0
9102 0
9103 0
0 0
0 0
9106 0
9107 0
0 0
0 0
9110 9111
0 0
0 0
9113 9114
0 0
0 0
9116 0
0 0
0 0
9119 0
9120 0
0 0
0 0
0 0
9124 0
0 0
9126 0
0 0
0 0
9129 0
0 0
9131 0
0 0
9133 9134
0 0
0 0
0 0
0 0
9138 9139
0 0
0 0
9141 0
0 0
9143 0
0 0
9145 0
9146 0
0 0
9148 0
9149 0
0 0
9151 0
9152 0
0 0
9154 9155
0 0
0 0
9157 0
9158 0
0 0
9160 0
0 0
9162 0
9163 0
0 0
9165 0
0 0
9167 0
9168 0
0 0
9170 9668
9171 9667
9172 9664
9173 9174
0 0
9175 9662
9176 0
9177 9659
9178 9179
0 0
9180 9182
9181 0
0 0
9183 9658
9184 9656
9185 0
9186 9188
9187 0
0 0
9189 0
9190 9191
0 0
9192 9193
0 0
9194 9653
9195 9197
9196 0
0 0
9198 9651
9199 9201
9200 0
0 0
9202 9648
9203 9204
0 0
9205 9207
9206 0
0 0
9208 9647
9209 9645
9210 9642
9211 9640
9212 9639
9213 9637
9214 9216
9215 0
0 0
9217 0
9218 9636
9219 0
9220 9222
9221 0
0 0
9223 9634
9224 9225
0 0
9226 9227
0 0
9228 9229
0 0
9230 9631
9231 9628
9232 9234
9233 0
0 0
9235 9236
0 0
9237 0
9238 9626
9239 9624
9240 9242
9241 0
0 0
9243 9245
9244 0
0 0
9246 9622
9247 9621
9248 9618
9249 0
9250 0
9251 9616
9252 9614
9253 9254
0 0
9255 0
9256 9613
9257 9611
9258 9434
9259 9432
9260 9429
9261 9427
9262 0
9263 9264
0 0
9265 0
9266 9425
9267 9424
9268 9269
0 0
9270 9272
9271 0
0 0
9273 0
9274 0
9275 9423
9276 9277
0 0
9278 9279
0 0
9280 9421
9281 9283
9282 0
0 0
9284 9420
9285 9417
9286 9416
9287 9415
9288 9414
9289 9290
0 0
9291 9413
9292 9293
0 0
9294 9412
9295 9411
9296 9353
9297 9352
9298 9350
9299 9348
9300 9346
9301 9302
0 0
9303 9305
9304 0
0 0
9306 9307
0 0
9308 9345
9309 0
9310 9311
0 0
9312 9313
0 0
9314 9343
9315 9317
9316 0
0 0
9318 9341
9319 0
9320 0
9321 9322
0 0
9323 0
9324 9340
9325 0
9326 9327
0 0
9328 9329
0 0
9330 9331
0 0
9332 9338
9333 9336
9334 0
9335 0
0 0
9337 0
0 0
9339 0
0 0
0 0
9342 0
0 0
9344 0
0 0
0 0
9347 0
0 0
9349 0
0 0
9351 0
0 0
0 0
9354 0
9355 9410
9356 9407
9357 9404
9358 9402
9359 9361
9360 0
0 0
9362 9401
9363 9398
9364 0
9365 9366
0 0
9367 9395
9368 9392
9369 9371
9370 0
0 0
9372 9389
9373 9374
0 0
9375 9377
9376 0
0 0
9378 9380
9379 0
0 0
9381 9383
9382 0
0 0
9384 0
9385 9387
9386 0
0 0
9388 0
0 0
9390 0
9391 0
0 0
9393 0
9394 0
0 0
9396 0
9397 0
0 0
9399 9400
0 0
0 0
0 0
9403 0
0 0
9405 9406
0 0
0 0
9408 9409
0 0
0 0
0 0
0 0
0 0
0 0
0 0
0 0
0 0
9418 0
9419 0
0 0
0 0
9422 0
0 0
0 0
0 0
9426 0
0 0
9428 0
0 0
9430 0
9431 0
0 0
9433 0
0 0
9435 9608
9436 9438
9437 0
0 0
9439 9440
0 0
9441 9442
0 0
9443 9607
9444 9604
9445 9603
9446 9600
9447 9597
9448 0
9449 9451
9450 0
0 0
9452 9453
0 0
9454 9455
0 0
9456 9458
9457 0
0 0
9459 9594
9460 9591
9461 9462
0 0
9463 9588
9464 9585
9465 9524
9466 9521
9467 9468
0 0
9469 9520
9470 9472
9471 0
0 0
9473 9518
9474 9475
0 0
9476 0
9477 9516
9478 9514
9479 9512
9480 9482
9481 0
0 0
9483 9484
0 0
9485 9510
9486 9509
9487 9507
9488 9490
9489 0
0 0
9491 9505
9492 9504
9493 9503
9494 9501
9495 9500
9496 9499
9497 0
9498 0
0 0
0 0
0 0
9502 0
0 0
0 0
0 0
9506 0
0 0
9508 0
0 0
0 0
9511 0
0 0
9513 0
0 0
9515 0
0 0
9517 0
0 0
9519 0
0 0
0 0
9522 9523
0 0
0 0
9525 9582
9526 9580
9527 9528
0 0
9529 9577
9530 9532
9531 0
0 0
9533 9575
9534 9572
9535 9570
9536 9568
9537 0
9538 0
9539 9566
9540 9542
9541 0
0 0
9543 0
9544 9565
9545 9564
9546 9562
9547 0
9548 0
9549 9559
9550 9552
9551 0
0 0
9553 9556
9554 0
9555 0
0 0
9557 0
9558 0
0 0
9560 9561
0 0
0 0
9563 0
0 0
0 0
0 0
9567 0
0 0
9569 0
0 0
9571 0
0 0
9573 9574
0 0
0 0
9576 0
0 0
9578 0
9579 0
0 0
9581 0
0 0
9583 9584
0 0
0 0
9586 9587
0 0
0 0
9589 9590
0 0
0 0
9592 9593
0 0
0 0
9595 9596
0 0
0 0
9598 9599
0 0
0 0
9601 9602
0 0
0 0
0 0
9605 9606
0 0
0 0
0 0
9609 9610
0 0
0 0
9612 0
0 0
0 0
9615 0
0 0
9617 0
0 0
9619 9620
0 0
0 0
0 0
9623 0
0 0
9625 0
0 0
9627 0
0 0
9629 9630
0 0
0 0
9632 0
9633 0
0 0
9635 0
0 0
0 0
9638 0
0 0
0 0
9641 0
0 0
9643 9644
0 0
0 0
9646 0
0 0
0 0
9649 9650
0 0
0 0
9652 0
0 0
9654 9655
0 0
0 0
9657 0
0 0
0 0
9660 9661
0 0
0 0
9663 0
0 0
9665 9666
0 0
0 0
0 0
9669 0
0 0
9671 9672
0 0
0 0
9674 9675
0 0
0 0
9677 9678
0 0
0 0
0 0
9681 9682
0 0
0 0
0 0
0 0
9686 0
0 0
9688 9689
0 0
0 0
9691 0
0 0
9693 9694
0 0
0 0
9696 0
0 0
9698 0
9699 0
0 0
9701 0
0 0
9703 0
0 0
9705 0
0 0
9707 0
9708 0
0 0
9710 0
0 0
9712 0
0 0
0 0
9715 0
9716 0
0 0
9718 9719
0 0
0 0
9721 9722
0 0
0 0
9724 0
0 0
0 0
9727 0
0 0
0 0
9730 0
0 0
9732 0
9733 0
0 0
0 0
9736 0
0 0
9738 0
0 0
9740 0
0 0
9742 0
0 0
9744 0
9745 0
0 0
0 0
9748 0
0 0
0 0
9751 0
0 0
9753 0
9754 0
0 0
9756 0
0 0
9758 0
0 0
0 0
9761 0
9762 0
0 0
0 0
0 0
0 0
0 0
9768 9769
0 0
0 0
9771 0
9772 0
0 0
0 0
0 0
9776 9777
0 0
0 0
9779 0
0 0
0 0
9782 0
0 0
9784 0
0 0
0 0
0 0
9788 0
0 0
9790 0
9791 0
0 0
0 0
9794 9795
0 0
0 0
9797 0
9798 0
0 0
0 0
0 0
9802 0
0 0
9804 9805
0 0
0 0
9807 0
0 0
9809 0
0 0
9811 0
0 0
0 0
9814 0
9815 0
0 0
9817 0
0 0
0 0
9820 0
0 0
9822 0
9823 0
0 0
9825 0
0 0
0 0
0 0
9829 9830
0 0
0 0
9832 0
0 0
9834 0
0 0
9836 9837
0 0
0 0
0 0
9840 0
9841 0
0 0
0 0
9844 0
9845 0
0 0
9847 0
9848 0
0 0
0 0
9851 0
0 0
9853 0
0 0
9855 0
0 0
0 0
9858 0
0 0
9860 9861
0 0
0 0
0 0
9864 9865
0 0
0 0
9867 0
0 0
9869 0
9870 0
0 0
9872 0
9873 0
0 0
9875 0
0 0
9877 0
0 0
0 0
9880 0
0 0
9882 0
0 0
0 0
9885 9886
0 0
0 0
9888 0
0 0
0 0
9891 9892
0 0
0 0
9894 0
0 0
9896 9897
0 0
0 0
9899 0
0 0
9901 0
0 0
9903 0
0 0
0 0
9906 0
9907 0
0 0
9909 0
0 0
9911 0
0 0
9913 9914
0 0
0 0
9916 0
0 0
0 0
0 0
0 0
9921 9922
0 0
0 0
0 0
9925 0
0 0
0 0
9928 0
0 0
9930 0
9931 0
0 0
0 0
9934 0
0 0
9936 0
0 0
9938 0
0 0
0 0
9941 9942
0 0
0 0
9944 0
0 0
9946 9947
0 0
0 0
9949 0
0 0
9951 9952
0 0
0 0
9954 0
9955 0
0 0
9957 0
0 0
9959 0
9960 0
0 0
9962 0
0 0
0 0
9965 0
9966 0
0 0
0 0
9969 0
0 0
0 0
9972 0
9973 0
0 0
9975 0
9976 0
0 0
9978 0
0 0
9980 0
9981 0
0 0
9983 0
0 0
9985 0
0 0
0 0
0 0
9989 0
0 0
0 0
9992 9993
0 0
0 0
0 0
0 0
0 0
0 0
9999 10000
0 0
0 0
