10000
2 0
3 4
0 0
5 6
0 0
7 9999
8 9997
9 10
0 0
11 9994
12 9993
13 14
0 0
15 9991
16 0
17 0
18 9989
19 9987
20 9986
21 9984
22 9983
23 25
24 0
0 0
26 28
27 0
0 0
29 31
30 0
0 0
32 0
33 9982
34 9981
35 9980
36 37
0 0
38 0
39 9979
40 42
41 0
0 0
43 0
44 9977
45 9975
46 48
47 0
0 0
49 51
50 0
0 0
52 54
53 0
0 0
55 9972
56 9969
57 9967
58 9966
59 61
60 0
0 0
62 64
63 0
0 0
65 66
0 0
67 9963
68 70
69 0
0 0
71 73
72 0
0 0
74 76
75 0
0 0
77 9960
78 9957
79 9955
80 9954
81 9953
82 84
83 0
0 0
85 0
86 87
0 0
88 89
0 0
90 5021
91 5020
92 5019
93 0
94 0
95 96
0 0
97 99
98 0
0 0
100 5017
101 103
102 0
0 0
104 5015
105 107
106 0
0 0
108 5014
109 111
110 0
0 0
112 113
0 0
114 116
115 0
0 0
117 5012
118 5011
119 5009
120 5007
121 5004
122 124
123 0
0 0
125 5001
126 127
0 0
128 130
129 0
0 0
131 4998
132 4995
133 4994
134 4993
135 4990
136 4988
137 0
138 4987
139 140
0 0
141 4985
142 0
143 144
0 0
145 147
146 0
0 0
148 150
149 0
0 0
151 152
0 0
153 155
154 0
0 0
156 157
0 0
158 4984
159 4981
160 4979
161 4977
162 0
163 164
0 0
165 4976
166 4974
167 4973
168 2570
169 2569
170 2567
171 2564
172 2562
173 174
0 0
175 2560
176 2559
177 2558
178 180
179 0
0 0
181 183
182 0
0 0
184 2557
185 2555
186 2553
187 2552
188 2551
189 0
190 2549
191 2548
192 2545
193 2543
194 0
195 2542
196 2539
197 2536
198 0
199 2534
200 202
201 0
0 0
203 204
0 0
205 0
206 0
207 0
208 2533
209 210
0 0
211 212
0 0
213 215
214 0
0 0
216 2532
217 219
218 0
0 0
220 2530
221 2528
222 2527
223 0
224 225
0 0
226 2526
227 229
228 0
0 0
230 0
231 232
0 0
233 2525
234 0
235 2522
236 238
237 0
0 0
239 2521
240 2518
241 2515
242 244
243 0
0 0
245 246
0 0
247 248
0 0
249 2513
250 252
251 0
0 0
253 255
254 0
0 0
256 258
257 0
0 0
259 2512
260 2509
261 2508
262 263
0 0
264 2506
265 267
266 0
0 0
268 2503
269 0
270 2501
271 1385
272 1382
273 1380
274 276
275 0
0 0
277 1377
278 279
0 0
280 1376
281 1375
282 284
283 0
0 0
285 286
0 0
287 1372
288 0
289 1370
290 291
0 0
292 1368
293 294
0 0
295 0
296 297
0 0
298 1365
299 1362
300 1361
301 1360
302 830
303 829
304 0
305 828
306 826
307 0
308 0
309 825
310 824
311 821
312 0
313 566
314 0
315 564
316 561
317 558
318 556
319 321
320 0
0 0
322 555
323 553
324 552
325 551
326 0
327 548
328 0
329 547
330 545
331 542
332 541
333 334
0 0
335 538
336 535
337 534
338 0
339 0
340 0
341 0
342 0
343 344
0 0
345 346
0 0
347 348
0 0
349 532
350 351
0 0
352 0
353 354
0 0
355 529
356 358
357 0
0 0
359 528
360 525
361 362
0 0
363 443
364 441
365 438
366 436
367 0
368 433
369 431
370 429
371 372
0 0
373 426
374 423
375 422
376 420
377 418
378 379
0 0
380 417
381 416
382 0
383 385
384 0
0 0
386 0
387 415
388 414
389 413
390 392
391 0
0 0
393 412
394 0
395 409
396 0
397 399
398 0
0 0
400 402
401 0
0 0
403 407
404 406
405 0
0 0
0 0
408 0
0 0
410 411
0 0
0 0
0 0
0 0
0 0
0 0
0 0
0 0
419 0
0 0
421 0
0 0
0 0
424 0
425 0
0 0
427 0
428 0
0 0
430 0
0 0
432 0
0 0
434 0
435 0
0 0
437 0
0 0
439 440
0 0
0 0
442 0
0 0
444 523
445 447
446 0
0 0
448 521
449 518
450 0
451 516
452 515
453 512
454 509
455 456
0 0
457 506
458 503
459 502
460 501
461 500
462 463
0 0
464 498
465 496
466 493
467 492
468 469
0 0
470 0
471 473
472 0
0 0
474 476
475 0
0 0
477 490
478 480
479 0
0 0
481 0
482 484
483 0
0 0
485 487
486 0
0 0
488 0
489 0
0 0
491 0
0 0
0 0
494 495
0 0
0 0
497 0
0 0
499 0
0 0
0 0
0 0
0 0
504 505
0 0
0 0
507 508
0 0
0 0
510 0
511 0
0 0
513 0
514 0
0 0
0 0
517 0
0 0
519 520
0 0
0 0
522 0
0 0
524 0
0 0
526 0
527 0
0 0
0 0
530 531
0 0
0 0
533 0
0 0
0 0
536 537
0 0
0 0
539 0
540 0
0 0
0 0
543 0
544 0
0 0
546 0
0 0
0 0
549 550
0 0
0 0
0 0
0 0
554 0
0 0
0 0
557 0
0 0
559 0
560 0
0 0
562 0
563 0
0 0
565 0
0 0
567 568
0 0
569 819
570 0
571 817
572 816
573 815
574 812
575 0
576 0
577 811
578 579
0 0
580 809
581 807
582 584
583 0
0 0
585 0
586 588
587 0
0 0
589 590
0 0
591 0
592 593
0 0
594 805
595 803
596 800
597 599
598 0
0 0
600 799
601 797
602 796
603 605
604 0
0 0
606 0
607 793
608 792
609 610
0 0
611 791
612 701
613 0
614 699
615 697
616 618
617 0
0 0
619 620
0 0
621 696
622 624
623 0
0 0
625 694
626 628
627 0
0 0
629 692
630 691
631 689
632 688
633 0
634 636
635 0
0 0
637 639
638 0
0 0
640 642
641 0
0 0
643 686
644 0
645 0
646 685
647 0
648 684
649 683
650 652
651 0
0 0
653 0
654 681
655 657
656 0
0 0
658 678
659 677
660 675
661 663
662 0
0 0
664 666
665 0
0 0
667 0
668 0
669 670
0 0
671 673
672 0
0 0
674 0
0 0
676 0
0 0
0 0
679 0
680 0
0 0
682 0
0 0
0 0
0 0
0 0
687 0
0 0
0 0
690 0
0 0
0 0
693 0
0 0
695 0
0 0
0 0
698 0
0 0
700 0
0 0
702 703
0 0
704 790
705 706
0 0
707 708
0 0
709 711
710 0
0 0
712 789
713 715
714 0
0 0
716 788
717 719
718 0
0 0
720 786
721 722
0 0
723 784
724 781
725 727
726 0
0 0
728 0
729 0
730 778
731 733
732 0
0 0
734 0
735 777
736 737
0 0
738 774
739 772
740 755
741 754
742 744
743 0
0 0
745 746
0 0
747 751
748 0
749 750
0 0
0 0
752 753
0 0
0 0
0 0
756 769
757 766
758 765
759 764
760 762
761 0
0 0
763 0
0 0
0 0
0 0
767 0
768 0
0 0
770 0
771 0
0 0
773 0
0 0
775 0
776 0
0 0
0 0
779 0
780 0
0 0
782 783
0 0
0 0
785 0
0 0
787 0
0 0
0 0
0 0
0 0
0 0
0 0
794 795
0 0
0 0
0 0
798 0
0 0
0 0
801 802
0 0
0 0
804 0
0 0
806 0
0 0
808 0
0 0
810 0
0 0
0 0
813 814
0 0
0 0
0 0
0 0
818 0
0 0
820 0
0 0
822 0
823 0
0 0
0 0
0 0
827 0
0 0
0 0
0 0
831 1357
832 1354
833 835
834 0
0 0
836 837
0 0
838 839
0 0
840 841
0 0
842 1353
843 844
0 0
845 847
846 0
0 0
848 1351
849 850
0 0
851 1348
852 1346
853 0
854 0
855 856
0 0
857 858
0 0
859 1345
860 1343
861 1340
862 1337
863 1336
864 1335
865 1334
866 0
867 1333
868 869
0 0
870 0
871 1331
872 0
873 0
874 0
875 1329
876 0
877 1327
878 1326
879 880
0 0
881 883
882 0
0 0
884 885
0 0
886 1323
887 1320
888 890
889 0
0 0
891 1319
892 0
893 895
894 0
0 0
896 1317
897 1315
898 0
899 1314
900 0
901 1313
902 904
903 0
0 0
905 906
0 0
907 908
0 0
909 1311
910 0
911 1308
912 1306
913 914
0 0
915 916
0 0
917 1304
918 1302
919 921
920 0
0 0
922 923
0 0
924 1299
925 927
926 0
0 0
928 1297
929 1295
930 1292
931 1291
932 0
933 0
934 1290
935 0
936 0
937 938
0 0
939 1287
940 1286
941 1284
942 1282
943 944
0 0
945 1280
946 947
0 0
948 1277
949 1276
950 1274
951 0
952 0
953 954
0 0
955 1271
956 1270
957 1267
958 960
959 0
0 0
961 1265
962 0
963 1263
964 1260
965 966
0 0
967 1257
968 1112
969 0
970 0
971 0
972 1111
973 975
974 0
0 0
976 1108
977 1106
978 1103
979 0
980 0
981 982
0 0
983 1102
984 1100
985 1098
986 987
0 0
988 0
989 0
990 1097
991 1043
992 1042
993 1039
994 996
995 0
0 0
997 0
998 1036
999 1033
1000 1030
1001 1003
1002 0
0 0
1004 1027
1005 0
1006 1007
0 0
1008 0
1009 0
1010 1012
1011 0
0 0
1013 1026
1014 0
1015 1017
1016 0
0 0
1018 1023
1019 0
1020 1022
1021 0
0 0
0 0
1024 0
1025 0
0 0
0 0
1028 0
1029 0
0 0
1031 0
1032 0
0 0
1034 0
1035 0
0 0
1037 1038
0 0
0 0
1040 1041
0 0
0 0
0 0
1044 1095
1045 1046
0 0
1047 0
1048 0
1049 0
1050 1094
1051 1053
1052 0
0 0
1054 1055
0 0
1056 1057
0 0
1058 1093
1059 1092
1060 1062
1061 0
0 0
1063 1064
0 0
1065 1091
1066 0
1067 1069
1068 0
0 0
1070 1088
1071 0
1072 1085
1073 0
1074 1083
1075 1081
1076 1078
1077 0
0 0
1079 0
1080 0
0 0
1082 0
0 0
1084 0
0 0
1086 0
1087 0
0 0
1089 0
1090 0
0 0
0 0
0 0
0 0
0 0
1096 0
0 0
0 0
1099 0
0 0
1101 0
0 0
0 0
1104 1105
0 0
0 0
1107 0
0 0
1109 0
1110 0
0 0
0 0
1113 1256
1114 1116
1115 0
0 0
1117 1119
1118 0
0 0
1120 1255
1121 1253
1122 0
1123 1252
1124 0
1125 1250
1126 0
1127 1247
1128 1246
1129 1245
1130 1244
1131 1242
1132 1133
0 0
1134 1241
1135 0
1136 1137
0 0
1138 1239
1139 1140
0 0
1141 1237
1142 0
1143 1144
0 0
1145 1235
1146 1148
1147 0
0 0
1149 1232
1150 1152
1151 0
0 0
1153 1155
1154 0
0 0
1156 0
1157 1229
1158 1226
1159 1225
1160 1224
1161 1222
1162 1221
1163 1219
1164 1165
0 0
1166 0
1167 1168
0 0
1169 1171
1170 0
0 0
1172 1217
1173 0
1174 1175
0 0
1176 1178
1177 0
0 0
1179 1215
1180 1213
1181 1212
1182 0
1183 1210
1184 1185
0 0
1186 1207
1187 1204
1188 1201
1189 1194
1190 1192
1191 0
0 0
1193 0
0 0
1195 0
1196 0
1197 1200
1198 0
1199 0
0 0
0 0
1202 0
1203 0
0 0
1205 1206
0 0
0 0
1208 0
1209 0
0 0
1211 0
0 0
0 0
1214 0
0 0
1216 0
0 0
1218 0
0 0
1220 0
0 0
0 0
1223 0
0 0
0 0
0 0
1227 0
1228 0
0 0
1230 0
1231 0
0 0
1233 1234
0 0
0 0
1236 0
0 0
1238 0
0 0
1240 0
0 0
0 0
1243 0
0 0
0 0
0 0
0 0
1248 1249
0 0
0 0
1251 0
0 0
0 0
1254 0
0 0
0 0
0 0
1258 0
1259 0
0 0
1261 1262
0 0
0 0
1264 0
0 0
1266 0
0 0
1268 0
1269 0
0 0
0 0
1272 0
1273 0
0 0
1275 0
0 0
0 0
1278 0
1279 0
0 0
1281 0
0 0
1283 0
0 0
1285 0
0 0
0 0
1288 0
1289 0
0 0
0 0
0 0
1293 1294
0 0
0 0
1296 0
0 0
1298 0
0 0
1300 0
1301 0
0 0
1303 0
0 0
1305 0
0 0
1307 0
0 0
1309 0
1310 0
0 0
1312 0
0 0
0 0
0 0
1316 0
0 0
1318 0
0 0
0 0
1321 0
1322 0
0 0
1324 0
1325 0
0 0
0 0
1328 0
0 0
1330 0
0 0
1332 0
0 0
0 0
0 0
0 0
0 0
1338 1339
0 0
0 0
1341 0
1342 0
0 0
1344 0
0 0
0 0
1347 0
0 0
1349 1350
0 0
0 0
1352 0
0 0
0 0
1355 1356
0 0
0 0
1358 1359
0 0
0 0
0 0
0 0
1363 0
1364 0
0 0
1366 0
1367 0
0 0
1369 0
0 0
1371 0
0 0
1373 0
1374 0
0 0
0 0
0 0
1378 0
1379 0
0 0
1381 0
0 0
1383 1384
0 0
0 0
1386 0
1387 2498
1388 2497
1389 2495
1390 1391
0 0
1392 2493
1393 2492
1394 2489
1395 2488
1396 2486
1397 0
1398 2483
1399 1401
1400 0
0 0
1402 2480
1403 2478
1404 2476
1405 2473
1406 2472
1407 2470
1408 0
1409 2467
1410 0
1411 2466
1412 0
1413 2464
1414 2463
1415 1416
0 0
1417 1419
1418 0
0 0
1420 2462
1421 2461
1422 2458
1423 0
1424 1425
0 0
1426 1428
1427 0
0 0
1429 2457
1430 1432
1431 0
0 0
1433 2455
1434 1436
1435 0
0 0
1437 0
1438 1946
1439 1945
1440 1442
1441 0
0 0
1443 1445
1444 0
0 0
1446 1942
1447 1448
0 0
1449 1451
1450 0
0 0
1452 1941
1453 1454
0 0
1455 1939
1456 1936
1457 1935
1458 1932
1459 1930
1460 1929
1461 1927
1462 0
1463 1926
1464 1923
1465 0
1466 1921
1467 0
1468 1470
1469 0
0 0
1471 0
1472 1474
1473 0
0 0
1475 1920
1476 0
1477 0
1478 1918
1479 0
1480 0
1481 1916
1482 1914
1483 1485
1484 0
0 0
1486 1912
1487 1910
1488 1490
1489 0
0 0
1491 1908
1492 0
1493 1906
1494 1495
0 0
1496 1498
1497 0
0 0
1499 1904
1500 1502
1501 0
0 0
1503 1903
1504 0
1505 1901
1506 1899
1507 0
1508 1510
1509 0
0 0
1511 0
1512 1513
0 0
1514 1896
1515 1517
1516 0
0 0
1518 0
1519 1895
1520 1522
1521 0
0 0
1523 1894
1524 1891
1525 1526
0 0
1527 1888
1528 1530
1529 0
0 0
1531 1532
0 0
1533 1887
1534 1535
0 0
1536 1538
1537 0
0 0
1539 1884
1540 1881
1541 1878
1542 0
1543 1877
1544 1874
1545 1871
1546 0
1547 1549
1548 0
0 0
1550 1552
1551 0
0 0
1553 1868
1554 1866
1555 1556
0 0
1557 1863
1558 0
1559 1560
0 0
1561 0
1562 1860
1563 1565
1564 0
0 0
1566 1859
1567 1856
1568 1569
0 0
1570 0
1571 1854
1572 1853
1573 1851
1574 1575
0 0
1576 1578
1577 0
0 0
1579 1714
1580 1581
0 0
1582 1713
1583 1647
1584 0
1585 0
1586 1646
1587 1645
1588 0
1589 1642
1590 0
1591 1593
1592 0
0 0
1594 1596
1595 0
0 0
1597 1641
1598 1599
0 0
1600 1638
1601 1635
1602 1604
1603 0
0 0
1605 1632
1606 1629
1607 1609
1608 0
0 0
1610 1627
1611 0
1612 1626
1613 0
1614 1624
1615 1616
0 0
1617 1618
0 0
1619 1621
1620 0
0 0
1622 1623
0 0
0 0
1625 0
0 0
0 0
1628 0
0 0
1630 0
1631 0
0 0
1633 0
1634 0
0 0
1636 1637
0 0
0 0
1639 1640
0 0
0 0
0 0
1643 1644
0 0
0 0
0 0
0 0
1648 1710
1649 0
1650 1708
1651 1706
1652 1704
1653 0
1654 1701
1655 0
1656 1657
0 0
1658 1659
0 0
1660 1661
0 0
1662 1699
1663 1665
1664 0
0 0
1666 1696
1667 1695
1668 1693
1669 1690
1670 1672
1671 0
0 0
1673 1689
1674 0
1675 1688
1676 1687
1677 0
1678 1686
1679 0
1680 1682
1681 0
0 0
1683 0
1684 0
1685 0
0 0
0 0
0 0
0 0
0 0
1691 0
1692 0
0 0
1694 0
0 0
0 0
1697 1698
0 0
0 0
1700 0
0 0
1702 1703
0 0
0 0
1705 0
0 0
1707 0
0 0
1709 0
0 0
1711 0
1712 0
0 0
0 0
1715 1850
1716 1718
1717 0
0 0
1719 0
1720 1722
1721 0
0 0
1723 1848
1724 1847
1725 1845
1726 0
1727 1844
1728 1842
1729 1839
1730 1838
1731 1732
0 0
1733 1734
0 0
1735 1736
0 0
1737 1836
1738 1739
0 0
1740 1833
1741 1742
0 0
1743 0
1744 1745
0 0
1746 0
1747 1832
1748 1750
1749 0
0 0
1751 1829
1752 1826
1753 1754
0 0
1755 1823
1756 0
1757 1821
1758 1818
1759 1816
1760 1813
1761 1810
1762 1764
1763 0
0 0
1765 1809
1766 1806
1767 1805
1768 1803
1769 1800
1770 1772
1771 0
0 0
1773 1798
1774 1775
0 0
1776 1777
0 0
1778 1779
0 0
1780 1796
1781 1795
1782 1792
1783 1789
1784 1788
1785 1787
1786 0
0 0
0 0
0 0
1790 0
1791 0
0 0
1793 0
1794 0
0 0
0 0
1797 0
0 0
1799 0
0 0
1801 0
1802 0
0 0
1804 0
0 0
0 0
1807 0
1808 0
0 0
0 0
1811 0
1812 0
0 0
1814 0
1815 0
0 0
1817 0
0 0
1819 0
1820 0
0 0
1822 0
0 0
1824 1825
0 0
0 0
1827 0
1828 0
0 0
1830 1831
0 0
0 0
0 0
1834 0
1835 0
0 0
1837 0
0 0
0 0
1840 0
1841 0
0 0
1843 0
0 0
0 0
1846 0
0 0
0 0
1849 0
0 0
0 0
1852 0
0 0
0 0
1855 0
0 0
1857 0
1858 0
0 0
0 0
1861 1862
0 0
0 0
1864 1865
0 0
0 0
1867 0
0 0
1869 1870
0 0
0 0
1872 0
1873 0
0 0
1875 0
1876 0
0 0
0 0
1879 1880
0 0
0 0
1882 1883
0 0
0 0
1885 1886
0 0
0 0
0 0
1889 1890
0 0
0 0
1892 0
1893 0
0 0
0 0
0 0
1897 0
1898 0
0 0
1900 0
0 0
1902 0
0 0
0 0
1905 0
0 0
1907 0
0 0
1909 0
0 0
1911 0
0 0
1913 0
0 0
1915 0
0 0
1917 0
0 0
1919 0
0 0
0 0
1922 0
0 0
1924 0
1925 0
0 0
0 0
1928 0
0 0
0 0
1931 0
0 0
1933 1934
0 0
0 0
0 0
1937 0
1938 0
0 0
1940 0
0 0
0 0
1943 0
1944 0
0 0
0 0
1947 1948
0 0
1949 2453
1950 1952
1951 0
0 0
1953 1954
0 0
1955 2451
1956 2450
1957 2449
1958 1960
1959 0
0 0
1961 1962
0 0
1963 1964
0 0
1965 2447
1966 2444
1967 2441
1968 0
1969 2439
1970 2437
1971 2434
1972 1973
0 0
1974 0
1975 1976
0 0
1977 2431
1978 2428
1979 1981
1980 0
0 0
1982 1984
1983 0
0 0
1985 0
1986 0
1987 0
1988 2426
1989 1990
0 0
1991 2424
1992 2422
1993 1994
0 0
1995 2421
1996 2419
1997 2417
1998 2415
1999 2413
2000 2412
2001 2002
0 0
2003 0
2004 2411
2005 2409
2006 2408
2007 2009
2008 0
0 0
2010 2406
2011 2405
2012 2404
2013 2015
2014 0
0 0
2016 2403
2017 2019
2018 0
0 0
2020 2021
0 0
2022 2401
2023 2399
2024 2026
2025 0
0 0
2027 2398
2028 2396
2029 2031
2030 0
0 0
2032 2393
2033 2034
0 0
2035 0
2036 2037
0 0
2038 2391
2039 0
2040 0
2041 0
2042 2388
2043 0
2044 2045
0 0
2046 2047
0 0
2048 2050
2049 0
0 0
2051 2053
2052 0
0 0
2054 2056
2055 0
0 0
2057 2386
2058 2383
2059 0
2060 2062
2061 0
0 0
2063 2382
2064 0
2065 2379
2066 2067
0 0
2068 2070
2069 0
0 0
2071 2376
2072 2073
0 0
2074 2075
0 0
2076 2078
2077 0
0 0
2079 2081
2080 0
0 0
2082 2083
0 0
2084 2374
2085 2371
2086 2368
2087 2365
2088 0
2089 0
2090 2091
0 0
2092 2364
2093 2363
2094 2360
2095 2359
2096 2357
2097 2354
2098 2100
2099 0
0 0
2101 2353
2102 0
2103 2352
2104 0
2105 2107
2106 0
0 0
2108 2109
0 0
2110 2112
2111 0
0 0
2113 0
2114 2115
0 0
2116 2351
2117 2233
2118 0
2119 2231
2120 2230
2121 2229
2122 2227
2123 2224
2124 2125
0 0
2126 2222
2127 2128
0 0
2129 2221
2130 2220
2131 0
2132 2217
2133 2135
2134 0
0 0
2136 0
2137 2139
2138 0
0 0
2140 0
2141 2216
2142 2213
2143 2211
2144 2146
2145 0
0 0
2147 0
2148 2150
2149 0
0 0
2151 2210
2152 2154
2153 0
0 0
2155 2156
0 0
2157 2209
2158 2208
2159 2207
2160 2204
2161 2203
2162 2201
2163 2165
2164 0
0 0
2166 2200
2167 2197
2168 2169
0 0
2170 2194
2171 2192
2172 2174
2173 0
0 0
2175 2191
2176 2189
2177 2179
2178 0
0 0
2180 2186
2181 2182
0 0
2183 2184
0 0
2185 0
0 0
2187 0
2188 0
0 0
2190 0
0 0
0 0
2193 0
0 0
2195 0
2196 0
0 0
2198 2199
0 0
0 0
0 0
2202 0
0 0
0 0
2205 2206
0 0
0 0
0 0
0 0
0 0
0 0
2212 0
0 0
2214 2215
0 0
0 0
0 0
2218 2219
0 0
0 0
0 0
0 0
2223 0
0 0
2225 2226
0 0
0 0
2228 0
0 0
0 0
0 0
2232 0
0 0
2234 2349
2235 0
2236 2346
2237 2238
0 0
2239 2240
0 0
2241 2243
2242 0
0 0
2244 2245
0 0
2246 2344
2247 2343
2248 2341
2249 2338
2250 2335
2251 2252
0 0
2253 0
2254 2333
2255 2331
2256 2329
2257 2258
0 0
2259 0
2260 2327
2261 0
2262 2264
2263 0
0 0
2265 2267
2266 0
0 0
2268 2325
2269 2322
2270 0
2271 2272
0 0
2273 2319
2274 2275
0 0
2276 2278
2277 0
0 0
2279 2318
2280 0
2281 0
2282 0
2283 2315
2284 0
2285 2314
2286 0
2287 0
2288 2289
0 0
2290 2312
2291 2292
0 0
2293 2295
2294 0
0 0
2296 2298
2297 0
0 0
2299 2311
2300 2309
2301 2303
2302 0
0 0
2304 2306
2305 0
0 0
2307 0
2308 0
0 0
2310 0
0 0
0 0
2313 0
0 0
0 0
2316 0
2317 0
0 0
0 0
2320 0
2321 0
0 0
2323 0
2324 0
0 0
2326 0
0 0
2328 0
0 0
2330 0
0 0
2332 0
0 0
2334 0
0 0
2336 2337
0 0
0 0
2339 0
2340 0
0 0
2342 0
0 0
0 0
2345 0
0 0
2347 2348
0 0
0 0
2350 0
0 0
0 0
0 0
0 0
2355 2356
0 0
0 0
2358 0
0 0
0 0
2361 0
2362 0
0 0
0 0
0 0
2366 2367
0 0
0 0
2369 0
2370 0
0 0
2372 0
2373 0
0 0
2375 0
0 0
2377 2378
0 0
0 0
2380 0
2381 0
0 0
0 0
2384 0
2385 0
0 0
2387 0
0 0
2389 0
2390 0
0 0
2392 0
0 0
2394 0
2395 0
0 0
2397 0
0 0
0 0
2400 0
0 0
2402 0
0 0
0 0
0 0
0 0
2407 0
0 0
0 0
2410 0
0 0
0 0
0 0
2414 0
0 0
2416 0
0 0
2418 0
0 0
2420 0
0 0
0 0
2423 0
0 0
2425 0
0 0
2427 0
0 0
2429 2430
0 0
0 0
2432 2433
0 0
0 0
2435 2436
0 0
0 0
2438 0
0 0
2440 0
0 0
2442 2443
0 0
0 0
2445 2446
0 0
0 0
2448 0
0 0
0 0
0 0
2452 0
0 0
2454 0
0 0
2456 0
0 0
0 0
2459 0
2460 0
0 0
0 0
0 0
0 0
2465 0
0 0
0 0
2468 2469
0 0
0 0
2471 0
0 0
0 0
2474 0
2475 0
0 0
2477 0
0 0
2479 0
0 0
2481 0
2482 0
0 0
2484 2485
0 0
0 0
2487 0
0 0
0 0
2490 2491
0 0
0 0
0 0
2494 0
0 0
2496 0
0 0
0 0
2499 2500
0 0
0 0
2502 0
0 0
2504 0
2505 0
0 0
2507 0
0 0
0 0
2510 2511
0 0
0 0
0 0
2514 0
0 0
2516 2517
0 0
0 0
2519 0
2520 0
0 0
0 0
2523 2524
0 0
0 0
0 0
0 0
0 0
2529 0
0 0
2531 0
0 0
0 0
0 0
2535 0
0 0
2537 0
2538 0
0 0
2540 0
2541 0
0 0
0 0
2544 0
0 0
2546 2547
0 0
0 0
0 0
2550 0
0 0
0 0
0 0
2554 0
0 0
2556 0
0 0
0 0
0 0
0 0
2561 0
0 0
2563 0
0 0
2565 2566
0 0
0 0
2568 0
0 0
0 0
2571 4971
2572 4970
2573 4967
2574 4966
2575 2577
2576 0
0 0
2578 2580
2579 0
0 0
2581 4964
2582 4961
2583 0
2584 2585
0 0
2586 2588
2587 0
0 0
2589 2590
0 0
2591 4959
2592 4956
2593 4954
2594 4951
2595 0
2596 4949
2597 0
2598 0
2599 4946
2600 2601
0 0
2602 4944
2603 4941
2604 2606
2605 0
0 0
2607 4939
2608 3773
2609 3771
2610 2611
0 0
2612 3770
2613 2614
0 0
2615 0
2616 2617
0 0
2618 2620
2619 0
0 0
2621 2623
2622 0
0 0
2624 2625
0 0
2626 3769
2627 2628
0 0
2629 3767
2630 3764
2631 3761
2632 3758
2633 2635
2634 0
0 0
2636 3757
2637 2638
0 0
2639 3755
2640 2642
2641 0
0 0
2643 3753
2644 3752
2645 2647
2646 0
0 0
2648 2650
2649 0
0 0
2651 3749
2652 3747
2653 2654
0 0
2655 3746
2656 2657
0 0
2658 3744
2659 2660
0 0
2661 3743
2662 0
2663 2665
2664 0
0 0
2666 3740
2667 0
2668 0
2669 2671
2670 0
0 0
2672 3738
2673 2675
2674 0
0 0
2676 0
2677 0
2678 3735
2679 0
2680 3734
2681 0
2682 0
2683 0
2684 3731
2685 3728
2686 3725
2687 0
2688 2690
2689 0
0 0
2691 2692
0 0
2693 2695
2694 0
0 0
2696 0
2697 2699
2698 0
0 0
2700 0
2701 2702
0 0
2703 3723
2704 3722
2705 3719
2706 3718
2707 2709
2708 0
0 0
2710 3717
2711 3715
2712 3713
2713 3712
2714 0
2715 3711
2716 3708
2717 0
2718 0
2719 3707
2720 3704
2721 2722
0 0
2723 3701
2724 0
2725 3698
2726 3696
2727 2729
2728 0
0 0
2730 3695
2731 2733
2732 0
0 0
2734 2736
2735 0
0 0
2737 0
2738 0
2739 3694
2740 3693
2741 3691
2742 0
2743 3689
2744 3686
2745 3684
2746 3683
2747 2749
2748 0
0 0
2750 3680
2751 2753
2752 0
0 0
2754 3679
2755 0
2756 3677
2757 2758
0 0
2759 3675
2760 3674
2761 0
2762 2764
2763 0
0 0
2765 2767
2766 0
0 0
2768 3671
2769 3668
2770 3665
2771 3663
2772 2774
2773 0
0 0
2775 3660
2776 2777
0 0
2778 3659
2779 3656
2780 3655
2781 3652
2782 0
2783 3649
2784 3647
2785 3645
2786 2788
2787 0
0 0
2789 3642
2790 3639
2791 2792
0 0
2793 0
2794 3638
2795 3635
2796 0
2797 2799
2798 0
0 0
2800 2801
0 0
2802 3633
2803 3632
2804 3630
2805 3629
2806 2807
0 0
2808 3628
2809 3625
2810 0
2811 2813
2812 0
0 0
2814 0
2815 0
2816 0
2817 3624
2818 3623
2819 3620
2820 2822
2821 0
0 0
2823 3619
2824 0
2825 2826
0 0
2827 2829
2828 0
0 0
2830 0
2831 2833
2832 0
0 0
2834 3617
2835 2836
0 0
2837 3616
2838 3615
2839 3614
2840 2842
2841 0
0 0
2843 2844
0 0
2845 0
2846 3613
2847 3611
2848 0
2849 3610
2850 3608
2851 2853
2852 0
0 0
2854 2856
2855 0
0 0
2857 3605
2858 2859
0 0
2860 2861
0 0
2862 0
2863 3604
2864 0
2865 3601
2866 3600
2867 3599
2868 2870
2869 0
0 0
2871 3596
2872 2874
2873 0
0 0
2875 3594
2876 3593
2877 3590
2878 3587
2879 2881
2880 0
0 0
2882 3586
2883 0
2884 3584
2885 3583
2886 2888
2887 0
0 0
2889 3582
2890 2891
0 0
2892 3580
2893 3578
2894 0
2895 3575
2896 3572
2897 0
2898 3571
2899 3568
2900 3565
2901 3562
2902 3560
2903 3557
2904 3556
2905 2906
0 0
2907 0
2908 0
2909 2911
2910 0
0 0
2912 3555
2913 3553
2914 3550
2915 2916
0 0
2917 2918
0 0
2919 3548
2920 2921
0 0
2922 3546
2923 3544
2924 3541
2925 3540
2926 2927
0 0
2928 2930
2929 0
0 0
2931 0
2932 2934
2933 0
0 0
2935 2937
2936 0
0 0
2938 3537
2939 3535
2940 3532
2941 0
2942 3531
2943 2945
2944 0
0 0
2946 2947
0 0
2948 2949
0 0
2950 2951
0 0
2952 0
2953 2954
0 0
2955 2956
0 0
2957 3530
2958 3527
2959 0
2960 3524
2961 2963
2962 0
0 0
2964 3523
2965 3521
2966 2967
0 0
2968 3518
2969 2971
2970 0
0 0
2972 3516
2973 2974
0 0
2975 3515
2976 3512
2977 3509
2978 3507
2979 3504
2980 3502
2981 2982
0 0
2983 2984
0 0
2985 0
2986 3499
2987 2988
0 0
2989 3497
2990 0
2991 3495
2992 0
2993 0
2994 3492
2995 2997
2996 0
0 0
2998 3489
2999 3001
3000 0
0 0
3002 3487
3003 0
3004 3005
0 0
3006 3008
3007 0
0 0
3009 3486
3010 0
3011 3013
3012 0
0 0
3014 3485
3015 3484
3016 3481
3017 3018
0 0
3019 3480
3020 3249
3021 3248
3022 3246
3023 3024
0 0
3025 3135
3026 3028
3027 0
0 0
3029 3134
3030 3031
0 0
3032 3133
3033 3082
3034 3079
3035 3076
3036 3074
3037 3072
3038 3040
3039 0
0 0
3041 0
3042 0
3043 3071
3044 3045
0 0
3046 3068
3047 3049
3048 0
0 0
3050 3066
3051 3052
0 0
3053 0
3054 3064
3055 3062
3056 3059
3057 3058
0 0
0 0
3060 3061
0 0
0 0
3063 0
0 0
3065 0
0 0
3067 0
0 0
3069 3070
0 0
0 0
0 0
3073 0
0 0
3075 0
0 0
3077 0
3078 0
0 0
3080 3081
0 0
0 0
3083 3132
3084 3130
3085 0
3086 3088
3087 0
0 0
3089 3090
0 0
3091 3127
3092 3124
3093 3121
3094 3095
0 0
3096 3120
3097 3118
3098 3115
3099 3113
3100 3101
0 0
3102 3104
3103 0
0 0
3105 3106
0 0
3107 0
3108 3111
3109 0
3110 0
0 0
3112 0
0 0
3114 0
0 0
3116 0
3117 0
0 0
3119 0
0 0
0 0
3122 3123
0 0
0 0
3125 0
3126 0
0 0
3128 3129
0 0
0 0
3131 0
0 0
0 0
0 0
0 0
3136 3245
3137 3242
3138 3241
3139 3239
3140 3236
3141 0
3142 3144
3143 0
0 0
3145 3235
3146 3234
3147 3148
0 0
3149 3150
0 0
3151 3231
3152 3153
0 0
3154 3156
3155 0
0 0
3157 3159
3158 0
0 0
3160 3230
3161 3162
0 0
3163 0
3164 3228
3165 3167
3166 0
0 0
3168 3197
3169 3171
3170 0
0 0
3172 3173
0 0
3174 3176
3175 0
0 0
3177 3179
3178 0
0 0
3180 3196
3181 0
3182 3183
0 0
3184 3194
3185 3191
3186 0
3187 3188
0 0
3189 3190
0 0
0 0
3192 0
3193 0
0 0
3195 0
0 0
0 0
3198 3226
3199 3200
0 0
3201 3213
3202 0
3203 3210
3204 3209
3205 3208
3206 3207
0 0
0 0
0 0
0 0
3211 0
3212 0
0 0
3214 3225
3215 3224
3216 3221
3217 3220
3218 0
3219 0
0 0
0 0
3222 3223
0 0
0 0
0 0
0 0
3227 0
0 0
3229 0
0 0
0 0
3232 0
3233 0
0 0
0 0
0 0
3237 3238
0 0
0 0
3240 0
0 0
0 0
3243 3244
0 0
0 0
0 0
3247 0
0 0
0 0
3250 3479
3251 3252
0 0
3253 3478
3254 3476
3255 3475
3256 3258
3257 0
0 0
3259 3473
3260 3471
3261 3263
3262 0
0 0
3264 3265
0 0
3266 3268
3267 0
0 0
3269 3468
3270 0
3271 3467
3272 3466
3273 3465
3274 3463
3275 3276
0 0
3277 3462
3278 0
3279 3280
0 0
3281 3282
0 0
3283 0
3284 3286
3285 0
0 0
3287 0
3288 3289
0 0
3290 3460
3291 3459
3292 3293
0 0
3294 3456
3295 0
3296 0
3297 0
3298 3453
3299 0
3300 3451
3301 0
3302 3304
3303 0
0 0
3305 3307
3306 0
0 0
3308 0
3309 3311
3310 0
0 0
3312 3313
0 0
3314 3316
3315 0
0 0
3317 3448
3318 3320
3319 0
0 0
3321 3322
0 0
3323 3325
3324 0
0 0
3326 3327
0 0
3328 3445
3329 3330
0 0
3331 3444
3332 3443
3333 3440
3334 3336
3335 0
0 0
3337 0
3338 3439
3339 3436
3340 3435
3341 3433
3342 3431
3343 3344
0 0
3345 3347
3346 0
0 0
3348 3428
3349 3351
3350 0
0 0
3352 3353
0 0
3354 0
3355 3356
0 0
3357 3358
0 0
3359 3427
3360 3362
3361 0
0 0
3363 3364
0 0
3365 3367
3366 0
0 0
3368 0
3369 3371
3370 0
0 0
3372 3373
0 0
3374 3424
3375 0
3376 3421
3377 3379
3378 0
0 0
3380 3420
3381 3418
3382 3383
0 0
3384 3417
3385 3414
3386 3388
3387 0
0 0
3389 3411
3390 3410
3391 3409
3392 3394
3393 0
0 0
3395 3408
3396 3407
3397 3399
3398 0
0 0
3400 3406
3401 3404
3402 0
3403 0
0 0
3405 0
0 0
0 0
0 0
0 0
0 0
0 0
3412 0
3413 0
0 0
3415 0
3416 0
0 0
0 0
3419 0
0 0
0 0
3422 3423
0 0
0 0
3425 0
3426 0
0 0
0 0
3429 3430
0 0
0 0
3432 0
0 0
3434 0
0 0
0 0
3437 0
3438 0
0 0
0 0
3441 3442
0 0
0 0
0 0
0 0
3446 0
3447 0
0 0
3449 0
3450 0
0 0
3452 0
0 0
3454 3455
0 0
0 0
3457 3458
0 0
0 0
0 0
3461 0
0 0
0 0
3464 0
0 0
0 0
0 0
0 0
3469 3470
0 0
0 0
3472 0
0 0
3474 0
0 0
0 0
3477 0
0 0
0 0
0 0
0 0
3482 3483
0 0
0 0
0 0
0 0
0 0
3488 0
0 0
3490 3491
0 0
0 0
3493 0
3494 0
0 0
3496 0
0 0
3498 0
0 0
3500 3501
0 0
0 0
3503 0
0 0
3505 3506
0 0
0 0
3508 0
0 0
3510 3511
0 0
0 0
3513 3514
0 0
0 0
0 0
3517 0
0 0
3519 3520
0 0
0 0
3522 0
0 0
0 0
3525 0
3526 0
0 0
3528 3529
0 0
0 0
0 0
0 0
3533 0
3534 0
0 0
3536 0
0 0
3538 0
3539 0
0 0
0 0
3542 0
3543 0
0 0
3545 0
0 0
3547 0
0 0
3549 0
0 0
3551 0
3552 0
0 0
3554 0
0 0
0 0
0 0
3558 3559
0 0
0 0
3561 0
0 0
3563 3564
0 0
0 0
3566 3567
0 0
0 0
3569 3570
0 0
0 0
0 0
3573 3574
0 0
0 0
3576 3577
0 0
0 0
3579 0
0 0
3581 0
0 0
0 0
0 0
3585 0
0 0
0 0
3588 3589
0 0
0 0
3591 0
3592 0
0 0
0 0
3595 0
0 0
3597 3598
0 0
0 0
0 0
0 0
3602 3603
0 0
0 0
0 0
3606 0
3607 0
0 0
3609 0
0 0
0 0
3612 0
0 0
0 0
0 0
0 0
0 0
3618 0
0 0
0 0
3621 3622
0 0
0 0
0 0
0 0
3626 3627
0 0
0 0
0 0
0 0
3631 0
0 0
0 0
3634 0
0 0
3636 0
3637 0
0 0
0 0
3640 3641
0 0
0 0
3643 3644
0 0
0 0
3646 0
0 0
3648 0
0 0
3650 0
3651 0
0 0
3653 3654
0 0
0 0
0 0
3657 0
3658 0
0 0
0 0
3661 3662
0 0
0 0
3664 0
0 0
3666 3667
0 0
0 0
3669 0
3670 0
0 0
3672 0
3673 0
0 0
0 0
3676 0
0 0
3678 0
0 0
0 0
3681 0
3682 0
0 0
0 0
3685 0
0 0
3687 0
3688 0
0 0
3690 0
0 0
3692 0
0 0
0 0
0 0
0 0
3697 0
0 0
3699 3700
0 0
0 0
3702 3703
0 0
0 0
3705 3706
0 0
0 0
0 0
3709 0
3710 0
0 0
0 0
0 0
3714 0
0 0
3716 0
0 0
0 0
0 0
3720 3721
0 0
0 0
0 0
3724 0
0 0
3726 3727
0 0
0 0
3729 3730
0 0
0 0
3732 3733
0 0
0 0
0 0
3736 0
3737 0
0 0
3739 0
0 0
3741 0
3742 0
0 0
0 0
3745 0
0 0
0 0
3748 0
0 0
3750 3751
0 0
0 0
0 0
3754 0
0 0
3756 0
0 0
0 0
3759 3760
0 0
0 0
3762 3763
0 0
0 0
3765 0
3766 0
0 0
3768 0
0 0
0 0
0 0
3772 0
0 0
3774 4937
3775 0
3776 4936
3777 4933
3778 4932
3779 3780
0 0
3781 4930
3782 0
3783 4927
3784 4924
3785 3787
3786 0
0 0
3788 3789
0 0
3790 3791
0 0
3792 4922
3793 3794
0 0
3795 3796
0 0
3797 4920
3798 4919
3799 3801
3800 0
0 0
3802 0
3803 4917
3804 4914
3805 4911
3806 3808
3807 0
0 0
3809 4910
3810 4907
3811 4904
3812 0
3813 3814
0 0
3815 3817
3816 0
0 0
3818 3819
0 0
3820 3822
3821 0
0 0
3823 0
3824 3825
0 0
3826 3828
3827 0
0 0
3829 4902
3830 4899
3831 4897
3832 4894
3833 4892
3834 3836
3835 0
0 0
3837 0
3838 4889
3839 3841
3840 0
0 0
3842 3844
3843 0
0 0
3845 4888
3846 3848
3847 0
0 0
3849 3851
3850 0
0 0
3852 0
3853 4885
3854 3855
0 0
3856 4370
3857 3859
3858 0
0 0
3860 0
3861 4368
3862 3863
0 0
3864 4367
3865 4364
3866 4363
3867 3869
3868 0
0 0
3870 0
3871 3872
0 0
3873 3875
3874 0
0 0
3876 0
3877 4362
3878 4360
3879 0
3880 4359
3881 4358
3882 4356
3883 4353
3884 4350
3885 0
3886 3888
3887 0
0 0
3889 0
3890 3891
0 0
3892 3894
3893 0
0 0
3895 4349
3896 4347
3897 4345
3898 3899
0 0
3900 0
3901 3903
3902 0
0 0
3904 4342
3905 4339
3906 4337
3907 3908
0 0
3909 0
3910 4335
3911 4333
3912 3914
3913 0
0 0
3915 0
3916 4332
3917 4331
3918 4330
3919 4329
3920 4328
3921 4326
3922 4324
3923 4322
3924 3926
3925 0
0 0
3927 0
3928 3930
3929 0
0 0
3931 4319
3932 4125
3933 0
3934 0
3935 4123
3936 3937
0 0
3938 4120
3939 4117
3940 3941
0 0
3942 4116
3943 3945
3944 0
0 0
3946 0
3947 4114
3948 4113
3949 4111
3950 4108
3951 4105
3952 0
3953 4102
3954 4099
3955 4098
3956 4096
3957 0
3958 3960
3959 0
0 0
3961 4095
3962 0
3963 3964
0 0
3965 4094
3966 0
3967 4093
3968 3969
0 0
3970 4090
3971 4088
3972 4085
3973 4084
3974 4081
3975 4080
3976 3977
0 0
3978 4077
3979 0
3980 3982
3981 0
0 0
3983 3985
3984 0
0 0
3986 3987
0 0
3988 3989
0 0
3990 3991
0 0
3992 4075
3993 3995
3994 0
0 0
3996 3998
3997 0
0 0
3999 4000
0 0
4001 4002
0 0
4003 4073
4004 4072
4005 4070
4006 4008
4007 0
0 0
4009 4068
4010 4067
4011 4064
4012 4063
4013 0
4014 0
4015 4061
4016 4058
4017 4055
4018 4020
4019 0
0 0
4021 4022
0 0
4023 4025
4024 0
0 0
4026 4040
4027 4028
0 0
4029 4038
4030 0
4031 4036
4032 4035
4033 4034
0 0
0 0
0 0
4037 0
0 0
4039 0
0 0
4041 4043
4042 0
0 0
4044 4046
4045 0
0 0
4047 4053
4048 4049
0 0
4050 0
4051 4052
0 0
0 0
4054 0
0 0
4056 4057
0 0
0 0
4059 4060
0 0
0 0
4062 0
0 0
0 0
4065 4066
0 0
0 0
0 0
4069 0
0 0
4071 0
0 0
0 0
4074 0
0 0
4076 0
0 0
4078 4079
0 0
0 0
0 0
4082 4083
0 0
0 0
0 0
4086 0
4087 0
0 0
4089 0
0 0
4091 0
4092 0
0 0
0 0
0 0
0 0
4097 0
0 0
0 0
4100 4101
0 0
0 0
4103 4104
0 0
0 0
4106 4107
0 0
0 0
4109 0
4110 0
0 0
4112 0
0 0
0 0
4115 0
0 0
0 0
4118 4119
0 0
0 0
4121 0
4122 0
0 0
4124 0
0 0
4126 4128
4127 0
0 0
4129 4317
4130 4315
4131 4313
4132 4311
4133 4135
4134 0
0 0
4136 4138
4137 0
0 0
4139 4308
4140 4141
0 0
4142 4305
4143 4302
4144 4146
4145 0
0 0
4147 0
4148 4150
4149 0
0 0
4151 4153
4152 0
0 0
4154 4299
4155 4156
0 0
4157 4296
4158 4160
4159 0
0 0
4161 4295
4162 4163
0 0
4164 4294
4165 4229
4166 4226
4167 0
4168 4224
4169 0
4170 4222
4171 0
4172 4221
4173 4220
4174 0
4175 0
4176 4178
4177 0
0 0
4179 4218
4180 4182
4181 0
0 0
4183 4184
0 0
4185 0
4186 4188
4187 0
0 0
4189 4191
4190 0
0 0
4192 4217
4193 0
4194 4214
4195 0
4196 4211
4197 4209
4198 4207
4199 4205
4200 4204
4201 4203
4202 0
0 0
0 0
0 0
4206 0
0 0
4208 0
0 0
4210 0
0 0
4212 0
4213 0
0 0
4215 4216
0 0
0 0
0 0
4219 0
0 0
0 0
0 0
4223 0
0 0
4225 0
0 0
4227 4228
0 0
0 0
4230 4293
4231 0
4232 0
4233 4234
0 0
4235 4237
4236 0
0 0
4238 4239
0 0
4240 4291
4241 4290
4242 4288
4243 4287
4244 4285
4245 4247
4246 0
0 0
4248 4250
4249 0
0 0
4251 4253
4252 0
0 0
4254 4255
0 0
4256 4258
4257 0
0 0
4259 4261
4260 0
0 0
4262 4264
4263 0
0 0
4265 4283
4266 4280
4267 4268
0 0
4269 0
4270 0
4271 4278
4272 4273
0 0
4274 4275
0 0
4276 0
4277 0
0 0
4279 0
0 0
4281 4282
0 0
0 0
4284 0
0 0
4286 0
0 0
0 0
4289 0
0 0
0 0
4292 0
0 0
0 0
0 0
0 0
4297 4298
0 0
0 0
4300 4301
0 0
0 0
4303 0
4304 0
0 0
4306 4307
0 0
0 0
4309 0
4310 0
0 0
4312 0
0 0
4314 0
0 0
4316 0
0 0
4318 0
0 0
4320 0
4321 0
0 0
4323 0
0 0
4325 0
0 0
4327 0
0 0
0 0
0 0
0 0
0 0
0 0
4334 0
0 0
4336 0
0 0
4338 0
0 0
4340 4341
0 0
0 0
4343 0
4344 0
0 0
4346 0
0 0
4348 0
0 0
0 0
4351 4352
0 0
0 0
4354 0
4355 0
0 0
4357 0
0 0
0 0
0 0
4361 0
0 0
0 0
0 0
4365 0
4366 0
0 0
0 0
4369 0
0 0
4371 4372
0 0
4373 4375
4374 0
0 0
4376 4884
4377 0
4378 4882
4379 4381
4380 0
0 0
4382 4383
0 0
4384 4880
4385 4387
4386 0
0 0
4388 0
4389 4879
4390 4878
4391 4875
4392 0
4393 0
4394 4396
4395 0
0 0
4397 0
4398 4400
4399 0
0 0
4401 4873
4402 0
4403 4870
4404 4868
4405 4406
0 0
4407 4408
0 0
4409 4410
0 0
4411 4639
4412 4414
4413 0
0 0
4415 0
4416 4638
4417 4635
4418 4526
4419 4420
0 0
4421 4423
4422 0
0 0
4424 4523
4425 0
4426 4522
4427 4428
0 0
4429 4430
0 0
4431 4432
0 0
4433 4519
4434 4517
4435 4516
4436 4515
4437 0
4438 4512
4439 4511
4440 4509
4441 4506
4442 4444
4443 0
0 0
4445 4447
4446 0
0 0
4448 4450
4449 0
0 0
4451 4505
4452 4502
4453 0
4454 4501
4455 0
4456 0
4457 4458
0 0
4459 4499
4460 4496
4461 0
4462 0
4463 4464
0 0
4465 4493
4466 4467
0 0
4468 4490
4469 4470
0 0
4471 4472
0 0
4473 4475
4474 0
0 0
4476 4488
4477 4486
4478 4480
4479 0
0 0
4481 4484
4482 4483
0 0
0 0
4485 0
0 0
4487 0
0 0
4489 0
0 0
4491 4492
0 0
0 0
4494 0
4495 0
0 0
4497 0
4498 0
0 0
4500 0
0 0
0 0
4503 0
4504 0
0 0
0 0
4507 0
4508 0
0 0
4510 0
0 0
0 0
4513 0
4514 0
0 0
0 0
0 0
4518 0
0 0
4520 4521
0 0
0 0
0 0
4524 0
4525 0
0 0
4527 0
4528 0
4529 4632
4530 4532
4531 0
0 0
4533 4629
4534 4535
0 0
4536 4628
4537 4538
0 0
4539 4625
4540 4623
4541 4542
0 0
4543 4545
4544 0
0 0
4546 4547
0 0
4548 4549
0 0
4550 4621
4551 4553
4552 0
0 0
4554 4555
0 0
4556 4620
4557 4559
4558 0
0 0
4560 4619
4561 4589
4562 0
4563 4586
4564 0
4565 4584
4566 4583
4567 4582
4568 4579
4569 0
4570 0
4571 4573
4572 0
0 0
4574 0
4575 4578
4576 0
4577 0
0 0
0 0
4580 4581
0 0
0 0
0 0
0 0
4585 0
0 0
4587 0
4588 0
0 0
4590 4618
4591 4616
4592 4593
0 0
4594 4615
4595 4597
4596 0
0 0
4598 0
4599 4600
0 0
4601 4612
4602 4604
4603 0
0 0
4605 4607
4606 0
0 0
4608 4610
4609 0
0 0
4611 0
0 0
4613 4614
0 0
0 0
0 0
4617 0
0 0
0 0
0 0
0 0
4622 0
0 0
4624 0
0 0
4626 4627
0 0
0 0
0 0
4630 0
4631 0
0 0
4633 0
4634 0
0 0
4636 4637
0 0
0 0
0 0
4640 4866
4641 0
4642 4865
4643 4645
4644 0
0 0
4646 4864
4647 4755
4648 4649
0 0
4650 0
4651 4754
4652 4752
4653 4654
0 0
4655 4656
0 0
4657 4658
0 0
4659 4750
4660 4661
0 0
4662 4749
4663 4664
0 0
4665 4666
0 0
4667 0
4668 4746
4669 4744
4670 4741
4671 4673
4672 0
0 0
4674 4675
0 0
4676 4739
4677 0
4678 4736
4679 4681
4680 0
0 0
4682 4734
4683 4731
4684 0
4685 4730
4686 4727
4687 4725
4688 4724
4689 4690
0 0
4691 4693
4692 0
0 0
4694 4695
0 0
4696 4721
4697 4718
4698 4715
4699 4701
4700 0
0 0
4702 4703
0 0
4704 4705
0 0
4706 4708
4707 0
0 0
4709 4710
0 0
4711 4713
4712 0
0 0
4714 0
0 0
4716 0
4717 0
0 0
4719 4720
0 0
0 0
4722 0
4723 0
0 0
0 0
4726 0
0 0
4728 0
4729 0
0 0
0 0
4732 4733
0 0
0 0
4735 0
0 0
4737 4738
0 0
0 0
4740 0
0 0
4742 0
4743 0
0 0
4745 0
0 0
4747 4748
0 0
0 0
0 0
4751 0
0 0
4753 0
0 0
0 0
4756 4758
4757 0
0 0
4759 4862
4760 4859
4761 4858
4762 4857
4763 4856
4764 0
4765 4855
4766 4767
0 0
4768 4854
4769 4851
4770 4848
4771 4772
0 0
4773 4847
4774 0
4775 4844
4776 4777
0 0
4778 4779
0 0
4780 0
4781 0
4782 0
4783 0
4784 0
4785 4841
4786 4787
0 0
4788 4839
4789 4837
4790 4792
4791 0
0 0
4793 4814
4794 4796
4795 0
0 0
4797 4813
4798 4799
0 0
4800 4802
4801 0
0 0
4803 0
4804 4812
4805 4806
0 0
4807 4808
0 0
4809 0
4810 4811
0 0
0 0
0 0
0 0
4815 4817
4816 0
0 0
4818 4835
4819 0
4820 0
4821 4834
4822 0
4823 4824
0 0
4825 4831
4826 4828
4827 0
0 0
4829 4830
0 0
0 0
4832 4833
0 0
0 0
0 0
4836 0
0 0
4838 0
0 0
4840 0
0 0
4842 4843
0 0
0 0
4845 0
4846 0
0 0
0 0
4849 4850
0 0
0 0
4852 4853
0 0
0 0
0 0
0 0
0 0
0 0
0 0
4860 4861
0 0
0 0
4863 0
0 0
0 0
0 0
4867 0
0 0
4869 0
0 0
4871 4872
0 0
0 0
4874 0
0 0
4876 0
4877 0
0 0
0 0
0 0
4881 0
0 0
4883 0
0 0
0 0
4886 4887
0 0
0 0
0 0
4890 4891
0 0
0 0
4893 0
0 0
4895 0
4896 0
0 0
4898 0
0 0
4900 0
4901 0
0 0
4903 0
0 0
4905 0
4906 0
0 0
4908 0
4909 0
0 0
0 0
4912 4913
0 0
0 0
4915 0
4916 0
0 0
4918 0
0 0
0 0
4921 0
0 0
4923 0
0 0
4925 0
4926 0
0 0
4928 4929
0 0
0 0
4931 0
0 0
0 0
4934 0
4935 0
0 0
0 0
4938 0
0 0
4940 0
0 0
4942 0
4943 0
0 0
4945 0
0 0
4947 0
4948 0
0 0
4950 0
0 0
4952 4953
0 0
0 0
4955 0
0 0
4957 4958
0 0
0 0
4960 0
0 0
4962 0
4963 0
0 0
4965 0
0 0
0 0
4968 0
4969 0
0 0
0 0
4972 0
0 0
0 0
4975 0
0 0
0 0
4978 0
0 0
4980 0
0 0
4982 4983
0 0
0 0
0 0
4986 0
0 0
0 0
4989 0
0 0
4991 4992
0 0
0 0
0 0
0 0
4996 0
4997 0
0 0
4999 0
5000 0
0 0
5002 0
5003 0
0 0
5005 0
5006 0
0 0
5008 0
0 0
5010 0
0 0
0 0
5013 0
0 0
0 0
5016 0
0 0
5018 0
0 0
0 0
0 0
5022 9950
5023 9947
5024 5025
0 0
5026 9944
5027 9942
5028 5030
5029 0
0 0
5031 9941
5032 0
5033 9940
5034 9938
5035 9937
5036 9935
5037 5039
5038 0
0 0
5040 9932
5041 0
5042 5044
5043 0
0 0
5045 9929
5046 9926
5047 0
5048 9923
5049 5051
5050 0
0 0
5052 5053
0 0
5054 9921
5055 9920
5056 9917
5057 9915
5058 5059
0 0
5060 9912
5061 5062
0 0
5063 9909
5064 5066
5065 0
0 0
5067 9908
5068 5069
0 0
5070 9905
5071 9902
5072 9900
5073 0
5074 7486
5075 7485
5076 7484
5077 7481
5078 0
5079 7480
5080 0
5081 5083
5082 0
0 0
5084 7479
5085 7478
5086 0
5087 0
5088 7475
5089 5090
0 0
5091 7473
5092 7470
5093 7469
5094 0
5095 5096
0 0
5097 5099
5098 0
0 0
5100 5101
0 0
5102 7466
5103 5105
5104 0
0 0
5106 7463
5107 5109
5108 0
0 0
5110 5111
0 0
5112 5114
5113 0
0 0
5115 7462
5116 5118
5117 0
0 0
5119 5121
5120 0
0 0
5122 7459
5123 7456
5124 5126
5125 0
0 0
5127 7455
5128 7452
5129 5130
0 0
5131 0
5132 5133
0 0
5134 5135
0 0
5136 5137
0 0
5138 5140
5139 0
0 0
5141 7449
5142 7447
5143 5145
5144 0
0 0
5146 7444
5147 7442
5148 7440
5149 5150
0 0
5151 7437
5152 7436
5153 7435
5154 7432
5155 5157
5156 0
0 0
5158 5160
5159 0
0 0
5161 0
5162 5164
5163 0
0 0
5165 7430
5166 7427
5167 7425
5168 5169
0 0
5170 5172
5171 0
0 0
5173 5175
5174 0
0 0
5176 0
5177 5178
0 0
5179 0
5180 0
5181 7422
5182 0
5183 5184
0 0
5185 7420
5186 0
5187 5188
0 0
5189 5191
5190 0
0 0
5192 7417
5193 5195
5194 0
0 0
5196 0
5197 5198
0 0
5199 7414
5200 6306
5201 6304
5202 5204
5203 0
0 0
5205 5206
0 0
5207 6303
5208 0
5209 6300
5210 6298
5211 5213
5212 0
0 0
5214 5215
0 0
5216 5756
5217 5219
5218 0
0 0
5220 5755
5221 0
5222 5754
5223 5751
5224 5226
5225 0
0 0
5227 0
5228 5750
5229 5230
0 0
5231 5749
5232 5234
5233 0
0 0
5235 5748
5236 5745
5237 5744
5238 5239
0 0
5240 5741
5241 5738
5242 5243
0 0
5244 5245
0 0
5246 5736
5247 5248
0 0
5249 5734
5250 5251
0 0
5252 5733
5253 5732
5254 0
5255 5257
5256 0
0 0
5258 5260
5259 0
0 0
5261 5263
5262 0
0 0
5264 5731
5265 5266
0 0
5267 5730
5268 0
5269 5728
5270 5272
5271 0
0 0
5273 5726
5274 5276
5275 0
0 0
5277 5725
5278 5279
0 0
5280 5722
5281 5719
5282 0
5283 5285
5284 0
0 0
5286 0
5287 5716
5288 5290
5289 0
0 0
5291 5713
5292 5712
5293 5711
5294 5295
0 0
5296 5709
5297 0
5298 5708
5299 0
5300 5705
5301 5303
5302 0
0 0
5304 5306
5305 0
0 0
5307 5308
0 0
5309 5310
0 0
5311 5703
5312 5701
5313 5698
5314 5697
5315 5694
5316 5317
0 0
5318 0
5319 5692
5320 5690
5321 5689
5322 5687
5323 5686
5324 0
5325 5684
5326 5681
5327 5678
5328 0
5329 5330
0 0
5331 5675
5332 0
5333 5674
5334 5672
5335 5669
5336 5668
5337 5665
5338 5339
0 0
5340 5664
5341 5342
0 0
5343 0
5344 5346
5345 0
0 0
5347 5349
5348 0
0 0
5350 5661
5351 5660
5352 5353
0 0
5354 5356
5355 0
0 0
5357 5358
0 0
5359 0
5360 5658
5361 5657
5362 5656
5363 5365
5364 0
0 0
5366 5654
5367 5651
5368 5650
5369 5648
5370 5647
5371 5646
5372 5645
5373 5375
5374 0
0 0
5376 5644
5377 5378
0 0
5379 5641
5380 5639
5381 5382
0 0
5383 5385
5384 0
0 0
5386 5638
5387 5635
5388 0
5389 5391
5390 0
0 0
5392 5633
5393 5631
5394 5395
0 0
5396 5398
5397 0
0 0
5399 5628
5400 5402
5401 0
0 0
5403 5404
0 0
5405 5625
5406 5408
5407 0
0 0
5409 0
5410 5623
5411 5620
5412 0
5413 5516
5414 0
5415 5515
5416 5512
5417 5419
5418 0
0 0
5420 5422
5421 0
0 0
5423 5511
5424 5509
5425 0
5426 0
5427 5506
5428 5503
5429 5430
0 0
5431 5501
5432 5498
5433 0
5434 5465
5435 5437
5436 0
0 0
5438 0
5439 0
5440 5462
5441 5461
5442 5451
5443 0
5444 5450
5445 5449
5446 0
5447 5448
0 0
0 0
0 0
0 0
5452 5458
5453 0
5454 5455
0 0
5456 0
5457 0
0 0
5459 5460
0 0
0 0
0 0
5463 0
5464 0
0 0
5466 5497
5467 5494
5468 0
5469 0
5470 5472
5471 0
0 0
5473 5493
5474 5491
5475 5489
5476 5477
0 0
5478 5486
5479 5485
5480 5481
0 0
5482 0
5483 5484
0 0
0 0
0 0
5487 5488
0 0
0 0
5490 0
0 0
5492 0
0 0
0 0
5495 5496
0 0
0 0
0 0
5499 0
5500 0
0 0
5502 0
0 0
5504 0
5505 0
0 0
5507 0
5508 0
0 0
5510 0
0 0
0 0
5513 0
5514 0
0 0
0 0
5517 5519
5518 0
0 0
5520 5619
5521 5617
5522 5523
0 0
5524 5526
5525 0
0 0
5527 0
5528 5615
5529 0
5530 0
5531 5614
5532 5534
5533 0
0 0
5535 5613
5536 5537
0 0
5538 5539
0 0
5540 5611
5541 5610
5542 5608
5543 5607
5544 5545
0 0
5546 5605
5547 5604
5548 5601
5549 5598
5550 5596
5551 5552
0 0
5553 5555
5554 0
0 0
5556 0
5557 5559
5558 0
0 0
5560 5593
5561 0
5562 5564
5563 0
0 0
5565 5591
5566 5568
5567 0
0 0
5569 5590
5570 5571
0 0
5572 5574
5573 0
0 0
5575 5588
5576 5585
5577 5578
0 0
5579 5582
5580 0
5581 0
0 0
5583 0
5584 0
0 0
5586 0
5587 0
0 0
5589 0
0 0
0 0
5592 0
0 0
5594 0
5595 0
0 0
5597 0
0 0
5599 0
5600 0
0 0
5602 0
5603 0
0 0
0 0
5606 0
0 0
0 0
5609 0
0 0
0 0
5612 0
0 0
0 0
0 0
5616 0
0 0
5618 0
0 0
0 0
5621 5622
0 0
0 0
5624 0
0 0
5626 0
5627 0
0 0
5629 0
5630 0
0 0
5632 0
0 0
5634 0
0 0
5636 5637
0 0
0 0
0 0
5640 0
0 0
5642 0
5643 0
0 0
0 0
0 0
0 0
0 0
5649 0
0 0
0 0
5652 0
5653 0
0 0
5655 0
0 0
0 0
0 0
5659 0
0 0
0 0
5662 5663
0 0
0 0
0 0
5666 0
5667 0
0 0
0 0
5670 0
5671 0
0 0
5673 0
0 0
0 0
5676 0
5677 0
0 0
5679 5680
0 0
0 0
5682 0
5683 0
0 0
5685 0
0 0
0 0
5688 0
0 0
0 0
5691 0
0 0
5693 0
0 0
5695 5696
0 0
0 0
0 0
5699 0
5700 0
0 0
5702 0
0 0
5704 0
0 0
5706 5707
0 0
0 0
0 0
5710 0
0 0
0 0
0 0
5714 0
5715 0
0 0
5717 0
5718 0
0 0
5720 5721
0 0
0 0
5723 5724
0 0
0 0
0 0
5727 0
0 0
5729 0
0 0
0 0
0 0
0 0
0 0
5735 0
0 0
5737 0
0 0
5739 0
5740 0
0 0
5742 0
5743 0
0 0
0 0
5746 5747
0 0
0 0
0 0
0 0
0 0
5752 5753
0 0
0 0
0 0
0 0
5757 6297
5758 6027
5759 0
5760 5762
5761 0
0 0
5763 5765
5764 0
0 0
5766 6024
5767 6023
5768 0
5769 6020
5770 6019
5771 0
5772 0
5773 5775
5774 0
0 0
5776 5778
5777 0
0 0
5779 5781
5780 0
0 0
5782 5784
5783 0
0 0
5785 6017
5786 5787
0 0
5788 6015
5789 5790
0 0
5791 5793
5792 0
0 0
5794 6013
5795 6010
5796 0
5797 6008
5798 0
5799 6007
5800 5802
5801 0
0 0
5803 5904
5804 5903
5805 5900
5806 5897
5807 5808
0 0
5809 5895
5810 5812
5811 0
0 0
5813 5814
0 0
5815 5894
5816 5891
5817 0
5818 5888
5819 5886
5820 0
5821 5885
5822 5823
0 0
5824 0
5825 5884
5826 5881
5827 5880
5828 0
5829 5877
5830 5831
0 0
5832 5875
5833 5853
5834 5851
5835 5850
5836 5847
5837 5845
5838 5842
5839 5840
0 0
5841 0
0 0
5843 0
5844 0
0 0
5846 0
0 0
5848 0
5849 0
0 0
0 0
5852 0
0 0
5854 0
5855 5874
5856 5864
5857 5858
0 0
5859 5862
5860 0
5861 0
0 0
5863 0
0 0
5865 5871
5866 5867
0 0
5868 5870
5869 0
0 0
0 0
5872 0
5873 0
0 0
0 0
5876 0
0 0
5878 0
5879 0
0 0
0 0
5882 0
5883 0
0 0
0 0
0 0
5887 0
0 0
5889 0
5890 0
0 0
5892 5893
0 0
0 0
0 0
5896 0
0 0
5898 0
5899 0
0 0
5901 5902
0 0
0 0
0 0
5905 0
5906 5908
5907 0
0 0
5909 5910
0 0
5911 5913
5912 0
0 0
5914 6004
5915 6002
5916 5918
5917 0
0 0
5919 6000
5920 0
5921 5922
0 0
5923 5998
5924 5995
5925 5992
5926 5927
0 0
5928 5929
0 0
5930 5932
5931 0
0 0
5933 5990
5934 5935
0 0
5936 5938
5937 0
0 0
5939 5941
5940 0
0 0
5942 5987
5943 5945
5944 0
0 0
5946 5948
5947 0
0 0
5949 0
5950 0
5951 0
5952 5954
5953 0
0 0
5955 5956
0 0
5957 5984
5958 5983
5959 0
5960 5961
0 0
5962 0
5963 5982
5964 0
5965 5967
5966 0
0 0
5968 0
5969 5981
5970 5972
5971 0
0 0
5973 5980
5974 5978
5975 5976
0 0
5977 0
0 0
5979 0
0 0
0 0
0 0
0 0
0 0
5985 5986
0 0
0 0
5988 0
5989 0
0 0
5991 0
0 0
5993 0
5994 0
0 0
5996 5997
0 0
0 0
5999 0
0 0
6001 0
0 0
6003 0
0 0
6005 0
6006 0
0 0
0 0
6009 0
0 0
6011 6012
0 0
0 0
6014 0
0 0
6016 0
0 0
6018 0
0 0
0 0
6021 6022
0 0
0 0
0 0
6025 0
6026 0
0 0
6028 6294
6029 0
6030 0
6031 6291
6032 6288
6033 6035
6034 0
0 0
6036 0
6037 6039
6038 0
0 0
6040 0
6041 6285
6042 6043
0 0
6044 6282
6045 6280
6046 6047
0 0
6048 6278
6049 6275
6050 6051
0 0
6052 6272
6053 6055
6054 0
0 0
6056 6057
0 0
6058 0
6059 0
6060 6270
6061 0
6062 6269
6063 6065
6064 0
0 0
6066 6267
6067 0
6068 6264
6069 6261
6070 6165
6071 6072
0 0
6073 6162
6074 6076
6075 0
0 0
6077 6078
0 0
6079 6161
6080 6120
6081 0
6082 6119
6083 6085
6084 0
0 0
6086 6116
6087 6115
6088 6089
0 0
6090 6113
6091 0
6092 6094
6093 0
0 0
6095 6096
0 0
6097 6111
6098 6108
6099 6100
0 0
6101 6107
6102 6104
6103 0
0 0
6105 0
6106 0
0 0
0 0
6109 6110
0 0
0 0
6112 0
0 0
6114 0
0 0
0 0
6117 6118
0 0
0 0
0 0
6121 0
6122 6159
6123 6157
6124 6155
6125 6127
6126 0
0 0
6128 6130
6129 0
0 0
6131 0
6132 0
6133 6154
6134 6153
6135 6137
6136 0
0 0
6138 6150
6139 6149
6140 6146
6141 6142
0 0
6143 6145
6144 0
0 0
0 0
6147 0
6148 0
0 0
0 0
6151 6152
0 0
0 0
0 0
0 0
6156 0
0 0
6158 0
0 0
6160 0
0 0
0 0
6163 6164
0 0
0 0
6166 6167
0 0
6168 6259
6169 6257
6170 6256
6171 6254
6172 6251
6173 6249
6174 6248
6175 6177
6176 0
0 0
6178 6245
6179 6181
6180 0
0 0
6182 6243
6183 6241
6184 0
6185 0
6186 6188
6187 0
0 0
6189 6239
6190 0
6191 6236
6192 6194
6193 0
0 0
6195 6234
6196 6198
6197 0
0 0
6199 6233
6200 0
6201 6232
6202 0
6203 6204
0 0
6205 6229
6206 6207
0 0
6208 6227
6209 6210
0 0
6211 6224
6212 6223
6213 0
6214 6222
6215 0
6216 6218
6217 0
0 0
6219 6220
0 0
6221 0
0 0
0 0
0 0
6225 6226
0 0
0 0
6228 0
0 0
6230 0
6231 0
0 0
0 0
0 0
6235 0
0 0
6237 6238
0 0
0 0
6240 0
0 0
6242 0
0 0
6244 0
0 0
6246 6247
0 0
0 0
0 0
6250 0
0 0
6252 0
6253 0
0 0
6255 0
0 0
0 0
6258 0
0 0
6260 0
0 0
6262 6263
0 0
0 0
6265 0
6266 0
0 0
6268 0
0 0
0 0
6271 0
0 0
6273 0
6274 0
0 0
6276 6277
0 0
0 0
6279 0
0 0
6281 0
0 0
6283 6284
0 0
0 0
6286 0
6287 0
0 0
6289 6290
0 0
0 0
6292 0
6293 0
0 0
6295 0
6296 0
0 0
0 0
6299 0
0 0
6301 6302
0 0
0 0
0 0
6305 0
0 0
6307 6308
0 0
6309 7412
6310 7410
6311 6312
0 0
6313 6314
0 0
6315 6862
6316 6318
6317 0
0 0
6319 6860
6320 0
6321 0
6322 6857
6323 6325
6324 0
0 0
6326 6328
6327 0
0 0
6329 6330
0 0
6331 6854
6332 6853
6333 6852
6334 6851
6335 6850
6336 6849
6337 6339
6338 0
0 0
6340 6848
6341 6343
6342 0
0 0
6344 6845
6345 6843
6346 6842
6347 6348
0 0
6349 6839
6350 6352
6351 0
0 0
6353 6355
6354 0
0 0
6356 6836
6357 6359
6358 0
0 0
6360 6835
6361 6363
6362 0
0 0
6364 6834
6365 6832
6366 0
6367 0
6368 6370
6369 0
0 0
6371 6831
6372 6374
6373 0
0 0
6375 6377
6376 0
0 0
6378 0
6379 6830
6380 6381
0 0
6382 6827
6383 0
6384 6385
0 0
6386 6388
6387 0
0 0
6389 6391
6390 0
0 0
6392 6826
6393 6824
6394 0
6395 6396
0 0
6397 0
6398 0
6399 6611
6400 6610
6401 6609
6402 6404
6403 0
0 0
6405 6607
6406 6606
6407 6603
6408 0
6409 6602
6410 6601
6411 6599
6412 6596
6413 0
6414 6595
6415 6593
6416 6591
6417 6589
6418 6419
0 0
6420 6588
6421 0
6422 6585
6423 6582
6424 6580
6425 6577
6426 6427
0 0
6428 6502
6429 6499
6430 6432
6431 0
0 0
6433 0
6434 6496
6435 6437
6436 0
0 0
6438 6439
0 0
6440 0
6441 0
6442 6443
0 0
6444 6446
6445 0
0 0
6447 0
6448 6449
0 0
6450 6451
0 0
6452 6453
0 0
6454 0
6455 0
6456 6458
6457 0
0 0
6459 6493
6460 6491
6461 0
6462 6489
6463 0
6464 6487
6465 6467
6466 0
0 0
6468 0
6469 6471
6470 0
0 0
6472 6484
6473 6482
6474 6475
0 0
6476 6480
6477 6479
6478 0
0 0
0 0
6481 0
0 0
6483 0
0 0
6485 0
6486 0
0 0
6488 0
0 0
6490 0
0 0
6492 0
0 0
6494 0
6495 0
0 0
6497 6498
0 0
0 0
6500 0
6501 0
0 0
6503 6574
6504 6573
6505 6570
6506 6568
6507 6565
6508 6510
6509 0
0 0
6511 6512
0 0
6513 6562
6514 6561
6515 6517
6516 0
0 0
6518 6520
6519 0
0 0
6521 6560
6522 6557
6523 6525
6524 0
0 0
6526 6527
0 0
6528 6529
0 0
6530 6531
0 0
6532 6533
0 0
6534 6535
0 0
6536 6537
0 0
6538 6555
6539 0
6540 6541
0 0
6542 6548
6543 0
6544 0
6545 6547
6546 0
0 0
0 0
6549 6552
6550 6551
0 0
0 0
6553 0
6554 0
0 0
6556 0
0 0
6558 6559
0 0
0 0
0 0
0 0
6563 6564
0 0
0 0
6566 6567
0 0
0 0
6569 0
0 0
6571 0
6572 0
0 0
0 0
6575 0
6576 0
0 0
6578 0
6579 0
0 0
6581 0
0 0
6583 0
6584 0
0 0
6586 0
6587 0
0 0
0 0
6590 0
0 0
6592 0
0 0
6594 0
0 0
0 0
6597 6598
0 0
0 0
6600 0
0 0
0 0
0 0
6604 0
6605 0
0 0
0 0
6608 0
0 0
0 0
0 0
6612 6821
6613 6820
6614 6819
6615 6617
6616 0
0 0
6618 6620
6619 0
0 0
6621 6622
0 0
6623 6624
0 0
6625 0
6626 6628
6627 0
0 0
6629 6818
6630 6632
6631 0
0 0
6633 6635
6634 0
0 0
6636 6638
6637 0
0 0
6639 6816
6640 6815
6641 6727
6642 6644
6643 0
0 0
6645 6724
6646 6647
0 0
6648 6723
6649 6721
6650 6718
6651 0
6652 6715
6653 6654
0 0
6655 0
6656 0
6657 6659
6658 0
0 0
6660 6714
6661 6712
6662 6710
6663 0
6664 6666
6665 0
0 0
6667 6707
6668 0
6669 6705
6670 6672
6671 0
0 0
6673 6675
6674 0
0 0
6676 6678
6677 0
0 0
6679 6680
0 0
6681 6702
6682 6701
6683 0
6684 6699
6685 6696
6686 6693
6687 6692
6688 6689
0 0
6690 6691
0 0
0 0
0 0
6694 6695
0 0
0 0
6697 0
6698 0
0 0
6700 0
0 0
0 0
6703 0
6704 0
0 0
6706 0
0 0
6708 0
6709 0
0 0
6711 0
0 0
6713 0
0 0
0 0
6716 6717
0 0
0 0
6719 0
6720 0
0 0
6722 0
0 0
0 0
6725 0
6726 0
0 0
6728 6729
0 0
6730 6814
6731 6732
0 0
6733 6812
6734 6810
6735 6809
6736 6806
6737 6805
6738 0
6739 0
6740 6741
0 0
6742 6803
6743 6744
0 0
6745 6747
6746 0
0 0
6748 6750
6749 0
0 0
6751 6753
6752 0
0 0
6754 6800
6755 6756
0 0
6757 0
6758 6759
0 0
6760 6797
6761 6763
6762 0
0 0
6764 0
6765 6796
6766 0
6767 6795
6768 6792
6769 6771
6770 0
0 0
6772 0
6773 0
6774 6775
0 0
6776 6790
6777 6787
6778 0
6779 6780
0 0
6781 6786
6782 6785
6783 6784
0 0
0 0
0 0
0 0
6788 0
6789 0
0 0
6791 0
0 0
6793 0
6794 0
0 0
0 0
0 0
6798 6799
0 0
0 0
6801 0
6802 0
0 0
6804 0
0 0
0 0
6807 6808
0 0
0 0
0 0
6811 0
0 0
6813 0
0 0
0 0
0 0
6817 0
0 0
0 0
0 0
0 0
6822 6823
0 0
0 0
6825 0
0 0
0 0
6828 6829
0 0
0 0
0 0
0 0
6833 0
0 0
0 0
0 0
6837 0
6838 0
0 0
6840 6841
0 0
0 0
0 0
6844 0
0 0
6846 0
6847 0
0 0
0 0
0 0
0 0
0 0
0 0
0 0
6855 0
6856 0
0 0
6858 0
6859 0
0 0
6861 0
0 0
6863 7409
6864 7408
6865 6866
0 0
6867 6868
0 0
6869 6870
0 0
6871 7139
6872 6873
0 0
6874 7137
6875 6877
6876 0
0 0
6878 7134
6879 6880
0 0
6881 6882
0 0
6883 6885
6884 0
0 0
6886 6887
0 0
6888 0
6889 7133
6890 6891
0 0
6892 6894
6893 0
0 0
6895 7131
6896 6897
0 0
6898 7130
6899 7127
6900 0
6901 7124
6902 7123
6903 0
6904 7120
6905 7119
6906 7117
6907 7115
6908 7114
6909 7112
6910 7110
6911 6912
0 0
6913 6914
0 0
6915 6916
0 0
6917 7107
6918 7106
6919 6921
6920 0
0 0
6922 0
6923 7105
6924 6925
0 0
6926 7104
6927 0
6928 6929
0 0
6930 7102
6931 0
6932 0
6933 7099
6934 7096
6935 7095
6936 0
6937 6938
0 0
6939 0
6940 7093
6941 7090
6942 7088
6943 7086
6944 0
6945 6946
0 0
6947 7084
6948 0
6949 7081
6950 7079
6951 6952
0 0
6953 6954
0 0
6955 0
6956 6957
0 0
6958 6959
0 0
6960 7076
6961 6963
6962 0
0 0
6964 7075
6965 7072
6966 7069
6967 7067
6968 6969
0 0
6970 7066
6971 6973
6972 0
0 0
6974 7063
6975 0
6976 7062
6977 7059
6978 6980
6979 0
0 0
6981 7058
6982 6984
6983 0
0 0
6985 7056
6986 7055
6987 6989
6988 0
0 0
6990 7053
6991 7052
6992 0
6993 7049
6994 7047
6995 7045
6996 6998
6997 0
0 0
6999 7000
0 0
7001 0
7002 7003
0 0
7004 0
7005 7043
7006 0
7007 7008
0 0
7009 7041
7010 0
7011 7039
7012 7038
7013 7036
7014 7033
7015 7032
7016 7018
7017 0
0 0
7019 0
7020 7022
7021 0
0 0
7023 7024
0 0
7025 7029
7026 7028
7027 0
0 0
0 0
7030 7031
0 0
0 0
0 0
7034 7035
0 0
0 0
7037 0
0 0
0 0
7040 0
0 0
7042 0
0 0
7044 0
0 0
7046 0
0 0
7048 0
0 0
7050 0
7051 0
0 0
0 0
7054 0
0 0
0 0
7057 0
0 0
0 0
7060 7061
0 0
0 0
0 0
7064 7065
0 0
0 0
0 0
7068 0
0 0
7070 0
7071 0
0 0
7073 7074
0 0
0 0
0 0
7077 7078
0 0
0 0
7080 0
0 0
7082 0
7083 0
0 0
7085 0
0 0
7087 0
0 0
7089 0
0 0
7091 0
7092 0
0 0
7094 0
0 0
0 0
7097 0
7098 0
0 0
7100 0
7101 0
0 0
7103 0
0 0
0 0
0 0
0 0
7108 7109
0 0
0 0
7111 0
0 0
7113 0
0 0
0 0
7116 0
0 0
7118 0
0 0
0 0
7121 7122
0 0
0 0
0 0
7125 7126
0 0
0 0
7128 0
7129 0
0 0
0 0
7132 0
0 0
0 0
7135 7136
0 0
0 0
7138 0
0 0
7140 7405
7141 7404
7142 7144
7143 0
0 0
7145 7146
0 0
7147 7149
7148 0
0 0
7150 7151
0 0
7152 7402
7153 7400
7154 7399
7155 7398
7156 7396
7157 7158
0 0
7159 7393
7160 7391
7161 7389
7162 7388
7163 7385
7164 7165
0 0
7166 7168
7167 0
0 0
7169 7171
7170 0
0 0
7172 7174
7173 0
0 0
7175 7382
7176 7381
7177 7178
0 0
7179 7181
7180 0
0 0
7182 7379
7183 7378
7184 0
7185 7375
7186 7188
7187 0
0 0
7189 0
7190 7372
7191 7192
0 0
7193 7194
0 0
7195 7196
0 0
7197 0
7198 7370
7199 0
7200 7369
7201 0
7202 7367
7203 7204
0 0
7205 7365
7206 0
7207 7363
7208 7361
7209 7358
7210 7356
7211 7212
0 0
7213 7215
7214 0
0 0
7216 7355
7217 0
7218 7220
7219 0
0 0
7221 7353
7222 0
7223 7287
7224 7225
0 0
7226 7286
7227 7283
7228 7281
7229 7280
7230 7277
7231 7232
0 0
7233 7276
7234 7275
7235 0
7236 7272
7237 7271
7238 7269
7239 0
7240 7266
7241 7264
7242 7261
7243 7260
7244 7259
7245 7247
7246 0
0 0
7248 7256
7249 7253
7250 0
7251 7252
0 0
0 0
7254 0
7255 0
0 0
7257 7258
0 0
0 0
0 0
0 0
7262 0
7263 0
0 0
7265 0
0 0
7267 0
7268 0
0 0
7270 0
0 0
0 0
7273 7274
0 0
0 0
0 0
0 0
7278 7279
0 0
0 0
0 0
7282 0
0 0
7284 0
7285 0
0 0
0 0
7288 0
7289 7291
7290 0
0 0
7292 7350
7293 7294
0 0
7295 0
7296 7348
7297 0
7298 7300
7299 0
0 0
7301 7302
0 0
7303 7347
7304 7344
7305 7342
7306 7308
7307 0
0 0
7309 0
7310 7339
7311 7338
7312 7336
7313 7335
7314 7315
0 0
7316 7332
7317 0
7318 0
7319 7320
0 0
7321 7326
7322 7323
0 0
7324 0
7325 0
0 0
7327 0
7328 7331
7329 0
7330 0
0 0
0 0
7333 7334
0 0
0 0
0 0
7337 0
0 0
0 0
7340 0
7341 0
0 0
7343 0
0 0
7345 7346
0 0
0 0
0 0
7349 0
0 0
7351 7352
0 0
0 0
7354 0
0 0
0 0
7357 0
0 0
7359 0
7360 0
0 0
7362 0
0 0
7364 0
0 0
7366 0
0 0
7368 0
0 0
0 0
7371 0
0 0
7373 0
7374 0
0 0
7376 0
7377 0
0 0
0 0
7380 0
0 0
0 0
7383 0
7384 0
0 0
7386 7387
0 0
0 0
0 0
7390 0
0 0
7392 0
0 0
7394 7395
0 0
0 0
7397 0
0 0
0 0
0 0
7401 0
0 0
7403 0
0 0
0 0
7406 7407
0 0
0 0
0 0
0 0
7411 0
0 0
7413 0
0 0
7415 0
7416 0
0 0
7418 7419
0 0
0 0
7421 0
0 0
7423 7424
0 0
0 0
7426 0
0 0
7428 0
7429 0
0 0
7431 0
0 0
7433 7434
0 0
0 0
0 0
0 0
7438 0
7439 0
0 0
7441 0
0 0
7443 0
0 0
7445 7446
0 0
0 0
7448 0
0 0
7450 0
7451 0
0 0
7453 0
7454 0
0 0
0 0
7457 7458
0 0
0 0
7460 0
7461 0
0 0
0 0
7464 7465
0 0
0 0
7467 0
7468 0
0 0
0 0
7471 0
7472 0
0 0
7474 0
0 0
7476 7477
0 0
0 0
0 0
0 0
0 0
7482 0
7483 0
0 0
0 0
0 0
7487 9898
7488 9895
7489 7490
0 0
7491 9894
7492 9891
7493 7494
0 0
7495 9889
7496 9886
7497 7499
7498 0
0 0
7500 7501
0 0
7502 7504
7503 0
0 0
7505 9883
7506 9882
7507 7509
7508 0
0 0
7510 9880
7511 9877
7512 7514
7513 0
0 0
7515 8695
7516 7518
7517 0
0 0
7519 0
7520 0
7521 8694
7522 8693
7523 0
7524 8692
7525 0
7526 7527
0 0
7528 7529
0 0
7530 7532
7531 0
0 0
7533 8689
7534 8686
7535 8683
7536 8681
7537 0
7538 0
7539 8680
7540 7541
0 0
7542 0
7543 7545
7544 0
0 0
7546 7548
7547 0
0 0
7549 0
7550 7552
7551 0
0 0
7553 8677
7554 0
7555 8674
7556 7557
0 0
7558 7560
7559 0
0 0
7561 0
7562 8673
7563 0
7564 7566
7565 0
0 0
7567 0
7568 7569
0 0
7570 8670
7571 0
7572 8668
7573 8666
7574 0
7575 8664
7576 7577
0 0
7578 8662
7579 8659
7580 0
7581 8657
7582 8656
7583 7585
7584 0
0 0
7586 8653
7587 8652
7588 8650
7589 8649
7590 0
7591 0
7592 8647
7593 8645
7594 0
7595 8644
7596 7597
0 0
7598 0
7599 8642
7600 7601
0 0
7602 7603
0 0
7604 0
7605 8639
7606 7607
0 0
7608 7610
7609 0
0 0
7611 8638
7612 0
7613 8637
7614 7615
0 0
7616 7618
7617 0
0 0
7619 8635
7620 8633
7621 7622
0 0
7623 8631
7624 8630
7625 7627
7626 0
0 0
7628 8627
7629 8624
7630 7632
7631 0
0 0
7633 7634
0 0
7635 8621
7636 7638
7637 0
0 0
7639 8618
7640 8616
7641 7643
7642 0
0 0
7644 7646
7645 0
0 0
7647 7648
0 0
7649 7651
7650 0
0 0
7652 0
7653 8613
7654 0
7655 0
7656 8612
7657 7659
7658 0
0 0
7660 8609
7661 8606
7662 7663
0 0
7664 0
7665 7667
7666 0
0 0
7668 7670
7669 0
0 0
7671 8603
7672 7674
7673 0
0 0
7675 0
7676 0
7677 7678
0 0
7679 8600
7680 7682
7681 0
0 0
7683 7684
0 0
7685 0
7686 0
7687 7689
7688 0
0 0
7690 8598
7691 8595
7692 8593
7693 7694
0 0
7695 8591
7696 8590
7697 0
7698 8587
7699 8585
7700 8582
7701 0
7702 8579
7703 8577
7704 0
7705 8575
7706 7708
7707 0
0 0
7709 8573
7710 8572
7711 8571
7712 8569
7713 8566
7714 7715
0 0
7716 8563
7717 0
7718 8560
7719 8558
7720 7721
0 0
7722 7724
7723 0
0 0
7725 8556
7726 8553
7727 8552
7728 8549
7729 7730
0 0
7731 0
7732 7733
0 0
7734 8546
7735 8543
7736 8541
7737 8538
7738 8137
7739 8135
7740 8132
7741 7742
0 0
7743 8129
7744 0
7745 8128
7746 0
7747 8125
7748 8123
7749 8121
7750 8120
7751 8117
7752 0
7753 8115
7754 0
7755 7757
7756 0
0 0
7758 8114
7759 8112
7760 8111
7761 8110
7762 8109
7763 7765
7764 0
0 0
7766 7768
7767 0
0 0
7769 8108
7770 7772
7771 0
0 0
7773 7774
0 0
7775 8106
7776 8105
7777 7779
7778 0
0 0
7780 7782
7781 0
0 0
7783 0
7784 8104
7785 0
7786 8103
7787 8102
7788 7789
0 0
7790 7791
0 0
7792 8101
7793 8099
7794 7796
7795 0
0 0
7797 8097
7798 7800
7799 0
0 0
7801 8094
7802 8093
7803 7805
7804 0
0 0
7806 8091
7807 8088
7808 8085
7809 8083
7810 8082
7811 0
7812 8079
7813 7814
0 0
7815 8078
7816 0
7817 8077
7818 8076
7819 7820
0 0
7821 8074
7822 7823
0 0
7824 0
7825 7827
7826 0
0 0
7828 7829
0 0
7830 7831
0 0
7832 8071
7833 8070
7834 7835
0 0
7836 8068
7837 8067
7838 7839
0 0
7840 8065
7841 7842
0 0
7843 8062
7844 7952
7845 7951
7846 7949
7847 7946
7848 7896
7849 7850
0 0
7851 7893
7852 7890
7853 7854
0 0
7855 7857
7856 0
0 0
7858 7859
0 0
7860 0
7861 0
7862 7888
7863 0
7864 7887
7865 7884
7866 7883
7867 7882
7868 7880
7869 7879
7870 7871
0 0
7872 7874
7873 0
0 0
7875 7876
0 0
7877 0
7878 0
0 0
0 0
7881 0
0 0
0 0
0 0
7885 0
7886 0
0 0
0 0
7889 0
0 0
7891 7892
0 0
0 0
7894 0
7895 0
0 0
7897 7944
7898 7941
7899 0
7900 7902
7901 0
0 0
7903 0
7904 0
7905 7906
0 0
7907 7940
7908 0
7909 7910
0 0
7911 0
7912 7914
7913 0
0 0
7915 7937
7916 7918
7917 0
0 0
7919 7920
0 0
7921 7934
7922 7933
7923 7930
7924 7927
7925 7926
0 0
0 0
7928 7929
0 0
0 0
7931 7932
0 0
0 0
0 0
7935 7936
0 0
0 0
7938 0
7939 0
0 0
0 0
7942 0
7943 0
0 0
7945 0
0 0
7947 7948
0 0
0 0
7950 0
0 0
0 0
7953 8060
7954 8059
7955 7957
7956 0
0 0
7958 0
7959 7961
7960 0
0 0
7962 8056
7963 0
7964 8055
7965 0
7966 7967
0 0
7968 7969
0 0
7970 8052
7971 8051
7972 8050
7973 8047
7974 7975
0 0
7976 0
7977 7979
7978 0
0 0
7980 8045
7981 8043
7982 8041
7983 7985
7984 0
0 0
7986 7987
0 0
7988 8039
7989 8037
7990 7991
0 0
7992 8035
7993 7994
0 0
7995 7997
7996 0
0 0
7998 0
7999 8032
8000 8015
8001 8012
8002 8010
8003 8007
8004 8006
8005 0
0 0
0 0
8008 8009
0 0
0 0
8011 0
0 0
8013 8014
0 0
0 0
8016 8031
8017 8028
8018 8020
8019 0
0 0
8021 8023
8022 0
0 0
8024 8027
8025 0
8026 0
0 0
0 0
8029 8030
0 0
0 0
0 0
8033 0
8034 0
0 0
8036 0
0 0
8038 0
0 0
8040 0
0 0
8042 0
0 0
8044 0
0 0
8046 0
0 0
8048 0
8049 0
0 0
0 0
0 0
8053 8054
0 0
0 0
0 0
8057 8058
0 0
0 0
0 0
8061 0
0 0
8063 8064
0 0
0 0
8066 0
0 0
0 0
8069 0
0 0
0 0
8072 0
8073 0
0 0
8075 0
0 0
0 0
0 0
0 0
8080 8081
0 0
0 0
0 0
8084 0
0 0
8086 8087
0 0
0 0
8089 0
8090 0
0 0
8092 0
0 0
0 0
8095 0
8096 0
0 0
8098 0
0 0
8100 0
0 0
0 0
0 0
0 0
0 0
0 0
8107 0
0 0
0 0
0 0
0 0
0 0
8113 0
0 0
0 0
8116 0
0 0
8118 0
8119 0
0 0
0 0
8122 0
0 0
8124 0
0 0
8126 0
8127 0
0 0
0 0
8130 8131
0 0
0 0
8133 0
8134 0
0 0
8136 0
0 0
8138 0
8139 0
8140 8141
0 0
8142 8144
8143 0
0 0
8145 8535
8146 8533
8147 0
8148 8150
8149 0
0 0
8151 0
8152 8154
8153 0
0 0
8155 0
8156 8157
0 0
8158 8530
8159 0
8160 8162
8161 0
0 0
8163 8527
8164 8526
8165 8167
8166 0
0 0
8168 8170
8169 0
0 0
8171 8172
0 0
8173 8524
8174 8521
8175 8177
8176 0
0 0
8178 8179
0 0
8180 8181
0 0
8182 0
8183 0
8184 8185
0 0
8186 8187
0 0
8188 8190
8189 0
0 0
8191 8518
8192 8517
8193 8515
8194 8514
8195 8196
0 0
8197 8511
8198 8509
8199 8200
0 0
8201 8508
8202 8204
8203 0
0 0
8205 8206
0 0
8207 8505
8208 8209
0 0
8210 8504
8211 8503
8212 0
8213 8501
8214 8215
0 0
8216 8218
8217 0
0 0
8219 8499
8220 8222
8221 0
0 0
8223 8498
8224 0
8225 8226
0 0
8227 8362
8228 8360
8229 8230
0 0
8231 8232
0 0
8233 8235
8234 0
0 0
8236 8237
0 0
8238 8240
8239 0
0 0
8241 8357
8242 0
8243 0
8244 0
8245 8246
0 0
8247 0
8248 8250
8249 0
0 0
8251 8356
8252 0
8253 8254
0 0
8255 8256
0 0
8257 8258
0 0
8259 8260
0 0
8261 0
8262 8354
8263 8352
8264 8266
8265 0
0 0
8267 8349
8268 8270
8269 0
0 0
8271 8272
0 0
8273 8347
8274 0
8275 8276
0 0
8277 8278
0 0
8279 8312
8280 8281
0 0
8282 0
8283 8284
0 0
8285 8287
8286 0
0 0
8288 8311
8289 8310
8290 0
8291 8293
8292 0
0 0
8294 8309
8295 8308
8296 8305
8297 8303
8298 8301
8299 0
8300 0
0 0
8302 0
0 0
8304 0
0 0
8306 8307
0 0
0 0
0 0
0 0
0 0
0 0
8313 8315
8314 0
0 0
8316 8345
8317 8342
8318 8339
8319 8337
8320 8321
0 0
8322 0
8323 8325
8324 0
0 0
8326 0
8327 8329
8328 0
0 0
8330 8336
8331 8334
8332 8333
0 0
0 0
8335 0
0 0
0 0
8338 0
0 0
8340 0
8341 0
0 0
8343 0
8344 0
0 0
8346 0
0 0
8348 0
0 0
8350 0
8351 0
0 0
8353 0
0 0
8355 0
0 0
0 0
8358 8359
0 0
0 0
8361 0
0 0
8363 8496
8364 8366
8365 0
0 0
8367 8495
8368 8493
8369 8371
8370 0
0 0
8372 0
8373 8492
8374 8489
8375 8488
8376 8486
8377 8483
8378 8482
8379 8481
8380 8479
8381 8477
8382 0
8383 8385
8384 0
0 0
8386 8474
8387 8389
8388 0
0 0
8390 8471
8391 8468
8392 8467
8393 8395
8394 0
0 0
8396 8466
8397 8398
0 0
8399 8464
8400 0
8401 8403
8402 0
0 0
8404 8462
8405 8406
0 0
8407 8409
8408 0
0 0
8410 8411
0 0
8412 8414
8413 0
0 0
8415 8416
0 0
8417 8418
0 0
8419 8421
8420 0
0 0
8422 8461
8423 8424
0 0
8425 8427
8426 0
0 0
8428 8430
8429 0
0 0
8431 8460
8432 8445
8433 0
8434 8442
8435 8437
8436 0
0 0
8438 8439
0 0
8440 8441
0 0
0 0
8443 0
8444 0
0 0
8446 8457
8447 8455
8448 8450
8449 0
0 0
8451 0
8452 8454
8453 0
0 0
0 0
8456 0
0 0
8458 8459
0 0
0 0
0 0
0 0
8463 0
0 0
8465 0
0 0
0 0
0 0
8469 0
8470 0
0 0
8472 8473
0 0
0 0
8475 8476
0 0
0 0
8478 0
0 0
8480 0
0 0
0 0
0 0
8484 0
8485 0
0 0
8487 0
0 0
0 0
8490 0
8491 0
0 0
0 0
8494 0
0 0
0 0
8497 0
0 0
0 0
8500 0
0 0
8502 0
0 0
0 0
0 0
8506 0
8507 0
0 0
0 0
8510 0
0 0
8512 0
8513 0
0 0
0 0
8516 0
0 0
0 0
8519 0
8520 0
0 0
8522 8523
0 0
0 0
8525 0
0 0
0 0
8528 8529
0 0
0 0
8531 0
8532 0
0 0
8534 0
0 0
8536 8537
0 0
0 0
8539 8540
0 0
0 0
8542 0
0 0
8544 8545
0 0
0 0
8547 0
8548 0
0 0
8550 0
8551 0
0 0
0 0
8554 0
8555 0
0 0
8557 0
0 0
8559 0
0 0
8561 0
8562 0
0 0
8564 8565
0 0
0 0
8567 8568
0 0
0 0
8570 0
0 0
0 0
0 0
8574 0
0 0
8576 0
0 0
8578 0
0 0
8580 8581
0 0
0 0
8583 0
8584 0
0 0
8586 0
0 0
8588 8589
0 0
0 0
0 0
8592 0
0 0
8594 0
0 0
8596 0
8597 0
0 0
8599 0
0 0
8601 8602
0 0
0 0
8604 8605
0 0
0 0
8607 8608
0 0
0 0
8610 0
8611 0
0 0
0 0
8614 8615
0 0
0 0
8617 0
0 0
8619 0
8620 0
0 0
8622 0
8623 0
0 0
8625 8626
0 0
0 0
8628 0
8629 0
0 0
0 0
8632 0
0 0
8634 0
0 0
8636 0
0 0
0 0
0 0
8640 0
8641 0
0 0
8643 0
0 0
0 0
8646 0
0 0
8648 0
0 0
0 0
8651 0
0 0
0 0
8654 0
8655 0
0 0
0 0
8658 0
0 0
8660 8661
0 0
0 0
8663 0
0 0
8665 0
0 0
8667 0
0 0
8669 0
0 0
8671 8672
0 0
0 0
0 0
8675 8676
0 0
0 0
8678 8679
0 0
0 0
0 0
8682 0
0 0
8684 0
8685 0
0 0
8687 8688
0 0
0 0
8690 8691
0 0
0 0
0 0
0 0
0 0
8696 9874
8697 0
8698 0
8699 0
8700 9871
8701 9869
8702 8703
0 0
8704 0
8705 9866
8706 0
8707 9864
8708 0
8709 8710
0 0
8711 9861
8712 9860
8713 9859
8714 9856
8715 0
8716 9854
8717 0
8718 9851
8719 8721
8720 0
0 0
8722 9849
8723 8724
0 0
8725 8727
8726 0
0 0
8728 0
8729 0
8730 8731
0 0
8732 9847
8733 9846
8734 9844
8735 8737
8736 0
0 0
8738 9841
8739 8741
8740 0
0 0
8742 9840
8743 9838
8744 8746
8745 0
0 0
8747 9837
8748 9834
8749 0
8750 9833
8751 9832
8752 9830
8753 8755
8754 0
0 0
8756 9829
8757 9827
8758 0
8759 8760
0 0
8761 8762
0 0
8763 9825
8764 9822
8765 8767
8766 0
0 0
8768 0
8769 9821
8770 0
8771 9819
8772 0
8773 9818
8774 9815
8775 0
8776 9813
8777 8778
0 0
8779 8780
0 0
8781 8783
8782 0
0 0
8784 8785
0 0
8786 9810
8787 0
8788 9807
8789 9806
8790 9803
8791 9800
8792 9797
8793 9795
8794 9792
8795 9791
8796 9789
8797 8798
0 0
8799 8800
0 0
8801 9786
8802 0
8803 9785
8804 9783
8805 9782
8806 9780
8807 9779
8808 8809
0 0
8810 0
8811 9778
8812 8813
0 0
8814 0
8815 9775
8816 8818
8817 0
0 0
8819 9773
8820 9771
8821 0
8822 9768
8823 0
8824 8825
0 0
8826 9766
8827 9763
8828 0
8829 9760
8830 9759
8831 0
8832 9756
8833 9753
8834 9752
8835 9751
8836 8837
0 0
8838 8840
8839 0
0 0
8841 8843
8842 0
0 0
8844 8846
8845 0
0 0
8847 8849
8848 0
0 0
8850 9750
8851 0
8852 8853
0 0
8854 8856
8855 0
0 0
8857 0
8858 9748
8859 9746
8860 8861
0 0
8862 8863
0 0
8864 8866
8865 0
0 0
8867 0
8868 8870
8869 0
0 0
8871 8872
0 0
8873 9744
8874 0
8875 9741
8876 9739
8877 9738
8878 9736
8879 0
8880 9735
8881 8882
0 0
8883 0
8884 0
8885 8886
0 0
8887 8888
0 0
8889 9732
8890 8892
8891 0
0 0
8893 8894
0 0
8895 8897
8896 0
0 0
8898 0
8899 9731
8900 0
8901 9729
8902 0
8903 8905
8904 0
0 0
8906 9726
8907 9723
8908 8910
8909 0
0 0
8911 9722
8912 9720
8913 9717
8914 0
8915 9315
8916 8918
8917 0
0 0
8919 9314
8920 9311
8921 9310
8922 0
8923 8924
0 0
8925 0
8926 9307
8927 9306
8928 9305
8929 8931
8930 0
0 0
8932 8934
8933 0
0 0
8935 0
8936 9304
8937 0
8938 9302
8939 9299
8940 9298
8941 0
8942 9295
8943 9292
8944 8946
8945 0
0 0
8947 8948
0 0
8949 8951
8950 0
0 0
8952 9291
8953 9288
8954 9286
8955 8957
8956 0
0 0
8958 9283
8959 9280
8960 9278
8961 9275
8962 8963
0 0
8964 9272
8965 0
8966 9271
8967 0
8968 0
8969 9119
8970 9116
8971 9114
8972 9111
8973 8975
8974 0
0 0
8976 8978
8977 0
0 0
8979 9110
8980 8982
8981 0
0 0
8983 8985
8984 0
0 0
8986 9109
8987 9107
8988 9105
8989 8991
8990 0
0 0
8992 9103
8993 8995
8994 0
0 0
8996 9100
8997 9098
8998 8999
0 0
9000 0
9001 0
9002 9003
0 0
9004 9005
0 0
9006 9097
9007 0
9008 9009
0 0
9010 9095
9011 9012
0 0
9013 9014
0 0
9015 0
9016 9018
9017 0
0 0
9019 9092
9020 9091
9021 9088
9022 9023
0 0
9024 9025
0 0
9026 9027
0 0
9028 9086
9029 9085
9030 9031
0 0
9032 9084
9033 9034
0 0
9035 9036
0 0
9037 9081
9038 9040
9039 0
0 0
9041 0
9042 0
9043 9044
0 0
9045 9080
9046 9078
9047 9049
9048 0
0 0
9050 9076
9051 9073
9052 9053
0 0
9054 9071
9055 9057
9056 0
0 0
9058 0
9059 0
9060 9065
9061 9063
9062 0
0 0
9064 0
0 0
9066 0
9067 9070
9068 0
9069 0
0 0
0 0
9072 0
0 0
9074 0
9075 0
0 0
9077 0
0 0
9079 0
0 0
0 0
9082 0
9083 0
0 0
0 0
0 0
9087 0
0 0
9089 0
9090 0
0 0
0 0
9093 9094
0 0
0 0
9096 0
0 0
0 0
9099 0
0 0
9101 9102
0 0
0 0
9104 0
0 0
9106 0
0 0
9108 0
0 0
0 0
0 0
9112 0
9113 0
0 0
9115 0
0 0
9117 9118
0 0
0 0
9120 9121
0 0
9122 0
9123 9268
9124 0
9125 9266
9126 0
9127 9264
9128 9263
9129 9131
9130 0
0 0
9132 0
9133 9134
0 0
9135 9136
0 0
9137 9138
0 0
9139 0
9140 9261
9141 9259
9142 9258
9143 9255
9144 0
9145 9253
9146 0
9147 9250
9148 0
9149 9248
9150 9247
9151 0
9152 9244
9153 9241
9154 9197
9155 9195
9156 9158
9157 0
0 0
9159 9160
0 0
9161 9194
9162 0
9163 0
9164 9192
9165 0
9166 9191
9167 9190
9168 9170
9169 0
0 0
9171 9173
9172 0
0 0
9174 0
9175 0
9176 9188
9177 9187
9178 9180
9179 0
0 0
9181 0
9182 9185
9183 9184
0 0
0 0
9186 0
0 0
0 0
9189 0
0 0
0 0
0 0
9193 0
0 0
0 0
9196 0
0 0
9198 0
9199 9238
9200 9202
9201 0
0 0
9203 9205
9204 0
0 0
9206 9208
9207 0
0 0
9209 9237
9210 9236
9211 9213
9212 0
0 0
9214 9234
9215 0
9216 9224
9217 0
9218 9220
9219 0
0 0
9221 9222
0 0
9223 0
0 0
9225 9226
0 0
9227 9229
9228 0
0 0
9230 0
9231 0
9232 0
9233 0
0 0
9235 0
0 0
0 0
0 0
9239 9240
0 0
0 0
9242 0
9243 0
0 0
9245 0
9246 0
0 0
0 0
9249 0
0 0
9251 0
9252 0
0 0
9254 0
0 0
9256 9257
0 0
0 0
0 0
9260 0
0 0
9262 0
0 0
0 0
9265 0
0 0
9267 0
0 0
9269 0
9270 0
0 0
0 0
9273 9274
0 0
0 0
9276 0
9277 0
0 0
9279 0
0 0
9281 9282
0 0
0 0
9284 0
9285 0
0 0
9287 0
0 0
9289 9290
0 0
0 0
0 0
9293 0
9294 0
0 0
9296 0
9297 0
0 0
0 0
9300 9301
0 0
0 0
9303 0
0 0
0 0
0 0
0 0
9308 9309
0 0
0 0
0 0
9312 0
9313 0
0 0
0 0
9316 9318
9317 0
0 0
9319 9321
9320 0
0 0
9322 9714
9323 9325
9324 0
0 0
9326 9327
0 0
9328 9329
0 0
9330 9713
9331 9711
9332 9334
9333 0
0 0
9335 9708
9336 9707
9337 9338
0 0
9339 9341
9340 0
0 0
9342 9704
9343 9701
9344 9345
0 0
9346 9699
9347 9348
0 0
9349 9697
9350 9696
9351 9523
9352 9353
0 0
9354 9520
9355 0
9356 9437
9357 9359
9358 0
0 0
9360 9434
9361 9432
9362 9429
9363 9364
0 0
9365 9426
9366 9395
9367 9392
9368 9390
9369 9371
9370 0
0 0
9372 9373
0 0
9374 9388
9375 9386
9376 9378
9377 0
0 0
9379 9380
0 0
9381 9383
9382 0
0 0
9384 0
9385 0
0 0
9387 0
0 0
9389 0
0 0
9391 0
0 0
9393 0
9394 0
0 0
9396 9398
9397 0
0 0
9399 9400
0 0
9401 9425
9402 0
9403 0
9404 9405
0 0
9406 9423
9407 9422
9408 9421
9409 9410
0 0
9411 9413
9412 0
0 0
9414 9415
0 0
9416 9418
9417 0
0 0
9419 9420
0 0
0 0
0 0
0 0
9424 0
0 0
0 0
9427 9428
0 0
0 0
9430 0
9431 0
0 0
9433 0
0 0
9435 9436
0 0
0 0
9438 9440
9439 0
0 0
9441 9518
9442 9444
9443 0
0 0
9445 9447
9446 0
0 0
9448 9516
9449 9450
0 0
9451 9452
0 0
9453 9513
9454 9456
9455 0
0 0
9457 9512
9458 9509
9459 9461
9460 0
0 0
9462 9463
0 0
9464 9507
9465 9505
9466 9467
0 0
9468 9470
9469 0
0 0
9471 9502
9472 0
9473 9474
0 0
9475 0
9476 9478
9477 0
0 0
9479 9481
9480 0
0 0
9482 9500
9483 9498
9484 0
9485 9486
0 0
9487 9492
9488 9489
0 0
9490 0
9491 0
0 0
9493 9497
9494 0
9495 9496
0 0
0 0
0 0
9499 0
0 0
9501 0
0 0
9503 9504
0 0
0 0
9506 0
0 0
9508 0
0 0
9510 0
9511 0
0 0
0 0
9514 9515
0 0
0 0
9517 0
0 0
9519 0
0 0
9521 0
9522 0
0 0
9524 9695
9525 9693
9526 9692
9527 9528
0 0
9529 9690
9530 0
9531 9532
0 0
9533 9689
9534 9687
9535 0
9536 9685
9537 9538
0 0
9539 9682
9540 9679
9541 9677
9542 9676
9543 9675
9544 9672
9545 9546
0 0
9547 9669
9548 9667
9549 9666
9550 9551
0 0
9552 9664
9553 0
9554 9556
9555 0
0 0
9557 9558
0 0
9559 0
9560 9562
9561 0
0 0
9563 9661
9564 9658
9565 9655
9566 0
9567 9569
9568 0
0 0
9570 9654
9571 9652
9572 9651
9573 9574
0 0
9575 9576
0 0
9577 9578
0 0
9579 9648
9580 9647
9581 9583
9582 0
0 0
9584 9646
9585 9587
9586 0
0 0
9588 9645
9589 0
9590 9592
9591 0
0 0
9593 9642
9594 9617
9595 0
9596 9614
9597 9611
9598 9609
9599 9601
9600 0
0 0
9602 0
9603 9608
9604 9606
9605 0
0 0
9607 0
0 0
0 0
9610 0
0 0
9612 0
9613 0
0 0
9615 9616
0 0
0 0
9618 9641
9619 9621
9620 0
0 0
9622 9624
9623 0
0 0
9625 9638
9626 9636
9627 0
9628 0
9629 9631
9630 0
0 0
9632 9634
9633 0
0 0
9635 0
0 0
9637 0
0 0
9639 0
9640 0
0 0
0 0
9643 9644
0 0
0 0
0 0
0 0
0 0
9649 9650
0 0
0 0
0 0
9653 0
0 0
0 0
9656 9657
0 0
0 0
9659 0
9660 0
0 0
9662 0
9663 0
0 0
9665 0
0 0
0 0
9668 0
0 0
9670 9671
0 0
0 0
9673 0
9674 0
0 0
0 0
0 0
9678 0
0 0
9680 0
9681 0
0 0
9683 9684
0 0
0 0
9686 0
0 0
9688 0
0 0
0 0
9691 0
0 0
0 0
9694 0
0 0
0 0
0 0
9698 0
0 0
9700 0
0 0
9702 9703
0 0
0 0
9705 0
9706 0
0 0
0 0
9709 0
9710 0
0 0
9712 0
0 0
0 0
9715 9716
0 0
0 0
9718 0
9719 0
0 0
9721 0
0 0
0 0
9724 0
9725 0
0 0
9727 0
9728 0
0 0
9730 0
0 0
0 0
9733 9734
0 0
0 0
0 0
9737 0
0 0
0 0
9740 0
0 0
9742 9743
0 0
0 0
9745 0
0 0
9747 0
0 0
9749 0
0 0
0 0
0 0
0 0
9754 0
9755 0
0 0
9757 0
9758 0
0 0
0 0
9761 0
9762 0
0 0
9764 9765
0 0
0 0
9767 0
0 0
9769 9770
0 0
0 0
9772 0
0 0
9774 0
0 0
9776 9777
0 0
0 0
0 0
0 0
9781 0
0 0
0 0
9784 0
0 0
0 0
9787 0
9788 0
0 0
9790 0
0 0
0 0
9793 9794
0 0
0 0
9796 0
0 0
9798 9799
0 0
0 0
9801 9802
0 0
0 0
9804 0
9805 0
0 0
0 0
9808 9809
0 0
0 0
9811 9812
0 0
0 0
9814 0
0 0
9816 9817
0 0
0 0
0 0
9820 0
0 0
0 0
9823 9824
0 0
0 0
9826 0
0 0
9828 0
0 0
0 0
9831 0
0 0
0 0
0 0
9835 0
9836 0
0 0
0 0
9839 0
0 0
0 0
9842 9843
0 0
0 0
9845 0
0 0
0 0
9848 0
0 0
9850 0
0 0
9852 0
9853 0
0 0
9855 0
0 0
9857 9858
0 0
0 0
0 0
0 0
9862 9863
0 0
0 0
9865 0
0 0
9867 9868
0 0
0 0
9870 0
0 0
9872 9873
0 0
0 0
9875 0
9876 0
0 0
9878 0
9879 0
0 0
9881 0
0 0
0 0
9884 0
9885 0
0 0
9887 0
9888 0
0 0
9890 0
0 0
9892 0
9893 0
0 0
0 0
9896 0
9897 0
0 0
9899 0
0 0
9901 0
0 0
9903 0
9904 0
0 0
9906 0
9907 0
0 0
0 0
9910 0
9911 0
0 0
9913 0
9914 0
0 0
9916 0
0 0
9918 0
9919 0
0 0
0 0
9922 0
0 0
9924 0
9925 0
0 0
9927 9928
0 0
0 0
9930 9931
0 0
0 0
9933 9934
0 0
0 0
9936 0
0 0
0 0
9939 0
0 0
0 0
0 0
9943 0
0 0
9945 0
9946 0
0 0
9948 0
9949 0
0 0
9951 0
9952 0
0 0
0 0
0 0
9956 0
0 0
9958 0
9959 0
0 0
9961 9962
0 0
0 0
9964 0
9965 0
0 0
0 0
9968 0
0 0
9970 9971
0 0
0 0
9973 9974
0 0
0 0
9976 0
0 0
9978 0
0 0
0 0
0 0
0 0
0 0
0 0
9985 0
0 0
0 0
9988 0
0 0
9990 0
0 0
9992 0
0 0
0 0
9995 9996
0 0
0 0
9998 0
0 0
10000 0
0 0
