10000 9
2 3
0 0
4 6
5 0
0 0
7 9998
8 5002
9 11
10 0
0 0
12 0
13 14
0 0
15 5000
16 4999
17 4996
18 4993
19 20
0 0
21 4992
22 24
23 0
0 0
25 4989
26 4987
27 2506
28 2505
29 2504
30 0
31 2501
32 0
33 2499
34 2498
35 1266
36 0
37 39
38 0
0 0
40 1263
41 1260
42 1257
43 44
0 0
45 0
46 48
47 0
0 0
49 1254
50 1252
51 53
52 0
0 0
54 56
55 0
0 0
57 1251
58 59
0 0
60 655
61 654
62 0
63 64
0 0
65 651
66 648
67 357
68 0
69 356
70 72
71 0
0 0
73 353
74 350
75 212
76 0
77 0
78 80
79 0
0 0
81 83
82 0
0 0
84 0
85 0
86 210
87 207
88 89
0 0
90 206
91 204
92 203
93 201
94 200
95 0
96 98
97 0
0 0
99 199
100 102
101 0
0 0
103 196
104 193
105 106
0 0
107 0
108 109
0 0
110 0
111 113
112 0
0 0
114 115
0 0
116 0
117 154
118 152
119 121
120 0
0 0
122 149
123 135
124 126
125 0
0 0
127 0
128 0
129 133
130 132
131 0
0 0
0 0
134 0
0 0
136 0
137 147
138 139
0 0
140 142
141 0
0 0
143 146
144 0
145 0
0 0
0 0
148 0
0 0
150 0
151 0
0 0
153 0
0 0
155 190
156 187
157 0
158 184
159 183
160 0
161 163
162 0
0 0
164 182
165 179
166 176
167 0
168 173
169 170
0 0
171 0
172 0
0 0
174 175
0 0
0 0
177 0
178 0
0 0
180 0
181 0
0 0
0 0
0 0
185 186
0 0
0 0
188 0
189 0
0 0
191 0
192 0
0 0
194 0
195 0
0 0
197 0
198 0
0 0
0 0
0 0
202 0
0 0
0 0
205 0
0 0
0 0
208 0
209 0
0 0
211 0
0 0
213 215
214 0
0 0
216 347
217 346
218 345
219 342
220 0
221 222
0 0
223 225
224 0
0 0
226 228
227 0
0 0
229 340
230 337
231 0
232 334
233 234
0 0
235 333
236 237
0 0
238 0
239 241
240 0
0 0
242 0
243 331
244 330
245 328
246 327
247 286
248 0
249 285
250 251
0 0
252 282
253 281
254 256
255 0
0 0
257 258
0 0
259 278
260 276
261 275
262 273
263 0
264 272
265 269
266 0
267 268
0 0
0 0
270 271
0 0
0 0
0 0
274 0
0 0
0 0
277 0
0 0
279 0
280 0
0 0
0 0
283 284
0 0
0 0
0 0
287 324
288 323
289 322
290 291
0 0
292 294
293 0
0 0
295 296
0 0
297 299
298 0
0 0
300 319
301 317
302 315
303 312
304 309
305 0
306 0
307 0
308 0
0 0
310 311
0 0
0 0
313 0
314 0
0 0
316 0
0 0
318 0
0 0
320 0
321 0
0 0
0 0
0 0
325 326
0 0
0 0
0 0
329 0
0 0
0 0
332 0
0 0
0 0
335 0
336 0
0 0
338 0
339 0
0 0
341 0
0 0
343 344
0 0
0 0
0 0
0 0
348 349
0 0
0 0
351 0
352 0
0 0
354 0
355 0
0 0
0 0
358 646
359 643
360 642
361 0
362 639
363 636
364 635
365 0
366 633
367 631
368 628
369 0
370 372
371 0
0 0
373 626
374 625
375 624
376 377
0 0
378 379
0 0
380 623
381 382
0 0
383 620
384 386
385 0
0 0
387 619
388 618
389 390
0 0
391 392
0 0
393 0
394 0
395 615
396 612
397 399
398 0
0 0
400 610
401 402
0 0
403 404
0 0
405 406
0 0
407 408
0 0
409 607
410 606
411 605
412 508
413 414
0 0
415 507
416 418
417 0
0 0
419 421
420 0
0 0
422 0
423 425
424 0
0 0
426 504
427 501
428 499
429 0
430 432
431 0
0 0
433 498
434 495
435 494
436 492
437 491
438 489
439 488
440 0
441 442
0 0
443 486
444 0
445 485
446 447
0 0
448 0
449 483
450 481
451 480
452 477
453 455
454 0
0 0
456 0
457 474
458 473
459 471
460 470
461 467
462 0
463 465
464 0
0 0
466 0
0 0
468 469
0 0
0 0
0 0
472 0
0 0
0 0
475 476
0 0
0 0
478 479
0 0
0 0
0 0
482 0
0 0
484 0
0 0
0 0
487 0
0 0
0 0
490 0
0 0
0 0
493 0
0 0
0 0
496 0
497 0
0 0
0 0
500 0
0 0
502 0
503 0
0 0
505 506
0 0
0 0
0 0
509 604
510 601
511 598
512 595
513 594
514 0
515 592
516 0
517 591
518 590
519 587
520 584
521 582
522 580
523 577
524 576
525 575
526 573
527 529
528 0
0 0
530 0
531 571
532 534
533 0
0 0
535 569
536 566
537 539
538 0
0 0
540 542
541 0
0 0
543 563
544 560
545 558
546 548
547 0
0 0
549 557
550 551
0 0
552 556
553 554
0 0
555 0
0 0
0 0
0 0
559 0
0 0
561 562
0 0
0 0
564 0
565 0
0 0
567 0
568 0
0 0
570 0
0 0
572 0
0 0
574 0
0 0
0 0
0 0
578 0
579 0
0 0
581 0
0 0
583 0
0 0
585 0
586 0
0 0
588 589
0 0
0 0
0 0
0 0
593 0
0 0
0 0
596 0
597 0
0 0
599 0
600 0
0 0
602 0
603 0
0 0
0 0
0 0
0 0
608 0
609 0
0 0
611 0
0 0
613 614
0 0
0 0
616 0
617 0
0 0
0 0
0 0
621 0
622 0
0 0
0 0
0 0
0 0
627 0
0 0
629 630
0 0
0 0
632 0
0 0
634 0
0 0
0 0
637 0
638 0
0 0
640 641
0 0
0 0
0 0
644 645
0 0
0 0
647 0
0 0
649 650
0 0
0 0
652 653
0 0
0 0
0 0
656 658
657 0
0 0
659 1250
660 661
0 0
662 1247
663 665
664 0
0 0
666 667
0 0
668 670
669 0
0 0
671 1246
672 674
673 0
0 0
675 1245
676 1243
677 1241
678 679
0 0
680 1238
681 683
682 0
0 0
684 686
685 0
0 0
687 1236
688 1234
689 1233
690 691
0 0
692 1230
693 1227
694 695
0 0
696 1225
697 1223
698 1221
699 700
0 0
701 1220
702 0
703 1218
704 1217
705 706
0 0
707 1215
708 0
709 710
0 0
711 962
712 713
0 0
714 960
715 837
716 836
717 835
718 0
719 0
720 834
721 831
722 829
723 828
724 725
0 0
726 727
0 0
728 825
729 823
730 822
731 820
732 733
0 0
734 819
735 0
736 817
737 816
738 740
739 0
0 0
741 743
742 0
0 0
744 745
0 0
746 747
0 0
748 815
749 812
750 752
751 0
0 0
753 755
754 0
0 0
756 810
757 808
758 806
759 805
760 761
0 0
762 803
763 764
0 0
765 767
766 0
0 0
768 0
769 801
770 771
0 0
772 799
773 798
774 797
775 795
776 777
0 0
778 792
779 780
0 0
781 790
782 783
0 0
784 789
785 0
786 0
787 0
788 0
0 0
0 0
791 0
0 0
793 794
0 0
0 0
796 0
0 0
0 0
0 0
800 0
0 0
802 0
0 0
804 0
0 0
0 0
807 0
0 0
809 0
0 0
811 0
0 0
813 814
0 0
0 0
0 0
0 0
818 0
0 0
0 0
821 0
0 0
0 0
824 0
0 0
826 827
0 0
0 0
0 0
830 0
0 0
832 833
0 0
0 0
0 0
0 0
0 0
838 898
839 841
840 0
0 0
842 0
843 870
844 846
845 0
0 0
847 0
848 867
849 851
850 0
0 0
852 864
853 0
854 863
855 856
0 0
857 858
0 0
859 861
860 0
0 0
862 0
0 0
0 0
865 0
866 0
0 0
868 869
0 0
0 0
871 873
872 0
0 0
874 897
875 894
876 891
877 0
878 0
879 890
880 889
881 883
882 0
0 0
884 888
885 0
886 887
0 0
0 0
0 0
0 0
0 0
892 0
893 0
0 0
895 896
0 0
0 0
0 0
899 957
900 954
901 0
902 952
903 904
0 0
905 0
906 950
907 908
0 0
909 947
910 0
911 946
912 945
913 0
914 0
915 0
916 943
917 941
918 940
919 920
0 0
921 937
922 934
923 924
0 0
925 931
926 930
927 0
928 929
0 0
0 0
0 0
932 933
0 0
0 0
935 0
936 0
0 0
938 0
939 0
0 0
0 0
942 0
0 0
944 0
0 0
0 0
0 0
948 949
0 0
0 0
951 0
0 0
953 0
0 0
955 0
956 0
0 0
958 959
0 0
0 0
961 0
0 0
963 1214
964 1212
965 1209
966 967
0 0
968 970
969 0
0 0
971 973
972 0
0 0
974 976
975 0
0 0
977 1206
978 980
979 0
0 0
981 1205
982 984
983 0
0 0
985 1202
986 1199
987 988
0 0
989 990
0 0
991 0
992 0
993 994
0 0
995 1096
996 1093
997 998
0 0
999 1000
0 0
1001 1092
1002 1004
1003 0
0 0
1005 1007
1006 0
0 0
1008 1010
1009 0
0 0
1011 0
1012 1089
1013 1015
1014 0
0 0
1016 1088
1017 1086
1018 0
1019 1020
0 0
1021 1083
1022 1023
0 0
1024 1080
1025 1027
1026 0
0 0
1028 1030
1029 0
0 0
1031 1078
1032 1034
1033 0
0 0
1035 1076
1036 1037
0 0
1038 1073
1039 1070
1040 0
1041 1068
1042 1067
1043 1064
1044 1045
0 0
1046 1048
1047 0
0 0
1049 1050
0 0
1051 1063
1052 1061
1053 1058
1054 1055
0 0
1056 0
1057 0
0 0
1059 1060
0 0
0 0
1062 0
0 0
0 0
1065 0
1066 0
0 0
0 0
1069 0
0 0
1071 1072
0 0
0 0
1074 1075
0 0
0 0
1077 0
0 0
1079 0
0 0
1081 1082
0 0
0 0
1084 0
1085 0
0 0
1087 0
0 0
0 0
1090 0
1091 0
0 0
0 0
1094 0
1095 0
0 0
1097 1196
1098 1099
0 0
1100 1101
0 0
1102 1194
1103 0
1104 1106
1105 0
0 0
1107 1108
0 0
1109 0
1110 1192
1111 1191
1112 1113
0 0
1114 1190
1115 1117
1116 0
0 0
1118 1187
1119 1184
1120 1181
1121 1123
1122 0
0 0
1124 0
1125 1178
1126 1176
1127 1173
1128 1171
1129 1168
1130 1166
1131 0
1132 1134
1133 0
0 0
1135 1164
1136 1138
1137 0
0 0
1139 1163
1140 0
1141 1161
1142 1143
0 0
1144 1158
1145 1156
1146 1148
1147 0
0 0
1149 1150
0 0
1151 1155
1152 1153
0 0
1154 0
0 0
0 0
1157 0
0 0
1159 1160
0 0
0 0
1162 0
0 0
0 0
1165 0
0 0
1167 0
0 0
1169 1170
0 0
0 0
1172 0
0 0
1174 0
1175 0
0 0
1177 0
0 0
1179 0
1180 0
0 0
1182 1183
0 0
0 0
1185 1186
0 0
0 0
1188 0
1189 0
0 0
0 0
0 0
1193 0
0 0
1195 0
0 0
1197 1198
0 0
0 0
1200 0
1201 0
0 0
1203 1204
0 0
0 0
0 0
1207 0
1208 0
0 0
1210 1211
0 0
0 0
1213 0
0 0
0 0
1216 0
0 0
0 0
1219 0
0 0
0 0
1222 0
0 0
1224 0
0 0
1226 0
0 0
1228 1229
0 0
0 0
1231 1232
0 0
0 0
0 0
1235 0
0 0
1237 0
0 0
1239 0
1240 0
0 0
1242 0
0 0
1244 0
0 0
0 0
0 0
1248 1249
0 0
0 0
0 0
0 0
1253 0
0 0
1255 1256
0 0
0 0
1258 1259
0 0
0 0
1261 0
1262 0
0 0
1264 1265
0 0
0 0
1267 0
1268 1269
0 0
1270 2495
1271 2494
1272 1882
1273 1275
1274 0
0 0
1276 1881
1277 1879
1278 1878
1279 1281
1280 0
0 0
1282 1875
1283 1872
1284 0
1285 1870
1286 1869
1287 1866
1288 1864
1289 0
1290 1862
1291 1293
1292 0
0 0
1294 1860
1295 1859
1296 0
1297 0
1298 1299
0 0
1300 1858
1301 1855
1302 1854
1303 1305
1304 0
0 0
1306 1308
1307 0
0 0
1309 1851
1310 1850
1311 0
1312 1313
0 0
1314 1316
1315 0
0 0
1317 0
1318 1320
1319 0
0 0
1321 0
1322 1324
1323 0
0 0
1325 0
1326 1327
0 0
1328 1847
1329 1846
1330 0
1331 1332
0 0
1333 1845
1334 0
1335 1337
1336 0
0 0
1338 1340
1339 0
0 0
1341 1842
1342 1841
1343 1344
0 0
1345 1346
0 0
1347 1593
1348 1591
1349 1350
0 0
1351 1589
1352 1587
1353 1355
1354 0
0 0
1356 1584
1357 0
1358 0
1359 1360
0 0
1361 1582
1362 1581
1363 1578
1364 1576
1365 1366
0 0
1367 1574
1368 1369
0 0
1370 0
1371 1572
1372 1570
1373 1375
1374 0
0 0
1376 1568
1377 1567
1378 0
1379 0
1380 1564
1381 1562
1382 0
1383 1561
1384 1559
1385 0
1386 1388
1387 0
0 0
1389 1390
0 0
1391 1557
1392 1554
1393 1395
1394 0
0 0
1396 0
1397 1398
0 0
1399 1552
1400 1549
1401 1546
1402 1404
1403 0
0 0
1405 1544
1406 0
1407 1543
1408 1409
0 0
1410 0
1411 1541
1412 1540
1413 1537
1414 1536
1415 1534
1416 1474
1417 1419
1418 0
0 0
1420 0
1421 1447
1422 0
1423 1445
1424 1426
1425 0
0 0
1427 0
1428 1442
1429 1440
1430 0
1431 1433
1432 0
0 0
1434 0
1435 1437
1436 0
0 0
1438 1439
0 0
0 0
1441 0
0 0
1443 0
1444 0
0 0
1446 0
0 0
1448 1471
1449 1451
1450 0
0 0
1452 1469
1453 1468
1454 1466
1455 1463
1456 1457
0 0
1458 1461
1459 0
1460 0
0 0
1462 0
0 0
1464 1465
0 0
0 0
1467 0
0 0
0 0
1470 0
0 0
1472 1473
0 0
0 0
1475 0
1476 1478
1477 0
0 0
1479 1531
1480 0
1481 1530
1482 1483
0 0
1484 1527
1485 0
1486 1526
1487 0
1488 1523
1489 1491
1490 0
0 0
1492 1494
1493 0
0 0
1495 1497
1496 0
0 0
1498 0
1499 1520
1500 1519
1501 1516
1502 1514
1503 1513
1504 0
1505 1510
1506 1508
1507 0
0 0
1509 0
0 0
1511 0
1512 0
0 0
0 0
1515 0
0 0
1517 1518
0 0
0 0
0 0
1521 1522
0 0
0 0
1524 1525
0 0
0 0
0 0
1528 0
1529 0
0 0
0 0
1532 1533
0 0
0 0
1535 0
0 0
0 0
1538 0
1539 0
0 0
0 0
1542 0
0 0
0 0
1545 0
0 0
1547 1548
0 0
0 0
1550 1551
0 0
0 0
1553 0
0 0
1555 0
1556 0
0 0
1558 0
0 0
1560 0
0 0
0 0
1563 0
0 0
1565 0
1566 0
0 0
0 0
1569 0
0 0
1571 0
0 0
1573 0
0 0
1575 0
0 0
1577 0
0 0
1579 1580
0 0
0 0
0 0
1583 0
0 0
1585 0
1586 0
0 0
1588 0
0 0
1590 0
0 0
1592 0
0 0
1594 1717
1595 1596
0 0
1597 1598
0 0
1599 1716
1600 1601
0 0
1602 0
1603 1604
0 0
1605 1660
1606 1658
1607 1609
1608 0
0 0
1610 1612
1611 0
0 0
1613 1614
0 0
1615 0
1616 1655
1617 1652
1618 1649
1619 1648
1620 1647
1621 1623
1622 0
0 0
1624 1645
1625 1643
1626 1642
1627 1641
1628 1638
1629 1635
1630 1632
1631 0
0 0
1633 0
1634 0
0 0
1636 0
1637 0
0 0
1639 0
1640 0
0 0
0 0
0 0
1644 0
0 0
1646 0
0 0
0 0
0 0
1650 0
1651 0
0 0
1653 1654
0 0
0 0
1656 1657
0 0
0 0
1659 0
0 0
1661 1662
0 0
1663 1714
1664 1711
1665 1710
1666 1667
0 0
1668 1669
0 0
1670 1672
1671 0
0 0
1673 1708
1674 1675
0 0
1676 0
1677 1707
1678 1704
1679 0
1680 1681
0 0
1682 1703
1683 1701
1684 1699
1685 1686
0 0
1687 0
1688 1690
1689 0
0 0
1691 0
1692 1698
1693 1696
1694 0
1695 0
0 0
1697 0
0 0
0 0
1700 0
0 0
1702 0
0 0
0 0
1705 1706
0 0
0 0
0 0
1709 0
0 0
0 0
1712 1713
0 0
0 0
1715 0
0 0
0 0
1718 0
1719 1721
1720 0
0 0
1722 1723
0 0
1724 1839
1725 1836
1726 1728
1727 0
0 0
1729 1835
1730 1832
1731 1831
1732 1830
1733 1829
1734 1827
1735 0
1736 1737
0 0
1738 1739
0 0
1740 1825
1741 1742
0 0
1743 1822
1744 1820
1745 1747
1746 0
0 0
1748 1749
0 0
1750 0
1751 1753
1752 0
0 0
1754 1819
1755 0
1756 1757
0 0
1758 1759
0 0
1760 1818
1761 1762
0 0
1763 1815
1764 0
1765 1812
1766 1811
1767 1769
1768 0
0 0
1770 1810
1771 0
1772 1773
0 0
1774 0
1775 1776
0 0
1777 0
1778 1808
1779 1807
1780 1782
1781 0
0 0
1783 1804
1784 1785
0 0
1786 1803
1787 0
1788 1800
1789 1799
1790 1791
0 0
1792 1793
0 0
1794 0
1795 1796
0 0
1797 1798
0 0
0 0
0 0
1801 1802
0 0
0 0
0 0
1805 1806
0 0
0 0
0 0
1809 0
0 0
0 0
0 0
1813 1814
0 0
0 0
1816 1817
0 0
0 0
0 0
0 0
1821 0
0 0
1823 0
1824 0
0 0
1826 0
0 0
1828 0
0 0
0 0
0 0
0 0
1833 0
1834 0
0 0
0 0
1837 1838
0 0
0 0
1840 0
0 0
0 0
1843 0
1844 0
0 0
0 0
0 0
1848 0
1849 0
0 0
0 0
1852 0
1853 0
0 0
0 0
1856 1857
0 0
0 0
0 0
0 0
1861 0
0 0
1863 0
0 0
1865 0
0 0
1867 1868
0 0
0 0
0 0
1871 0
0 0
1873 1874
0 0
0 0
1876 0
1877 0
0 0
0 0
1880 0
0 0
0 0
1883 0
1884 2491
1885 1887
1886 0
0 0
1888 1889
0 0
1890 0
1891 1893
1892 0
0 0
1894 0
1895 2489
1896 1897
0 0
1898 2487
1899 1901
1900 0
0 0
1902 1903
0 0
1904 1905
0 0
1906 1907
0 0
1908 0
1909 1911
1910 0
0 0
1912 2486
1913 1914
0 0
1915 2485
1916 2484
1917 2483
1918 2481
1919 1920
0 0
1921 2479
1922 1923
0 0
1924 2478
1925 2475
1926 2472
1927 2470
1928 2468
1929 2467
1930 0
1931 1933
1932 0
0 0
1934 2466
1935 0
1936 2464
1937 1939
1938 0
0 0
1940 0
1941 2462
1942 2461
1943 1945
1944 0
0 0
1946 2459
1947 1948
0 0
1949 1951
1950 0
0 0
1952 0
1953 2456
1954 0
1955 1957
1956 0
0 0
1958 1960
1959 0
0 0
1961 2453
1962 1964
1963 0
0 0
1965 2451
1966 2449
1967 1969
1968 0
0 0
1970 0
1971 1972
0 0
1973 2447
1974 2445
1975 2443
1976 1977
0 0
1978 1979
0 0
1980 2440
1981 1982
0 0
1983 2437
1984 1985
0 0
1986 2434
1987 2433
1988 2432
1989 2429
1990 2427
1991 1992
0 0
1993 2424
1994 2208
1995 2207
1996 2206
1997 2205
1998 2204
1999 2202
2000 2201
2001 2199
2002 2003
0 0
2004 2006
2005 0
0 0
2007 2196
2008 2194
2009 2192
2010 0
2011 2190
2012 2189
2013 2186
2014 2184
2015 2016
0 0
2017 2183
2018 2180
2019 2179
2020 2177
2021 2023
2022 0
0 0
2024 2025
0 0
2026 2176
2027 2029
2028 0
0 0
2030 2032
2031 0
0 0
2033 2175
2034 2035
0 0
2036 2038
2037 0
0 0
2039 2172
2040 2042
2041 0
0 0
2043 2045
2044 0
0 0
2046 2171
2047 2049
2048 0
0 0
2050 2051
0 0
2052 2168
2053 2166
2054 2056
2055 0
0 0
2057 2058
0 0
2059 2060
0 0
2061 2062
0 0
2063 2163
2064 0
2065 0
2066 2067
0 0
2068 2069
0 0
2070 2161
2071 2073
2072 0
0 0
2074 2159
2075 2158
2076 2157
2077 2079
2078 0
0 0
2080 2082
2081 0
0 0
2083 2085
2084 0
0 0
2086 2154
2087 2088
0 0
2089 2151
2090 2149
2091 2092
0 0
2093 2095
2094 0
0 0
2096 2097
0 0
2098 2147
2099 2101
2100 0
0 0
2102 2103
0 0
2104 2145
2105 2107
2106 0
0 0
2108 2143
2109 2142
2110 2111
0 0
2112 2140
2113 2115
2114 0
0 0
2116 2139
2117 2137
2118 2135
2119 2132
2120 0
2121 2131
2122 2124
2123 0
0 0
2125 2126
0 0
2127 2129
2128 0
0 0
2130 0
0 0
0 0
2133 0
2134 0
0 0
2136 0
0 0
2138 0
0 0
0 0
2141 0
0 0
0 0
2144 0
0 0
2146 0
0 0
2148 0
0 0
2150 0
0 0
2152 2153
0 0
0 0
2155 2156
0 0
0 0
0 0
0 0
2160 0
0 0
2162 0
0 0
2164 0
2165 0
0 0
2167 0
0 0
2169 0
2170 0
0 0
0 0
2173 2174
0 0
0 0
0 0
0 0
2178 0
0 0
0 0
2181 0
2182 0
0 0
0 0
2185 0
0 0
2187 0
2188 0
0 0
0 0
2191 0
0 0
2193 0
0 0
2195 0
0 0
2197 0
2198 0
0 0
2200 0
0 0
0 0
2203 0
0 0
0 0
0 0
0 0
0 0
2209 2210
0 0
2211 2423
2212 2422
2213 0
2214 2215
0 0
2216 2217
0 0
2218 2420
2219 2418
2220 2222
2221 0
0 0
2223 2416
2224 2415
2225 2227
2226 0
0 0
2228 0
2229 2230
0 0
2231 2233
2232 0
0 0
2234 2412
2235 2411
2236 2409
2237 2406
2238 2405
2239 0
2240 0
2241 2404
2242 2401
2243 0
2244 2399
2245 2246
0 0
2247 2398
2248 2249
0 0
2250 2396
2251 2394
2252 2253
0 0
2254 2393
2255 2392
2256 0
2257 0
2258 0
2259 2261
2260 0
0 0
2262 2391
2263 2389
2264 2266
2265 0
0 0
2267 2268
0 0
2269 2271
2270 0
0 0
2272 2274
2273 0
0 0
2275 0
2276 2386
2277 2385
2278 2279
0 0
2280 2383
2281 2282
0 0
2283 2381
2284 2380
2285 2286
0 0
2287 0
2288 2378
2289 2376
2290 2332
2291 2330
2292 2327
2293 2294
0 0
2295 2297
2296 0
0 0
2298 2325
2299 2300
0 0
2301 2323
2302 2304
2303 0
0 0
2305 2307
2306 0
0 0
2308 2310
2309 0
0 0
2311 0
2312 2314
2313 0
0 0
2315 2317
2316 0
0 0
2318 2319
0 0
2320 2322
2321 0
0 0
0 0
2324 0
0 0
2326 0
0 0
2328 0
2329 0
0 0
2331 0
0 0
2333 0
2334 2336
2335 0
0 0
2337 2339
2338 0
0 0
2340 0
2341 2374
2342 0
2343 0
2344 2346
2345 0
0 0
2347 2372
2348 2371
2349 2370
2350 2367
2351 2364
2352 2353
0 0
2354 2363
2355 2356
0 0
2357 0
2358 2360
2359 0
0 0
2361 0
2362 0
0 0
0 0
2365 0
2366 0
0 0
2368 0
2369 0
0 0
0 0
0 0
2373 0
0 0
2375 0
0 0
2377 0
0 0
2379 0
0 0
0 0
2382 0
0 0
2384 0
0 0
0 0
2387 0
2388 0
0 0
2390 0
0 0
0 0
0 0
0 0
2395 0
0 0
2397 0
0 0
0 0
2400 0
0 0
2402 0
2403 0
0 0
0 0
0 0
2407 0
2408 0
0 0
2410 0
0 0
0 0
2413 0
2414 0
0 0
0 0
2417 0
0 0
2419 0
0 0
2421 0
0 0
0 0
0 0
2425 0
2426 0
0 0
2428 0
0 0
2430 0
2431 0
0 0
0 0
0 0
2435 0
2436 0
0 0
2438 0
2439 0
0 0
2441 2442
0 0
0 0
2444 0
0 0
2446 0
0 0
2448 0
0 0
2450 0
0 0
2452 0
0 0
2454 2455
0 0
0 0
2457 2458
0 0
0 0
2460 0
0 0
0 0
2463 0
0 0
2465 0
0 0
0 0
0 0
2469 0
0 0
2471 0
0 0
2473 0
2474 0
0 0
2476 0
2477 0
0 0
0 0
2480 0
0 0
2482 0
0 0
0 0
0 0
0 0
0 0
2488 0
0 0
2490 0
0 0
2492 0
2493 0
0 0
0 0
2496 2497
0 0
0 0
0 0
2500 0
0 0
2502 2503
0 0
0 0
0 0
0 0
2507 3746
2508 2509
0 0
2510 0
2511 0
2512 3744
2513 0
2514 3743
2515 2517
2516 0
0 0
2518 2520
2519 0
0 0
2521 3741
2522 2523
0 0
2524 2526
2525 0
0 0
2527 0
2528 2529
0 0
2530 3740
2531 3737
2532 0
2533 2535
2534 0
0 0
2536 3736
2537 0
2538 3136
2539 2541
2540 0
0 0
2542 3134
2543 3131
2544 2545
0 0
2546 0
2547 3130
2548 3129
2549 3126
2550 2837
2551 2834
2552 2831
2553 0
2554 2555
0 0
2556 2557
0 0
2558 0
2559 2829
2560 2828
2561 0
2562 2694
2563 2565
2564 0
0 0
2566 2691
2567 0
2568 2688
2569 2685
2570 2571
0 0
2572 0
2573 0
2574 2683
2575 2682
2576 2679
2577 2678
2578 0
2579 2581
2580 0
0 0
2582 2629
2583 2628
2584 2627
2585 2586
0 0
2587 2589
2588 0
0 0
2590 2592
2591 0
0 0
2593 0
2594 0
2595 2597
2596 0
0 0
2598 0
2599 2624
2600 2623
2601 2603
2602 0
0 0
2604 2606
2605 0
0 0
2607 2622
2608 2621
2609 2619
2610 2617
2611 2613
2612 0
0 0
2614 2615
0 0
2616 0
0 0
2618 0
0 0
2620 0
0 0
0 0
0 0
0 0
2625 0
2626 0
0 0
0 0
0 0
2630 2631
0 0
2632 2677
2633 2675
2634 2635
0 0
2636 2674
2637 2672
2638 2639
0 0
2640 2670
2641 2669
2642 0
2643 2668
2644 2665
2645 2647
2646 0
0 0
2648 2663
2649 0
2650 0
2651 2660
2652 2653
0 0
2654 2656
2655 0
0 0
2657 0
2658 0
2659 0
0 0
2661 0
2662 0
0 0
2664 0
0 0
2666 0
2667 0
0 0
0 0
0 0
2671 0
0 0
2673 0
0 0
0 0
2676 0
0 0
0 0
0 0
2680 2681
0 0
0 0
0 0
2684 0
0 0
2686 0
2687 0
0 0
2689 0
2690 0
0 0
2692 0
2693 0
0 0
2695 0
2696 2827
2697 2699
2698 0
0 0
2700 2824
2701 2702
0 0
2703 2822
2704 2706
2705 0
0 0
2707 2709
2708 0
0 0
2710 2821
2711 2713
2712 0
0 0
2714 2715
0 0
2716 2819
2717 0
2718 2816
2719 2815
2720 2814
2721 2723
2722 0
0 0
2724 2811
2725 2726
0 0
2727 2809
2728 2807
2729 2805
2730 2732
2731 0
0 0
2733 2734
0 0
2735 0
2736 2802
2737 2739
2738 0
0 0
2740 2801
2741 2799
2742 2796
2743 0
2744 2745
0 0
2746 2794
2747 2792
2748 2791
2749 2788
2750 2752
2751 0
0 0
2753 2786
2754 2756
2755 0
0 0
2757 0
2758 2784
2759 2781
2760 2779
2761 2776
2762 2774
2763 0
2764 0
2765 2767
2766 0
0 0
2768 2769
0 0
2770 2773
2771 2772
0 0
0 0
0 0
2775 0
0 0
2777 0
2778 0
0 0
2780 0
0 0
2782 2783
0 0
0 0
2785 0
0 0
2787 0
0 0
2789 0
2790 0
0 0
0 0
2793 0
0 0
2795 0
0 0
2797 0
2798 0
0 0
2800 0
0 0
0 0
2803 0
2804 0
0 0
2806 0
0 0
2808 0
0 0
2810 0
0 0
2812 0
2813 0
0 0
0 0
0 0
2817 2818
0 0
0 0
2820 0
0 0
0 0
2823 0
0 0
2825 0
2826 0
0 0
0 0
0 0
2830 0
0 0
2832 0
2833 0
0 0
2835 0
2836 0
0 0
2838 0
2839 2840
0 0
2841 2843
2842 0
0 0
2844 0
2845 3124
2846 2984
2847 0
2848 2915
2849 2851
2850 0
0 0
2852 2854
2853 0
0 0
2855 2856
0 0
2857 2859
2858 0
0 0
2860 2861
0 0
2862 2913
2863 2910
2864 2865
0 0
2866 2909
2867 0
2868 2907
2869 2904
2870 2901
2871 2899
2872 2898
2873 2875
2874 0
0 0
2876 2895
2877 2879
2878 0
0 0
2880 2882
2881 0
0 0
2883 2885
2884 0
0 0
2886 2893
2887 2891
2888 0
2889 2890
0 0
0 0
2892 0
0 0
2894 0
0 0
2896 2897
0 0
0 0
0 0
2900 0
0 0
2902 2903
0 0
0 0
2905 0
2906 0
0 0
2908 0
0 0
0 0
2911 0
2912 0
0 0
2914 0
0 0
2916 2917
0 0
2918 2981
2919 2921
2920 0
0 0
2922 2978
2923 2977
2924 2976
2925 2926
0 0
2927 2973
2928 2930
2929 0
0 0
2931 0
2932 0
2933 0
2934 2936
2935 0
0 0
2937 2938
0 0
2939 2941
2940 0
0 0
2942 2943
0 0
2944 2946
2945 0
0 0
2947 0
2948 2970
2949 2969
2950 2967
2951 2964
2952 2953
0 0
2954 2961
2955 2959
2956 2958
2957 0
0 0
0 0
2960 0
0 0
2962 0
2963 0
0 0
2965 0
2966 0
0 0
2968 0
0 0
0 0
2971 2972
0 0
0 0
2974 0
2975 0
0 0
0 0
0 0
2979 0
2980 0
0 0
2982 2983
0 0
0 0
2985 2987
2986 0
0 0
2988 3121
2989 3119
2990 3118
2991 3117
2992 2993
0 0
2994 3114
2995 3113
2996 0
2997 3111
2998 3110
2999 0
3000 3002
3001 0
0 0
3003 3004
0 0
3005 0
3006 3008
3007 0
0 0
3009 3108
3010 3107
3011 3012
0 0
3013 3059
3014 3016
3015 0
0 0
3017 3018
0 0
3019 3056
3020 3054
3021 3022
0 0
3023 3038
3024 3026
3025 0
0 0
3027 3035
3028 3034
3029 0
3030 3032
3031 0
0 0
3033 0
0 0
0 0
3036 0
3037 0
0 0
3039 3052
3040 3041
0 0
3042 3043
0 0
3044 3050
3045 3047
3046 0
0 0
3048 0
3049 0
0 0
3051 0
0 0
3053 0
0 0
3055 0
0 0
3057 0
3058 0
0 0
3060 3106
3061 3062
0 0
3063 3105
3064 3103
3065 3101
3066 3100
3067 3099
3068 3096
3069 3093
3070 3090
3071 3088
3072 3073
0 0
3074 3086
3075 3076
0 0
3077 0
3078 0
3079 3081
3080 0
0 0
3082 3083
0 0
3084 3085
0 0
0 0
3087 0
0 0
3089 0
0 0
3091 0
3092 0
0 0
3094 0
3095 0
0 0
3097 0
3098 0
0 0
0 0
0 0
3102 0
0 0
3104 0
0 0
0 0
0 0
0 0
3109 0
0 0
0 0
3112 0
0 0
0 0
3115 3116
0 0
0 0
0 0
0 0
3120 0
0 0
3122 0
3123 0
0 0
3125 0
0 0
3127 0
3128 0
0 0
0 0
0 0
3132 0
3133 0
0 0
3135 0
0 0
3137 3138
0 0
3139 3141
3140 0
0 0
3142 0
3143 3144
0 0
3145 0
3146 3733
3147 3732
3148 3730
3149 3728
3150 0
3151 3725
3152 3153
0 0
3154 3723
3155 3722
3156 3720
3157 3717
3158 3159
0 0
3160 3162
3161 0
0 0
3163 3714
3164 3713
3165 3166
0 0
3167 3169
3168 0
0 0
3170 3711
3171 3708
3172 3705
3173 3702
3174 3699
3175 0
3176 0
3177 3697
3178 3180
3179 0
0 0
3181 3182
0 0
3183 0
3184 3185
0 0
3186 0
3187 3695
3188 0
3189 3693
3190 3690
3191 3192
0 0
3193 0
3194 3196
3195 0
0 0
3197 3198
0 0
3199 0
3200 3688
3201 3685
3202 0
3203 3205
3204 0
0 0
3206 3683
3207 3682
3208 3681
3209 3680
3210 3677
3211 3676
3212 3673
3213 0
3214 3215
0 0
3216 3670
3217 3218
0 0
3219 3220
0 0
3221 3222
0 0
3223 3225
3224 0
0 0
3226 3227
0 0
3228 3669
3229 0
3230 3231
0 0
3232 0
3233 3450
3234 3447
3235 0
3236 3446
3237 3238
0 0
3239 3443
3240 3241
0 0
3242 3441
3243 3244
0 0
3245 3247
3246 0
0 0
3248 3250
3249 0
0 0
3251 3440
3252 3437
3253 0
3254 3436
3255 3435
3256 3258
3257 0
0 0
3259 3261
3260 0
0 0
3262 0
3263 3432
3264 0
3265 3429
3266 3267
0 0
3268 0
3269 3348
3270 3345
3271 3272
0 0
3273 3274
0 0
3275 3277
3276 0
0 0
3278 3280
3279 0
0 0
3281 3342
3282 3339
3283 3337
3284 3285
0 0
3286 3288
3287 0
0 0
3289 3336
3290 3335
3291 3334
3292 3294
3293 0
0 0
3295 0
3296 0
3297 3331
3298 0
3299 3330
3300 3327
3301 3326
3302 3323
3303 0
3304 0
3305 3322
3306 3308
3307 0
0 0
3309 0
3310 3312
3311 0
0 0
3313 3320
3314 3318
3315 3317
3316 0
0 0
0 0
3319 0
0 0
3321 0
0 0
0 0
3324 0
3325 0
0 0
0 0
3328 0
3329 0
0 0
0 0
3332 0
3333 0
0 0
0 0
0 0
0 0
3338 0
0 0
3340 3341
0 0
0 0
3343 3344
0 0
0 0
3346 0
3347 0
0 0
3349 3350
0 0
3351 3353
3352 0
0 0
3354 3428
3355 3356
0 0
3357 3359
3358 0
0 0
3360 3362
3361 0
0 0
3363 3426
3364 3366
3365 0
0 0
3367 3423
3368 0
3369 3422
3370 3420
3371 3419
3372 3373
0 0
3374 3418
3375 3415
3376 0
3377 3379
3378 0
0 0
3380 3412
3381 3409
3382 3406
3383 3385
3384 0
0 0
3386 3387
0 0
3388 3405
3389 3396
3390 0
3391 3392
0 0
3393 0
3394 0
3395 0
0 0
3397 3399
3398 0
0 0
3400 3403
3401 3402
0 0
0 0
3404 0
0 0
0 0
3407 0
3408 0
0 0
3410 0
3411 0
0 0
3413 3414
0 0
0 0
3416 3417
0 0
0 0
0 0
0 0
3421 0
0 0
0 0
3424 0
3425 0
0 0
3427 0
0 0
0 0
3430 3431
0 0
0 0
3433 3434
0 0
0 0
0 0
0 0
3438 3439
0 0
0 0
0 0
3442 0
0 0
3444 3445
0 0
0 0
0 0
3448 3449
0 0
0 0
3451 0
3452 0
3453 3560
3454 3557
3455 3457
3456 0
0 0
3458 3460
3459 0
0 0
3461 0
3462 3556
3463 0
3464 3466
3465 0
0 0
3467 0
3468 0
3469 3555
3470 3552
3471 3550
3472 3474
3473 0
0 0
3475 0
3476 3478
3477 0
0 0
3479 0
3480 3482
3481 0
0 0
3483 3548
3484 3485
0 0
3486 0
3487 3547
3488 3490
3489 0
0 0
3491 0
3492 3545
3493 3542
3494 3540
3495 3537
3496 3534
3497 3531
3498 3529
3499 3527
3500 3501
0 0
3502 3524
3503 3522
3504 3506
3505 0
0 0
3507 3521
3508 3509
0 0
3510 0
3511 0
3512 3518
3513 3515
3514 0
0 0
3516 0
3517 0
0 0
3519 0
3520 0
0 0
0 0
3523 0
0 0
3525 3526
0 0
0 0
3528 0
0 0
3530 0
0 0
3532 0
3533 0
0 0
3535 0
3536 0
0 0
3538 3539
0 0
0 0
3541 0
0 0
3543 0
3544 0
0 0
3546 0
0 0
0 0
3549 0
0 0
3551 0
0 0
3553 0
3554 0
0 0
0 0
0 0
3558 0
3559 0
0 0
3561 3667
3562 3563
0 0
3564 0
3565 0
3566 3664
3567 3663
3568 0
3569 3570
0 0
3571 3616
3572 3615
3573 3575
3574 0
0 0
3576 3577
0 0
3578 3613
3579 3612
3580 3609
3581 3607
3582 3605
3583 3602
3584 3601
3585 3598
3586 3596
3587 0
3588 3594
3589 3592
3590 0
3591 0
0 0
3593 0
0 0
3595 0
0 0
3597 0
0 0
3599 0
3600 0
0 0
0 0
3603 3604
0 0
0 0
3606 0
0 0
3608 0
0 0
3610 0
3611 0
0 0
0 0
3614 0
0 0
0 0
3617 0
3618 3661
3619 3620
0 0
3621 3623
3622 0
0 0
3624 3660
3625 3626
0 0
3627 3629
3628 0
0 0
3630 3658
3631 3655
3632 3634
3633 0
0 0
3635 3652
3636 3638
3637 0
0 0
3639 3649
3640 3641
0 0
3642 0
3643 3646
3644 3645
0 0
0 0
3647 0
3648 0
0 0
3650 3651
0 0
0 0
3653 3654
0 0
0 0
3656 3657
0 0
0 0
3659 0
0 0
0 0
3662 0
0 0
0 0
3665 0
3666 0
0 0
3668 0
0 0
0 0
3671 0
3672 0
0 0
3674 3675
0 0
0 0
0 0
3678 3679
0 0
0 0
0 0
0 0
0 0
3684 0
0 0
3686 0
3687 0
0 0
3689 0
0 0
3691 3692
0 0
0 0
3694 0
0 0
3696 0
0 0
3698 0
0 0
3700 0
3701 0
0 0
3703 3704
0 0
0 0
3706 0
3707 0
0 0
3709 0
3710 0
0 0
3712 0
0 0
0 0
3715 0
3716 0
0 0
3718 0
3719 0
0 0
3721 0
0 0
0 0
3724 0
0 0
3726 0
3727 0
0 0
3729 0
0 0
3731 0
0 0
0 0
3734 0
3735 0
0 0
0 0
3738 0
3739 0
0 0
0 0
3742 0
0 0
0 0
3745 0
0 0
3747 0
3748 3749
0 0
3750 3752
3751 0
0 0
3753 4985
3754 4983
3755 3757
3756 0
0 0
3758 4981
3759 3761
3760 0
0 0
3762 4980
3763 0
3764 4978
3765 4975
3766 0
3767 3769
3768 0
0 0
3770 0
3771 4972
3772 0
3773 4969
3774 4966
3775 4964
3776 4963
3777 0
3778 4962
3779 4961
3780 3781
0 0
3782 3783
0 0
3784 3786
3785 0
0 0
3787 4958
3788 0
3789 4957
3790 4954
3791 4952
3792 4949
3793 4947
3794 4945
3795 0
3796 4943
3797 4941
3798 3799
0 0
3800 4938
3801 4936
3802 4934
3803 3805
3804 0
0 0
3806 3807
0 0
3808 0
3809 4931
3810 4929
3811 4928
3812 4927
3813 4925
3814 0
3815 4923
3816 3817
0 0
3818 3819
0 0
3820 0
3821 3822
0 0
3823 4922
3824 3826
3825 0
0 0
3827 4920
3828 4917
3829 4915
3830 4914
3831 3832
0 0
3833 4912
3834 4909
3835 3836
0 0
3837 0
3838 4908
3839 4907
3840 4906
3841 4903
3842 4902
3843 4901
3844 3845
0 0
3846 4373
3847 0
3848 4370
3849 4367
3850 3851
0 0
3852 4366
3853 4364
3854 4361
3855 4358
3856 4357
3857 0
3858 4354
3859 3860
0 0
3861 4351
3862 4349
3863 3864
0 0
3865 0
3866 4347
3867 0
3868 3869
0 0
3870 0
3871 3873
3872 0
0 0
3874 4344
3875 3877
3876 0
0 0
3878 4343
3879 4341
3880 4340
3881 4337
3882 4335
3883 3885
3884 0
0 0
3886 4334
3887 4333
3888 4330
3889 3891
3890 0
0 0
3892 4110
3893 3895
3894 0
0 0
3896 3898
3897 0
0 0
3899 0
3900 4108
3901 4107
3902 0
3903 4104
3904 3906
3905 0
0 0
3907 3909
3908 0
0 0
3910 0
3911 0
3912 0
3913 0
3914 3916
3915 0
0 0
3917 4102
3918 4099
3919 0
3920 4098
3921 3923
3922 0
0 0
3924 3925
0 0
3926 3927
0 0
3928 3930
3929 0
0 0
3931 4014
3932 4011
3933 4010
3934 0
3935 3937
3936 0
0 0
3938 4008
3939 0
3940 4005
3941 4002
3942 0
3943 4000
3944 3997
3945 0
3946 3994
3947 3970
3948 3969
3949 3951
3950 0
0 0
3952 3954
3953 0
0 0
3955 3968
3956 3958
3957 0
0 0
3959 3966
3960 3964
3961 3963
3962 0
0 0
0 0
3965 0
0 0
3967 0
0 0
0 0
0 0
3971 3972
0 0
3973 3993
3974 3990
3975 3987
3976 0
3977 3985
3978 3984
3979 3981
3980 0
0 0
3982 3983
0 0
0 0
0 0
3986 0
0 0
3988 3989
0 0
0 0
3991 0
3992 0
0 0
0 0
3995 3996
0 0
0 0
3998 0
3999 0
0 0
4001 0
0 0
4003 0
4004 0
0 0
4006 4007
0 0
0 0
4009 0
0 0
0 0
4012 4013
0 0
0 0
4015 4017
4016 0
0 0
4018 4019
0 0
4020 0
4021 4096
4022 4023
0 0
4024 0
4025 0
4026 4028
4027 0
0 0
4029 0
4030 4032
4031 0
0 0
4033 4095
4034 0
4035 4036
0 0
4037 4094
4038 4092
4039 0
4040 4041
0 0
4042 0
4043 0
4044 4045
0 0
4046 0
4047 4090
4048 4088
4049 4051
4050 0
0 0
4052 4054
4053 0
0 0
4055 4056
0 0
4057 4087
4058 4059
0 0
4060 4084
4061 0
4062 4064
4063 0
0 0
4065 4067
4066 0
0 0
4068 4070
4069 0
0 0
4071 4082
4072 4073
0 0
4074 4080
4075 4076
0 0
4077 4078
0 0
4079 0
0 0
4081 0
0 0
4083 0
0 0
4085 0
4086 0
0 0
0 0
4089 0
0 0
4091 0
0 0
4093 0
0 0
0 0
0 0
4097 0
0 0
0 0
4100 0
4101 0
0 0
4103 0
0 0
4105 4106
0 0
0 0
0 0
4109 0
0 0
4111 0
4112 4327
4113 4114
0 0
4115 4117
4116 0
0 0
4118 0
4119 4325
4120 0
4121 0
4122 0
4123 4324
4124 0
4125 4322
4126 0
4127 4319
4128 4317
4129 4314
4130 4311
4131 4310
4132 4309
4133 4307
4134 0
4135 4136
0 0
4137 4306
4138 4140
4139 0
0 0
4141 4303
4142 4143
0 0
4144 4146
4145 0
0 0
4147 4148
0 0
4149 4151
4150 0
0 0
4152 4301
4153 4300
4154 4298
4155 4157
4156 0
0 0
4158 4160
4159 0
0 0
4161 4297
4162 4296
4163 0
4164 4165
0 0
4166 4167
0 0
4168 4170
4169 0
0 0
4171 4172
0 0
4173 4294
4174 4176
4175 0
0 0
4177 4291
4178 4180
4179 0
0 0
4181 4183
4182 0
0 0
4184 4289
4185 0
4186 0
4187 4288
4188 0
4189 0
4190 4286
4191 4284
4192 4282
4193 4281
4194 4195
0 0
4196 4280
4197 4279
4198 4199
0 0
4200 4202
4201 0
0 0
4203 4204
0 0
4205 4278
4206 4275
4207 4273
4208 4209
0 0
4210 0
4211 4272
4212 4213
0 0
4214 4216
4215 0
0 0
4217 4269
4218 4266
4219 4263
4220 0
4221 4261
4222 0
4223 4260
4224 4225
0 0
4226 4258
4227 4257
4228 4254
4229 4231
4230 0
0 0
4232 0
4233 4235
4234 0
0 0
4236 4251
4237 4239
4238 0
0 0
4240 4250
4241 4247
4242 4244
4243 0
0 0
4245 4246
0 0
0 0
4248 0
4249 0
0 0
0 0
4252 4253
0 0
0 0
4255 4256
0 0
0 0
0 0
4259 0
0 0
0 0
4262 0
0 0
4264 4265
0 0
0 0
4267 0
4268 0
0 0
4270 0
4271 0
0 0
0 0
4274 0
0 0
4276 4277
0 0
0 0
0 0
0 0
0 0
0 0
4283 0
0 0
4285 0
0 0
4287 0
0 0
0 0
4290 0
0 0
4292 4293
0 0
0 0
4295 0
0 0
0 0
0 0
4299 0
0 0
0 0
4302 0
0 0
4304 4305
0 0
0 0
0 0
4308 0
0 0
0 0
0 0
4312 0
4313 0
0 0
4315 0
4316 0
0 0
4318 0
0 0
4320 0
4321 0
0 0
4323 0
0 0
0 0
4326 0
0 0
4328 4329
0 0
0 0
4331 0
4332 0
0 0
0 0
0 0
4336 0
0 0
4338 4339
0 0
0 0
0 0
4342 0
0 0
0 0
4345 4346
0 0
0 0
4348 0
0 0
4350 0
0 0
4352 4353
0 0
0 0
4355 0
4356 0
0 0
0 0
4359 4360
0 0
0 0
4362 0
4363 0
0 0
4365 0
0 0
0 0
4368 4369
0 0
0 0
4371 0
4372 0
0 0
4374 4899
4375 4896
4376 4893
4377 4892
4378 0
4379 4889
4380 4887
4381 4884
4382 4881
4383 4385
4384 0
0 0
4386 4880
4387 4388
0 0
4389 0
4390 4391
0 0
4392 4878
4393 4395
4394 0
0 0
4396 4877
4397 0
4398 0
4399 4876
4400 4875
4401 4402
0 0
4403 4873
4404 4871
4405 4406
0 0
4407 4408
0 0
4409 4410
0 0
4411 4412
0 0
4413 0
4414 4870
4415 4869
4416 4868
4417 0
4418 0
4419 4866
4420 4864
4421 4422
0 0
4423 4861
4424 4858
4425 4856
4426 4428
4427 0
0 0
4429 4855
4430 4431
0 0
4432 4433
0 0
4434 4436
4435 0
0 0
4437 4853
4438 4851
4439 4848
4440 4441
0 0
4442 4443
0 0
4444 4846
4445 0
4446 0
4447 4845
4448 0
4449 4842
4450 4451
0 0
4452 4454
4453 0
0 0
4455 4457
4456 0
0 0
4458 4841
4459 4460
0 0
4461 4840
4462 4463
0 0
4464 4839
4465 4837
4466 4835
4467 4832
4468 4469
0 0
4470 4829
4471 4472
0 0
4473 4475
4474 0
0 0
4476 0
4477 4478
0 0
4479 4828
4480 0
4481 0
4482 4483
0 0
4484 4826
4485 4486
0 0
4487 4823
4488 4822
4489 4491
4490 0
0 0
4492 4819
4493 4816
4494 4815
4495 4814
4496 4498
4497 0
0 0
4499 4811
4500 4502
4501 0
0 0
4503 4504
0 0
4505 4809
4506 0
4507 0
4508 4510
4509 0
0 0
4511 0
4512 4808
4513 4806
4514 4804
4515 0
4516 4803
4517 4800
4518 4798
4519 4521
4520 0
0 0
4522 4524
4523 0
0 0
4525 4797
4526 4527
0 0
4528 0
4529 4796
4530 4531
0 0
4532 0
4533 4793
4534 0
4535 0
4536 0
4537 4538
0 0
4539 4541
4540 0
0 0
4542 4792
4543 4789
4544 4788
4545 4787
4546 0
4547 4548
0 0
4549 4785
4550 4783
4551 4782
4552 4554
4553 0
0 0
4555 0
4556 4557
0 0
4558 4780
4559 4779
4560 0
4561 0
4562 4778
4563 4777
4564 4776
4565 4567
4566 0
0 0
4568 4671
4569 0
4570 0
4571 4670
4572 4573
0 0
4574 4669
4575 4667
4576 4578
4577 0
0 0
4579 4665
4580 4664
4581 0
4582 4661
4583 4585
4584 0
0 0
4586 4587
0 0
4588 0
4589 4659
4590 4657
4591 4655
4592 4593
0 0
4594 4596
4595 0
0 0
4597 4599
4598 0
0 0
4600 0
4601 0
4602 4653
4603 0
4604 4606
4605 0
0 0
4607 4609
4608 0
0 0
4610 4652
4611 4650
4612 4647
4613 4614
0 0
4615 4644
4616 4641
4617 4618
0 0
4619 4640
4620 4622
4621 0
0 0
4623 4637
4624 0
4625 4627
4626 0
0 0
4628 4630
4629 0
0 0
4631 0
4632 4634
4633 0
0 0
4635 0
4636 0
0 0
4638 0
4639 0
0 0
0 0
4642 0
4643 0
0 0
4645 4646
0 0
0 0
4648 0
4649 0
0 0
4651 0
0 0
0 0
4654 0
0 0
4656 0
0 0
4658 0
0 0
4660 0
0 0
4662 4663
0 0
0 0
0 0
4666 0
0 0
4668 0
0 0
0 0
0 0
4672 4775
4673 0
4674 4676
4675 0
0 0
4677 0
4678 0
4679 0
4680 4772
4681 0
4682 4771
4683 4769
4684 4766
4685 4687
4686 0
0 0
4688 4764
4689 0
4690 4763
4691 4692
0 0
4693 4694
0 0
4695 4760
4696 4698
4697 0
0 0
4699 4700
0 0
4701 4759
4702 4757
4703 0
4704 4705
0 0
4706 4708
4707 0
0 0
4709 4711
4710 0
0 0
4712 4713
0 0
4714 0
4715 4717
4716 0
0 0
4718 4719
0 0
4720 0
4721 4722
0 0
4723 0
4724 4756
4725 0
4726 4727
0 0
4728 4753
4729 0
4730 4750
4731 4749
4732 4734
4733 0
0 0
4735 4747
4736 4737
0 0
4738 4745
4739 0
4740 0
4741 4743
4742 0
0 0
4744 0
0 0
4746 0
0 0
4748 0
0 0
0 0
4751 0
4752 0
0 0
4754 4755
0 0
0 0
0 0
4758 0
0 0
0 0
4761 0
4762 0
0 0
0 0
4765 0
0 0
4767 4768
0 0
0 0
4770 0
0 0
0 0
4773 4774
0 0
0 0
0 0
0 0
0 0
0 0
0 0
4781 0
0 0
0 0
4784 0
0 0
4786 0
0 0
0 0
0 0
4790 4791
0 0
0 0
0 0
4794 4795
0 0
0 0
0 0
0 0
4799 0
0 0
4801 0
4802 0
0 0
0 0
4805 0
0 0
4807 0
0 0
0 0
4810 0
0 0
4812 4813
0 0
0 0
0 0
0 0
4817 0
4818 0
0 0
4820 0
4821 0
0 0
0 0
4824 4825
0 0
0 0
4827 0
0 0
0 0
4830 0
4831 0
0 0
4833 4834
0 0
0 0
4836 0
0 0
4838 0
0 0
0 0
0 0
0 0
4843 0
4844 0
0 0
0 0
4847 0
0 0
4849 0
4850 0
0 0
4852 0
0 0
4854 0
0 0
0 0
4857 0
0 0
4859 4860
0 0
0 0
4862 0
4863 0
0 0
4865 0
0 0
4867 0
0 0
0 0
0 0
0 0
4872 0
0 0
4874 0
0 0
0 0
0 0
0 0
4879 0
0 0
0 0
4882 0
4883 0
0 0
4885 0
4886 0
0 0
4888 0
0 0
4890 4891
0 0
0 0
0 0
4894 4895
0 0
0 0
4897 0
4898 0
0 0
4900 0
0 0
0 0
0 0
4904 0
4905 0
0 0
0 0
0 0
0 0
4910 0
4911 0
0 0
4913 0
0 0
0 0
4916 0
0 0
4918 4919
0 0
0 0
4921 0
0 0
0 0
4924 0
0 0
4926 0
0 0
0 0
0 0
4930 0
0 0
4932 4933
0 0
0 0
4935 0
0 0
4937 0
0 0
4939 4940
0 0
0 0
4942 0
0 0
4944 0
0 0
4946 0
0 0
4948 0
0 0
4950 0
4951 0
0 0
4953 0
0 0
4955 4956
0 0
0 0
0 0
4959 0
4960 0
0 0
0 0
0 0
0 0
4965 0
0 0
4967 0
4968 0
0 0
4970 4971
0 0
0 0
4973 4974
0 0
0 0
4976 0
4977 0
0 0
4979 0
0 0
0 0
4982 0
0 0
4984 0
0 0
4986 0
0 0
4988 0
0 0
4990 4991
0 0
0 0
0 0
4994 4995
0 0
0 0
4997 0
4998 0
0 0
0 0
5001 0
0 0
5003 9997
5004 9996
5005 5006
0 0
5007 9994
5008 9993
5009 9992
5010 5012
5011 0
0 0
5013 9990
5014 5016
5015 0
0 0
5017 9989
5018 5020
5019 0
0 0
5021 9988
5022 9986
5023 0
5024 0
5025 0
5026 9984
5027 0
5028 9982
5029 5030
0 0
5031 5032
0 0
5033 9981
5034 9980
5035 5037
5036 0
0 0
5038 9979
5039 9978
5040 9976
5041 5042
0 0
5043 9974
5044 5046
5045 0
0 0
5047 7510
5048 0
5049 6279
5050 6278
5051 6276
5052 0
5053 6275
5054 5056
5055 0
0 0
5057 5059
5058 0
0 0
5060 5062
5061 0
0 0
5063 5064
0 0
5065 6274
5066 5067
0 0
5068 6273
5069 6270
5070 6269
5071 6268
5072 0
5073 6267
5074 5075
0 0
5076 5077
0 0
5078 6265
5079 6263
5080 6262
5081 5082
0 0
5083 6259
5084 5671
5085 5086
0 0
5087 0
5088 5670
5089 5667
5090 5665
5091 5663
5092 5377
5093 5095
5094 0
0 0
5096 5375
5097 5099
5098 0
0 0
5100 5374
5101 5102
0 0
5103 5371
5104 5106
5105 0
0 0
5107 5369
5108 5368
5109 0
5110 5367
5111 5364
5112 5237
5113 5114
0 0
5115 5236
5116 5234
5117 5118
0 0
5119 5120
0 0
5121 5232
5122 5229
5123 5226
5124 5125
0 0
5126 5225
5127 5222
5128 5129
0 0
5130 0
5131 5220
5132 5217
5133 5135
5134 0
0 0
5136 0
5137 0
5138 5215
5139 0
5140 5142
5141 0
0 0
5143 5145
5144 0
0 0
5146 5213
5147 5212
5148 5209
5149 5206
5150 5204
5151 5203
5152 5153
0 0
5154 5202
5155 5200
5156 5157
0 0
5158 5198
5159 5195
5160 5192
5161 0
5162 5191
5163 5188
5164 5186
5165 0
5166 5185
5167 5182
5168 5180
5169 0
5170 5178
5171 5174
5172 5173
0 0
0 0
5175 5177
5176 0
0 0
0 0
5179 0
0 0
5181 0
0 0
5183 5184
0 0
0 0
0 0
5187 0
0 0
5189 0
5190 0
0 0
0 0
5193 5194
0 0
0 0
5196 5197
0 0
0 0
5199 0
0 0
5201 0
0 0
0 0
0 0
5205 0
0 0
5207 0
5208 0
0 0
5210 5211
0 0
0 0
0 0
5214 0
0 0
5216 0
0 0
5218 5219
0 0
0 0
5221 0
0 0
5223 5224
0 0
0 0
0 0
5227 0
5228 0
0 0
5230 0
5231 0
0 0
5233 0
0 0
5235 0
0 0
0 0
5238 5240
5239 0
0 0
5241 5362
5242 5360
5243 5244
0 0
5245 5246
0 0
5247 5249
5248 0
0 0
5250 0
5251 5253
5252 0
0 0
5254 0
5255 0
5256 5359
5257 5356
5258 5259
0 0
5260 5353
5261 5263
5262 0
0 0
5264 5266
5265 0
0 0
5267 5268
0 0
5269 5350
5270 5348
5271 5273
5272 0
0 0
5274 5346
5275 5345
5276 5343
5277 5278
0 0
5279 5341
5280 5281
0 0
5282 5283
0 0
5284 0
5285 5340
5286 5288
5287 0
0 0
5289 0
5290 5292
5291 0
0 0
5293 5337
5294 5336
5295 5334
5296 5298
5297 0
0 0
5299 5332
5300 5302
5301 0
0 0
5303 5305
5304 0
0 0
5306 5307
0 0
5308 0
5309 5310
0 0
5311 0
5312 5313
0 0
5314 5331
5315 5328
5316 5326
5317 5325
5318 5323
5319 5320
0 0
5321 5322
0 0
0 0
5324 0
0 0
0 0
5327 0
0 0
5329 0
5330 0
0 0
0 0
5333 0
0 0
5335 0
0 0
0 0
5338 0
5339 0
0 0
0 0
5342 0
0 0
5344 0
0 0
0 0
5347 0
0 0
5349 0
0 0
5351 5352
0 0
0 0
5354 5355
0 0
0 0
5357 0
5358 0
0 0
0 0
5361 0
0 0
5363 0
0 0
5365 5366
0 0
0 0
0 0
0 0
5370 0
0 0
5372 0
5373 0
0 0
0 0
5376 0
0 0
5378 5662
5379 5660
5380 5381
0 0
5382 0
5383 5385
5384 0
0 0
5386 5657
5387 0
5388 5655
5389 5653
5390 0
5391 5650
5392 0
5393 5649
5394 0
5395 5647
5396 0
5397 5645
5398 5643
5399 0
5400 5401
0 0
5402 5641
5403 0
5404 5639
5405 0
5406 5407
0 0
5408 5409
0 0
5410 5411
0 0
5412 5638
5413 0
5414 5635
5415 5632
5416 5523
5417 5418
0 0
5419 5520
5420 5422
5421 0
0 0
5423 5425
5424 0
0 0
5426 0
5427 5518
5428 5515
5429 5512
5430 5431
0 0
5432 5433
0 0
5434 5436
5435 0
0 0
5437 5509
5438 5506
5439 5503
5440 5442
5441 0
0 0
5443 5445
5444 0
0 0
5446 5500
5447 0
5448 5499
5449 5496
5450 5451
0 0
5452 0
5453 5495
5454 5456
5455 0
0 0
5457 5492
5458 5490
5459 5488
5460 0
5461 5487
5462 5486
5463 5484
5464 5465
0 0
5466 5483
5467 5468
0 0
5469 5482
5470 5479
5471 5473
5472 0
0 0
5474 0
5475 5477
5476 0
0 0
5478 0
0 0
5480 5481
0 0
0 0
0 0
0 0
5485 0
0 0
0 0
0 0
5489 0
0 0
5491 0
0 0
5493 0
5494 0
0 0
0 0
5497 5498
0 0
0 0
0 0
5501 5502
0 0
0 0
5504 5505
0 0
0 0
5507 0
5508 0
0 0
5510 0
5511 0
0 0
5513 0
5514 0
0 0
5516 5517
0 0
0 0
5519 0
0 0
5521 0
5522 0
0 0
5524 5629
5525 5626
5526 0
5527 5528
0 0
5529 5531
5530 0
0 0
5532 5624
5533 5535
5534 0
0 0
5536 5621
5537 5538
0 0
5539 5540
0 0
5541 0
5542 5581
5543 0
5544 5545
0 0
5546 5548
5547 0
0 0
5549 0
5550 5551
0 0
5552 5554
5553 0
0 0
5555 5579
5556 5576
5557 5559
5558 0
0 0
5560 5575
5561 5572
5562 5564
5563 0
0 0
5565 5566
0 0
5567 5568
0 0
5569 5571
5570 0
0 0
0 0
5573 5574
0 0
0 0
0 0
5577 5578
0 0
0 0
5580 0
0 0
5582 5584
5583 0
0 0
5585 5618
5586 0
5587 5617
5588 5589
0 0
5590 0
5591 5616
5592 0
5593 5594
0 0
5595 5597
5596 0
0 0
5598 5615
5599 0
5600 5601
0 0
5602 0
5603 5613
5604 5610
5605 0
5606 5608
5607 0
0 0
5609 0
0 0
5611 5612
0 0
0 0
5614 0
0 0
0 0
0 0
0 0
5619 0
5620 0
0 0
5622 0
5623 0
0 0
5625 0
0 0
5627 0
5628 0
0 0
5630 5631
0 0
0 0
5633 0
5634 0
0 0
5636 0
5637 0
0 0
0 0
5640 0
0 0
5642 0
0 0
5644 0
0 0
5646 0
0 0
5648 0
0 0
0 0
5651 0
5652 0
0 0
5654 0
0 0
5656 0
0 0
5658 5659
0 0
0 0
5661 0
0 0
0 0
5664 0
0 0
5666 0
0 0
5668 5669
0 0
0 0
0 0
5672 6256
5673 5675
5674 0
0 0
5676 6255
5677 6252
5678 6249
5679 6247
5680 5682
5681 0
0 0
5683 0
5684 5685
0 0
5686 6245
5687 6243
5688 5689
0 0
5690 0
5691 6240
5692 5694
5693 0
0 0
5695 6237
5696 5697
0 0
5698 5700
5699 0
0 0
5701 5703
5702 0
0 0
5704 5706
5705 0
0 0
5707 6235
5708 6233
5709 5710
0 0
5711 5713
5712 0
0 0
5714 5715
0 0
5716 5718
5717 0
0 0
5719 6230
5720 6227
5721 6224
5722 0
5723 6221
5724 6218
5725 6215
5726 0
5727 6212
5728 6211
5729 5731
5730 0
0 0
5732 0
5733 6209
5734 6207
5735 6206
5736 0
5737 6205
5738 5739
0 0
5740 6202
5741 6201
5742 0
5743 6198
5744 5746
5745 0
0 0
5747 0
5748 6196
5749 6193
5750 6192
5751 0
5752 5753
0 0
5754 5755
0 0
5756 5757
0 0
5758 5759
0 0
5760 5975
5761 5972
5762 5971
5763 5866
5764 5863
5765 5862
5766 0
5767 5861
5768 5769
0 0
5770 5772
5771 0
0 0
5773 5775
5774 0
0 0
5776 0
5777 5860
5778 5779
0 0
5780 5858
5781 0
5782 5855
5783 5853
5784 5850
5785 5787
5786 0
0 0
5788 5789
0 0
5790 5848
5791 0
5792 0
5793 0
5794 5846
5795 5844
5796 5843
5797 5840
5798 5799
0 0
5800 5801
0 0
5802 5838
5803 5805
5804 0
0 0
5806 5807
0 0
5808 5837
5809 5810
0 0
5811 5812
0 0
5813 5815
5814 0
0 0
5816 5818
5817 0
0 0
5819 5821
5820 0
0 0
5822 5835
5823 5833
5824 5830
5825 5827
5826 0
0 0
5828 0
5829 0
0 0
5831 0
5832 0
0 0
5834 0
0 0
5836 0
0 0
0 0
5839 0
0 0
5841 0
5842 0
0 0
0 0
5845 0
0 0
5847 0
0 0
5849 0
0 0
5851 0
5852 0
0 0
5854 0
0 0
5856 0
5857 0
0 0
5859 0
0 0
0 0
0 0
0 0
5864 5865
0 0
0 0
5867 5869
5868 0
0 0
5870 5970
5871 5967
5872 5874
5873 0
0 0
5875 5966
5876 5878
5877 0
0 0
5879 5963
5880 5962
5881 5882
0 0
5883 0
5884 5960
5885 5886
0 0
5887 5888
0 0
5889 5957
5890 0
5891 5955
5892 0
5893 5953
5894 5952
5895 5951
5896 0
5897 5899
5898 0
0 0
5900 5902
5901 0
0 0
5903 5948
5904 5945
5905 5943
5906 5907
0 0
5908 5942
5909 5939
5910 5912
5911 0
0 0
5913 5937
5914 5915
0 0
5916 5918
5917 0
0 0
5919 5920
0 0
5921 5922
0 0
5923 5925
5924 0
0 0
5926 0
5927 5929
5928 0
0 0
5930 5932
5931 0
0 0
5933 5936
5934 0
5935 0
0 0
0 0
5938 0
0 0
5940 5941
0 0
0 0
0 0
5944 0
0 0
5946 5947
0 0
0 0
5949 5950
0 0
0 0
0 0
0 0
5954 0
0 0
5956 0
0 0
5958 5959
0 0
0 0
5961 0
0 0
0 0
5964 0
5965 0
0 0
0 0
5968 0
5969 0
0 0
0 0
0 0
5973 0
5974 0
0 0
5976 0
5977 5979
5978 0
0 0
5980 0
5981 5982
0 0
5983 5984
0 0
5985 0
5986 5988
5987 0
0 0
5989 5990
0 0
5991 6191
5992 6190
5993 5995
5994 0
0 0
5996 5997
0 0
5998 6000
5999 0
0 0
6001 6187
6002 6184
6003 6183
6004 6182
6005 6007
6006 0
0 0
6008 6009
0 0
6010 0
6011 0
6012 6180
6013 6179
6014 6016
6015 0
0 0
6017 6019
6018 0
0 0
6020 6022
6021 0
0 0
6023 6176
6024 6175
6025 6173
6026 0
6027 6172
6028 6169
6029 6167
6030 6166
6031 6032
0 0
6033 6163
6034 6035
0 0
6036 6038
6037 0
0 0
6039 6041
6040 0
0 0
6042 6043
0 0
6044 6160
6045 6158
6046 6155
6047 6153
6048 6151
6049 6149
6050 6148
6051 0
6052 6053
0 0
6054 6147
6055 6144
6056 6058
6057 0
0 0
6059 0
6060 6061
0 0
6062 6142
6063 6140
6064 6065
0 0
6066 6068
6067 0
0 0
6069 6138
6070 0
6071 6073
6072 0
0 0
6074 6137
6075 6077
6076 0
0 0
6078 6136
6079 6135
6080 6134
6081 6131
6082 6128
6083 6085
6084 0
0 0
6086 0
6087 6089
6088 0
0 0
6090 6126
6091 6123
6092 6094
6093 0
0 0
6095 6108
6096 6105
6097 6103
6098 6100
6099 0
0 0
6101 0
6102 0
0 0
6104 0
0 0
6106 6107
0 0
0 0
6109 6122
6110 6120
6111 0
6112 6118
6113 6116
6114 0
6115 0
0 0
6117 0
0 0
6119 0
0 0
6121 0
0 0
0 0
6124 0
6125 0
0 0
6127 0
0 0
6129 6130
0 0
0 0
6132 0
6133 0
0 0
0 0
0 0
0 0
0 0
6139 0
0 0
6141 0
0 0
6143 0
0 0
6145 6146
0 0
0 0
0 0
0 0
6150 0
0 0
6152 0
0 0
6154 0
0 0
6156 0
6157 0
0 0
6159 0
0 0
6161 0
6162 0
0 0
6164 6165
0 0
0 0
0 0
6168 0
0 0
6170 6171
0 0
0 0
0 0
6174 0
0 0
0 0
6177 6178
0 0
0 0
0 0
6181 0
0 0
0 0
0 0
6185 0
6186 0
0 0
6188 6189
0 0
0 0
0 0
0 0
0 0
6194 0
6195 0
0 0
6197 0
0 0
6199 0
6200 0
0 0
0 0
6203 6204
0 0
0 0
0 0
0 0
6208 0
0 0
6210 0
0 0
0 0
6213 6214
0 0
0 0
6216 6217
0 0
0 0
6219 0
6220 0
0 0
6222 6223
0 0
0 0
6225 0
6226 0
0 0
6228 6229
0 0
0 0
6231 0
6232 0
0 0
6234 0
0 0
6236 0
0 0
6238 6239
0 0
0 0
6241 6242
0 0
0 0
6244 0
0 0
6246 0
0 0
6248 0
0 0
6250 6251
0 0
0 0
6253 0
6254 0
0 0
0 0
6257 0
6258 0
0 0
6260 0
6261 0
0 0
0 0
6264 0
0 0
6266 0
0 0
0 0
0 0
0 0
6271 6272
0 0
0 0
0 0
0 0
0 0
6277 0
0 0
0 0
6280 6282
6281 0
0 0
6283 0
6284 6286
6285 0
0 0
6287 6288
0 0
6289 6290
0 0
6291 7508
6292 6294
6293 0
0 0
6295 6297
6296 0
0 0
6298 6300
6299 0
0 0
6301 6303
6302 0
0 0
6304 6905
6305 6904
6306 6308
6307 0
0 0
6309 6901
6310 6900
6311 6312
0 0
6313 0
6314 6897
6315 6896
6316 6318
6317 0
0 0
6319 6895
6320 0
6321 6322
0 0
6323 6892
6324 0
6325 6327
6326 0
0 0
6328 6330
6329 0
0 0
6331 6890
6332 6888
6333 0
6334 6335
0 0
6336 6886
6337 6338
0 0
6339 6883
6340 0
6341 6343
6342 0
0 0
6344 6882
6345 6881
6346 0
6347 6878
6348 6876
6349 0
6350 6874
6351 0
6352 6354
6353 0
0 0
6355 0
6356 6357
0 0
6358 6871
6359 0
6360 6361
0 0
6362 6869
6363 6364
0 0
6365 6366
0 0
6367 6867
6368 6864
6369 6861
6370 6371
0 0
6372 6860
6373 6859
6374 6376
6375 0
0 0
6377 0
6378 6379
0 0
6380 6857
6381 6383
6382 0
0 0
6384 0
6385 6855
6386 6388
6387 0
0 0
6389 6390
0 0
6391 6393
6392 0
0 0
6394 0
6395 6396
0 0
6397 6854
6398 0
6399 6852
6400 6401
0 0
6402 6404
6403 0
0 0
6405 6850
6406 6847
6407 6845
6408 6409
0 0
6410 0
6411 0
6412 6844
6413 6415
6414 0
0 0
6416 6841
6417 6840
6418 6838
6419 6837
6420 0
6421 6835
6422 6832
6423 6425
6424 0
0 0
6426 6829
6427 0
6428 0
6429 0
6430 6826
6431 6432
0 0
6433 6434
0 0
6435 6824
6436 6821
6437 6438
0 0
6439 6820
6440 6441
0 0
6442 6818
6443 0
6444 0
6445 0
6446 6447
0 0
6448 6449
0 0
6450 6816
6451 6452
0 0
6453 6815
6454 0
6455 6812
6456 0
6457 6810
6458 6633
6459 6460
0 0
6461 6632
6462 6629
6463 6465
6464 0
0 0
6466 6626
6467 6468
0 0
6469 6470
0 0
6471 6473
6472 0
0 0
6474 6625
6475 6622
6476 6619
6477 0
6478 0
6479 6480
0 0
6481 6618
6482 6483
0 0
6484 6616
6485 0
6486 6615
6487 0
6488 6490
6489 0
0 0
6491 6493
6492 0
0 0
6494 6496
6495 0
0 0
6497 6614
6498 6499
0 0
6500 6501
0 0
6502 6613
6503 0
6504 6610
6505 6506
0 0
6507 6609
6508 6607
6509 6511
6510 0
0 0
6512 6604
6513 6602
6514 6515
0 0
6516 6517
0 0
6518 0
6519 6601
6520 6598
6521 6597
6522 6595
6523 0
6524 6526
6525 0
0 0
6527 6528
0 0
6529 6530
0 0
6531 6592
6532 0
6533 6534
0 0
6535 6590
6536 6538
6537 0
0 0
6539 6541
6540 0
0 0
6542 6543
0 0
6544 6587
6545 6586
6546 6583
6547 6548
0 0
6549 6551
6550 0
0 0
6552 6554
6553 0
0 0
6555 6581
6556 6580
6557 0
6558 6578
6559 6575
6560 6562
6561 0
0 0
6563 6565
6564 0
0 0
6566 6574
6567 6571
6568 6570
6569 0
0 0
0 0
6572 0
6573 0
0 0
0 0
6576 6577
0 0
0 0
6579 0
0 0
0 0
6582 0
0 0
6584 6585
0 0
0 0
0 0
6588 6589
0 0
0 0
6591 0
0 0
6593 6594
0 0
0 0
6596 0
0 0
0 0
6599 6600
0 0
0 0
0 0
6603 0
0 0
6605 6606
0 0
0 0
6608 0
0 0
0 0
6611 6612
0 0
0 0
0 0
0 0
0 0
6617 0
0 0
0 0
6620 6621
0 0
0 0
6623 0
6624 0
0 0
0 0
6627 6628
0 0
0 0
6630 6631
0 0
0 0
0 0
6634 0
6635 6636
0 0
6637 6809
6638 6640
6639 0
0 0
6641 6642
0 0
6643 6807
6644 6804
6645 6803
6646 6801
6647 6800
6648 6799
6649 6798
6650 6652
6651 0
0 0
6653 6795
6654 6794
6655 6791
6656 6657
0 0
6658 6790
6659 6660
0 0
6661 6787
6662 6663
0 0
6664 6665
0 0
6666 6785
6667 6669
6668 0
0 0
6670 0
6671 6782
6672 6779
6673 0
6674 6675
0 0
6676 6727
6677 6679
6678 0
0 0
6680 6725
6681 6724
6682 0
6683 6721
6684 6718
6685 6716
6686 6687
0 0
6688 6714
6689 6713
6690 6692
6691 0
0 0
6693 6711
6694 6709
6695 6706
6696 6704
6697 0
6698 6701
6699 0
6700 0
0 0
6702 0
6703 0
0 0
6705 0
0 0
6707 0
6708 0
0 0
6710 0
0 0
6712 0
0 0
0 0
6715 0
0 0
6717 0
0 0
6719 0
6720 0
0 0
6722 0
6723 0
0 0
0 0
6726 0
0 0
6728 6729
0 0
6730 0
6731 6777
6732 6733
0 0
6734 6776
6735 6774
6736 6771
6737 0
6738 6770
6739 6768
6740 6765
6741 6742
0 0
6743 6745
6744 0
0 0
6746 0
6747 6763
6748 6750
6749 0
0 0
6751 6762
6752 6759
6753 6757
6754 6755
0 0
6756 0
0 0
6758 0
0 0
6760 6761
0 0
0 0
0 0
6764 0
0 0
6766 0
6767 0
0 0
6769 0
0 0
0 0
6772 0
6773 0
0 0
6775 0
0 0
0 0
6778 0
0 0
6780 0
6781 0
0 0
6783 6784
0 0
0 0
6786 0
0 0
6788 0
6789 0
0 0
0 0
6792 0
6793 0
0 0
0 0
6796 6797
0 0
0 0
0 0
0 0
0 0
6802 0
0 0
0 0
6805 0
6806 0
0 0
6808 0
0 0
0 0
6811 0
0 0
6813 0
6814 0
0 0
0 0
6817 0
0 0
6819 0
0 0
0 0
6822 0
6823 0
0 0
6825 0
0 0
6827 6828
0 0
0 0
6830 0
6831 0
0 0
6833 0
6834 0
0 0
6836 0
0 0
0 0
6839 0
0 0
0 0
6842 6843
0 0
0 0
0 0
6846 0
0 0
6848 6849
0 0
0 0
6851 0
0 0
6853 0
0 0
0 0
6856 0
0 0
6858 0
0 0
0 0
0 0
6862 6863
0 0
0 0
6865 6866
0 0
0 0
6868 0
0 0
6870 0
0 0
6872 0
6873 0
0 0
6875 0
0 0
6877 0
0 0
6879 6880
0 0
0 0
0 0
0 0
6884 6885
0 0
0 0
6887 0
0 0
6889 0
0 0
6891 0
0 0
6893 0
6894 0
0 0
0 0
0 0
6898 6899
0 0
0 0
0 0
6902 0
6903 0
0 0
0 0
6906 7505
6907 7502
6908 7500
6909 0
6910 0
6911 7497
6912 6913
0 0
6914 0
6915 7494
6916 7493
6917 6918
0 0
6919 6920
0 0
6921 0
6922 7492
6923 6925
6924 0
0 0
6926 6927
0 0
6928 6930
6929 0
0 0
6931 6933
6932 0
0 0
6934 6936
6935 0
0 0
6937 6939
6938 0
0 0
6940 7489
6941 6943
6942 0
0 0
6944 6945
0 0
6946 7486
6947 7484
6948 7481
6949 7478
6950 7475
6951 6953
6952 0
0 0
6954 7474
6955 0
6956 7472
6957 7470
6958 6959
0 0
6960 7469
6961 7467
6962 7464
6963 7463
6964 7461
6965 7458
6966 7456
6967 6968
0 0
6969 7454
6970 6971
0 0
6972 7452
6973 7451
6974 7450
6975 7448
6976 7446
6977 0
6978 7443
6979 7442
6980 6982
6981 0
0 0
6983 6984
0 0
6985 6986
0 0
6987 6988
0 0
6989 7439
6990 0
6991 7437
6992 6994
6993 0
0 0
6995 7435
6996 7432
6997 7429
6998 7426
6999 7000
0 0
7001 7424
7002 7422
7003 7004
0 0
7005 7420
7006 7007
0 0
7008 7010
7009 0
0 0
7011 7419
7012 0
7013 7417
7014 7215
7015 7213
7016 7018
7017 0
0 0
7019 7021
7020 0
0 0
7022 7212
7023 7210
7024 7026
7025 0
0 0
7027 7208
7028 7207
7029 0
7030 7032
7031 0
0 0
7033 7204
7034 7202
7035 0
7036 7038
7037 0
0 0
7039 7200
7040 7041
0 0
7042 7044
7043 0
0 0
7045 0
7046 0
7047 7199
7048 7197
7049 0
7050 0
7051 7194
7052 7192
7053 7055
7054 0
0 0
7056 0
7057 7189
7058 7059
0 0
7060 7187
7061 7184
7062 7181
7063 7064
0 0
7065 7067
7066 0
0 0
7068 7179
7069 7070
0 0
7071 7176
7072 7174
7073 7171
7074 7169
7075 7076
0 0
7077 7079
7078 0
0 0
7080 0
7081 7083
7082 0
0 0
7084 7086
7085 0
0 0
7087 7167
7088 7165
7089 7091
7090 0
0 0
7092 7094
7093 0
0 0
7095 7162
7096 7159
7097 7157
7098 7154
7099 7101
7100 0
0 0
7102 7153
7103 7150
7104 7106
7105 0
0 0
7107 7147
7108 7145
7109 7143
7110 7111
0 0
7112 7140
7113 0
7114 0
7115 7139
7116 7136
7117 7135
7118 7120
7119 0
0 0
7121 0
7122 7133
7123 0
7124 0
7125 7127
7126 0
0 0
7128 7130
7129 0
0 0
7131 7132
0 0
0 0
7134 0
0 0
0 0
7137 0
7138 0
0 0
0 0
7141 7142
0 0
0 0
7144 0
0 0
7146 0
0 0
7148 7149
0 0
0 0
7151 7152
0 0
0 0
0 0
7155 7156
0 0
0 0
7158 0
0 0
7160 7161
0 0
0 0
7163 7164
0 0
0 0
7166 0
0 0
7168 0
0 0
7170 0
0 0
7172 7173
0 0
0 0
7175 0
0 0
7177 7178
0 0
0 0
7180 0
0 0
7182 0
7183 0
0 0
7185 0
7186 0
0 0
7188 0
0 0
7190 7191
0 0
0 0
7193 0
0 0
7195 0
7196 0
0 0
7198 0
0 0
0 0
7201 0
0 0
7203 0
0 0
7205 0
7206 0
0 0
0 0
7209 0
0 0
7211 0
0 0
0 0
7214 0
0 0
7216 0
7217 7218
0 0
7219 7220
0 0
7221 7415
7222 7414
7223 7413
7224 7410
7225 0
7226 0
7227 7407
7228 7229
0 0
7230 7231
0 0
7232 7405
7233 0
7234 7403
7235 7400
7236 7399
7237 7397
7238 7239
0 0
7240 7242
7241 0
0 0
7243 7394
7244 7392
7245 7246
0 0
7247 7248
0 0
7249 7389
7250 0
7251 0
7252 7253
0 0
7254 7256
7255 0
0 0
7257 7386
7258 0
7259 7384
7260 7381
7261 0
7262 7380
7263 7264
0 0
7265 7379
7266 7376
7267 7373
7268 7269
0 0
7270 0
7271 7272
0 0
7273 7274
0 0
7275 0
7276 7371
7277 7370
7278 7323
7279 7320
7280 7318
7281 7316
7282 7314
7283 7313
7284 7286
7285 0
0 0
7287 0
7288 7290
7289 0
0 0
7291 7292
0 0
7293 7310
7294 7307
7295 7306
7296 7305
7297 7304
7298 7300
7299 0
0 0
7301 0
7302 7303
0 0
0 0
0 0
0 0
0 0
7308 0
7309 0
0 0
7311 7312
0 0
0 0
0 0
7315 0
0 0
7317 0
0 0
7319 0
0 0
7321 7322
0 0
0 0
7324 0
7325 7327
7326 0
0 0
7328 0
7329 7369
7330 7368
7331 7365
7332 7333
0 0
7334 7335
0 0
7336 7363
7337 7361
7338 7358
7339 7348
7340 7347
7341 7346
7342 7343
0 0
7344 7345
0 0
0 0
0 0
0 0
7349 0
7350 0
7351 7356
7352 7353
0 0
7354 0
7355 0
0 0
7357 0
0 0
7359 7360
0 0
0 0
7362 0
0 0
7364 0
0 0
7366 7367
0 0
0 0
0 0
0 0
0 0
7372 0
0 0
7374 0
7375 0
0 0
7377 0
7378 0
0 0
0 0
0 0
7382 0
7383 0
0 0
7385 0
0 0
7387 7388
0 0
0 0
7390 7391
0 0
0 0
7393 0
0 0
7395 7396
0 0
0 0
7398 0
0 0
0 0
7401 0
7402 0
0 0
7404 0
0 0
7406 0
0 0
7408 0
7409 0
0 0
7411 0
7412 0
0 0
0 0
0 0
7416 0
0 0
7418 0
0 0
0 0
7421 0
0 0
7423 0
0 0
7425 0
0 0
7427 0
7428 0
0 0
7430 7431
0 0
0 0
7433 7434
0 0
0 0
7436 0
0 0
7438 0
0 0
7440 7441
0 0
0 0
0 0
7444 7445
0 0
0 0
7447 0
0 0
7449 0
0 0
0 0
0 0
7453 0
0 0
7455 0
0 0
7457 0
0 0
7459 7460
0 0
0 0
7462 0
0 0
0 0
7465 7466
0 0
0 0
7468 0
0 0
0 0
7471 0
0 0
7473 0
0 0
0 0
7476 0
7477 0
0 0
7479 0
7480 0
0 0
7482 7483
0 0
0 0
7485 0
0 0
7487 0
7488 0
0 0
7490 0
7491 0
0 0
0 0
0 0
7495 7496
0 0
0 0
7498 7499
0 0
0 0
7501 0
0 0
7503 0
7504 0
0 0
7506 0
7507 0
0 0
7509 0
0 0
7511 7513
7512 0
0 0
7514 9971
7515 9968
7516 0
7517 9965
7518 0
7519 7520
0 0
7521 7522
0 0
7523 9963
7524 9962
7525 9961
7526 9959
7527 9957
7528 9955
7529 7531
7530 0
0 0
7532 0
7533 9953
7534 9951
7535 9948
7536 7537
0 0
7538 9947
7539 0
7540 9945
7541 7542
0 0
7543 0
7544 9943
7545 7547
7546 0
0 0
7548 0
7549 9942
7550 0
7551 9939
7552 9937
7553 7555
7554 0
0 0
7556 9935
7557 7559
7558 0
0 0
7560 9934
7561 7562
0 0
7563 9931
7564 7565
0 0
7566 9930
7567 8748
7568 8747
7569 0
7570 7572
7571 0
0 0
7573 0
7574 7575
0 0
7576 7577
0 0
7578 7579
0 0
7580 0
7581 8746
7582 8163
7583 8161
7584 7585
0 0
7586 7588
7587 0
0 0
7589 7590
0 0
7591 7592
0 0
7593 0
7594 8160
7595 8158
7596 8156
7597 7876
7598 0
7599 7874
7600 7871
7601 7870
7602 7867
7603 0
7604 7606
7605 0
0 0
7607 7866
7608 7865
7609 7864
7610 7863
7611 7612
0 0
7613 7861
7614 7860
7615 7616
0 0
7617 0
7618 7620
7619 0
0 0
7621 7623
7622 0
0 0
7624 7859
7625 7856
7626 0
7627 7629
7628 0
0 0
7630 7855
7631 7633
7632 0
0 0
7634 7854
7635 7851
7636 7638
7637 0
0 0
7639 7850
7640 7847
7641 7642
0 0
7643 7845
7644 7646
7645 0
0 0
7647 7843
7648 7745
7649 7742
7650 7739
7651 7652
0 0
7653 7738
7654 7655
0 0
7656 0
7657 7735
7658 7660
7659 0
0 0
7661 7663
7662 0
0 0
7664 7732
7665 0
7666 7729
7667 7727
7668 7670
7669 0
0 0
7671 0
7672 7673
0 0
7674 0
7675 7725
7676 7723
7677 0
7678 7680
7679 0
0 0
7681 7721
7682 7684
7683 0
0 0
7685 7686
0 0
7687 7718
7688 7716
7689 7691
7690 0
0 0
7692 7693
0 0
7694 7695
0 0
7696 0
7697 7699
7698 0
0 0
7700 7702
7701 0
0 0
7703 7705
7704 0
0 0
7706 7714
7707 7708
0 0
7709 7713
7710 7712
7711 0
0 0
0 0
0 0
7715 0
0 0
7717 0
0 0
7719 7720
0 0
0 0
7722 0
0 0
7724 0
0 0
7726 0
0 0
7728 0
0 0
7730 7731
0 0
0 0
7733 0
7734 0
0 0
7736 0
7737 0
0 0
0 0
7740 0
7741 0
0 0
7743 0
7744 0
0 0
7746 7841
7747 0
7748 7749
0 0
7750 7751
0 0
7752 7840
7753 7839
7754 0
7755 7757
7756 0
0 0
7758 7760
7759 0
0 0
7761 7838
7762 7837
7763 0
7764 7766
7765 0
0 0
7767 7835
7768 7834
7769 7831
7770 7772
7771 0
0 0
7773 7775
7774 0
0 0
7776 7829
7777 7826
7778 7825
7779 7822
7780 7820
7781 7783
7782 0
0 0
7784 7819
7785 7816
7786 7813
7787 7812
7788 7789
0 0
7790 7810
7791 0
7792 7793
0 0
7794 7809
7795 7807
7796 7804
7797 7798
0 0
7799 7801
7800 0
0 0
7802 7803
0 0
0 0
7805 7806
0 0
0 0
7808 0
0 0
0 0
7811 0
0 0
0 0
7814 7815
0 0
0 0
7817 7818
0 0
0 0
0 0
7821 0
0 0
7823 0
7824 0
0 0
0 0
7827 0
7828 0
0 0
7830 0
0 0
7832 7833
0 0
0 0
0 0
7836 0
0 0
0 0
0 0
0 0
0 0
7842 0
0 0
7844 0
0 0
7846 0
0 0
7848 7849
0 0
0 0
0 0
7852 0
7853 0
0 0
0 0
0 0
7857 7858
0 0
0 0
0 0
0 0
7862 0
0 0
0 0
0 0
0 0
0 0
7868 0
7869 0
0 0
0 0
7872 7873
0 0
0 0
7875 0
0 0
7877 7879
7878 0
0 0
7880 7882
7881 0
0 0
7883 8154
7884 7885
0 0
7886 0
7887 7889
7888 0
0 0
7890 8151
7891 0
7892 8148
7893 7894
0 0
7895 8145
7896 0
7897 8144
7898 8142
7899 8140
7900 7901
0 0
7902 7903
0 0
7904 7906
7905 0
0 0
7907 8137
7908 0
7909 7911
7910 0
0 0
7912 8134
7913 8133
7914 8132
7915 8131
7916 0
7917 8130
7918 8127
7919 0
7920 7921
0 0
7922 0
7923 8126
7924 8125
7925 8122
7926 8023
7927 8022
7928 7929
0 0
7930 0
7931 8021
7932 7934
7933 0
0 0
7935 8018
7936 7937
0 0
7938 8015
7939 8014
7940 8012
7941 7942
0 0
7943 8010
7944 0
7945 7946
0 0
7947 0
7948 7950
7949 0
0 0
7951 7953
7952 0
0 0
7954 8009
7955 7957
7956 0
0 0
7958 0
7959 0
7960 7961
0 0
7962 7964
7963 0
0 0
7965 7986
7966 7983
7967 7968
0 0
7969 7980
7970 7972
7971 0
0 0
7973 7979
7974 7975
0 0
7976 0
7977 0
7978 0
0 0
0 0
7981 0
7982 0
0 0
7984 7985
0 0
0 0
7987 8006
7988 0
7989 7990
0 0
7991 8004
7992 8002
7993 0
7994 8000
7995 0
7996 7997
0 0
7998 0
7999 0
0 0
8001 0
0 0
8003 0
0 0
8005 0
0 0
8007 0
8008 0
0 0
0 0
8011 0
0 0
8013 0
0 0
0 0
8016 0
8017 0
0 0
8019 0
8020 0
0 0
0 0
0 0
8024 8025
0 0
8026 0
8027 8119
8028 8030
8029 0
0 0
8031 8116
8032 8114
8033 8112
8034 8072
8035 8037
8036 0
0 0
8038 8070
8039 8067
8040 8041
0 0
8042 8064
8043 8063
8044 8061
8045 0
8046 8048
8047 0
0 0
8049 0
8050 8052
8051 0
0 0
8053 8054
0 0
8055 8059
8056 8058
8057 0
0 0
0 0
8060 0
0 0
8062 0
0 0
0 0
8065 8066
0 0
0 0
8068 8069
0 0
0 0
8071 0
0 0
8073 8111
8074 8109
8075 8107
8076 8104
8077 8102
8078 8079
0 0
8080 8100
8081 8082
0 0
8083 8099
8084 8097
8085 8096
8086 0
8087 8093
8088 8089
0 0
8090 0
8091 8092
0 0
0 0
8094 8095
0 0
0 0
0 0
8098 0
0 0
0 0
8101 0
0 0
8103 0
0 0
8105 0
8106 0
0 0
8108 0
0 0
8110 0
0 0
0 0
8113 0
0 0
8115 0
0 0
8117 8118
0 0
0 0
8120 0
8121 0
0 0
8123 0
8124 0
0 0
0 0
0 0
8128 8129
0 0
0 0
0 0
0 0
0 0
0 0
8135 0
8136 0
0 0
8138 8139
0 0
0 0
8141 0
0 0
8143 0
0 0
0 0
8146 0
8147 0
0 0
8149 8150
0 0
0 0
8152 0
8153 0
0 0
8155 0
0 0
8157 0
0 0
8159 0
0 0
0 0
8162 0
0 0
8164 0
8165 8455
8166 8452
8167 8450
8168 8449
8169 8171
8170 0
0 0
8172 8173
0 0
8174 0
8175 0
8176 8446
8177 8445
8178 0
8179 8444
8180 0
8181 8182
0 0
8183 8185
8184 0
0 0
8186 0
8187 8443
8188 8440
8189 8190
0 0
8191 8192
0 0
8193 8194
0 0
8195 8197
8196 0
0 0
8198 0
8199 0
8200 8439
8201 8437
8202 0
8203 8435
8204 8434
8205 8207
8206 0
0 0
8208 8431
8209 8428
8210 8426
8211 0
8212 8425
8213 8422
8214 8420
8215 8419
8216 8217
0 0
8218 8416
8219 8220
0 0
8221 8415
8222 8223
0 0
8224 8225
0 0
8226 8413
8227 8412
8228 0
8229 0
8230 8231
0 0
8232 8411
8233 8410
8234 8236
8235 0
0 0
8237 8238
0 0
8239 8241
8240 0
0 0
8242 8408
8243 8245
8244 0
0 0
8246 8406
8247 8249
8248 0
0 0
8250 8405
8251 8253
8252 0
0 0
8254 0
8255 8256
0 0
8257 8404
8258 8259
0 0
8260 8403
8261 8401
8262 8398
8263 8397
8264 0
8265 0
8266 8268
8267 0
0 0
8269 8394
8270 8393
8271 8391
8272 8273
0 0
8274 8275
0 0
8276 8389
8277 8279
8278 0
0 0
8280 8386
8281 8282
0 0
8283 8385
8284 8383
8285 8287
8286 0
0 0
8288 8382
8289 8379
8290 8378
8291 8377
8292 8376
8293 8295
8294 0
0 0
8296 8374
8297 8373
8298 8300
8299 0
0 0
8301 8371
8302 0
8303 8368
8304 8367
8305 8366
8306 0
8307 8365
8308 0
8309 8363
8310 8360
8311 8313
8312 0
0 0
8314 8316
8315 0
0 0
8317 8357
8318 8320
8319 0
0 0
8321 8322
0 0
8323 8355
8324 8353
8325 8350
8326 0
8327 8348
8328 8345
8329 0
8330 8331
0 0
8332 8334
8333 0
0 0
8335 8337
8336 0
0 0
8338 8344
8339 8341
8340 0
0 0
8342 8343
0 0
0 0
0 0
8346 8347
0 0
0 0
8349 0
0 0
8351 8352
0 0
0 0
8354 0
0 0
8356 0
0 0
8358 0
8359 0
0 0
8361 8362
0 0
0 0
8364 0
0 0
0 0
0 0
0 0
8369 8370
0 0
0 0
8372 0
0 0
0 0
8375 0
0 0
0 0
0 0
0 0
8380 0
8381 0
0 0
0 0
8384 0
0 0
0 0
8387 0
8388 0
0 0
8390 0
0 0
8392 0
0 0
0 0
8395 8396
0 0
0 0
0 0
8399 0
8400 0
0 0
8402 0
0 0
0 0
0 0
0 0
8407 0
0 0
8409 0
0 0
0 0
0 0
0 0
8414 0
0 0
0 0
8417 0
8418 0
0 0
0 0
8421 0
0 0
8423 8424
0 0
0 0
0 0
8427 0
0 0
8429 8430
0 0
0 0
8432 0
8433 0
0 0
0 0
8436 0
0 0
8438 0
0 0
0 0
8441 8442
0 0
0 0
0 0
0 0
0 0
8447 8448
0 0
0 0
0 0
8451 0
0 0
8453 8454
0 0
0 0
8456 8457
0 0
8458 8744
8459 8460
0 0
8461 8742
8462 8463
0 0
8464 8740
8465 0
8466 8467
0 0
8468 8469
0 0
8470 8471
0 0
8472 8473
0 0
8474 8476
8475 0
0 0
8477 8739
8478 8480
8479 0
0 0
8481 8736
8482 8735
8483 8733
8484 8732
8485 0
8486 0
8487 8730
8488 8490
8489 0
0 0
8491 8493
8492 0
0 0
8494 0
8495 0
8496 8728
8497 8499
8498 0
0 0
8500 8727
8501 0
8502 0
8503 8505
8504 0
0 0
8506 8725
8507 8509
8508 0
0 0
8510 0
8511 8723
8512 0
8513 0
8514 8722
8515 8516
0 0
8517 8719
8518 0
8519 0
8520 8521
0 0
8522 8718
8523 8524
0 0
8525 8715
8526 8527
0 0
8528 8712
8529 8530
0 0
8531 8621
8532 0
8533 8618
8534 8535
0 0
8536 0
8537 8615
8538 8614
8539 0
8540 8612
8541 8611
8542 8609
8543 8608
8544 8546
8545 0
0 0
8547 8605
8548 8603
8549 8550
0 0
8551 8602
8552 8599
8553 8598
8554 8595
8555 8574
8556 8573
8557 0
8558 8570
8559 8567
8560 8564
8561 8562
0 0
8563 0
0 0
8565 0
8566 0
0 0
8568 0
8569 0
0 0
8571 8572
0 0
0 0
0 0
8575 8594
8576 8591
8577 8578
0 0
8579 8580
0 0
8581 8590
8582 0
8583 8589
8584 8585
0 0
8586 8588
8587 0
0 0
0 0
0 0
0 0
8592 0
8593 0
0 0
0 0
8596 8597
0 0
0 0
0 0
8600 8601
0 0
0 0
0 0
8604 0
0 0
8606 0
8607 0
0 0
0 0
8610 0
0 0
0 0
8613 0
0 0
0 0
8616 8617
0 0
0 0
8619 0
8620 0
0 0
8622 8709
8623 0
8624 8625
0 0
8626 8708
8627 8628
0 0
8629 8631
8630 0
0 0
8632 8707
8633 8634
0 0
8635 0
8636 8638
8637 0
0 0
8639 8641
8640 0
0 0
8642 8643
0 0
8644 8706
8645 8646
0 0
8647 8704
8648 8650
8649 0
0 0
8651 8703
8652 8700
8653 0
8654 8699
8655 8656
0 0
8657 8659
8658 0
0 0
8660 8696
8661 8695
8662 8693
8663 8691
8664 8689
8665 8667
8666 0
0 0
8668 8687
8669 8670
0 0
8671 8686
8672 8684
8673 8682
8674 8675
0 0
8676 8679
8677 0
8678 0
0 0
8680 8681
0 0
0 0
8683 0
0 0
8685 0
0 0
0 0
8688 0
0 0
8690 0
0 0
8692 0
0 0
8694 0
0 0
0 0
8697 0
8698 0
0 0
0 0
8701 0
8702 0
0 0
0 0
8705 0
0 0
0 0
0 0
0 0
8710 8711
0 0
0 0
8713 8714
0 0
0 0
8716 8717
0 0
0 0
0 0
8720 8721
0 0
0 0
0 0
8724 0
0 0
8726 0
0 0
0 0
8729 0
0 0
8731 0
0 0
0 0
8734 0
0 0
0 0
8737 8738
0 0
0 0
0 0
8741 0
0 0
8743 0
0 0
8745 0
0 0
0 0
0 0
8749 8750
0 0
8751 9927
8752 9926
8753 9924
8754 9922
8755 8756
0 0
8757 8759
8758 0
0 0
8760 9920
8761 9918
8762 9915
8763 9913
8764 9910
8765 9908
8766 9905
8767 8768
0 0
8769 8770
0 0
8771 9902
8772 9900
8773 8774
0 0
8775 9898
8776 9896
8777 9894
8778 9892
8779 0
8780 0
8781 9891
8782 9890
8783 8784
0 0
8785 9889
8786 9886
8787 9885
8788 0
8789 9884
8790 0
8791 0
8792 9881
8793 9878
8794 8795
0 0
8796 8798
8797 0
0 0
8799 9875
8800 9872
8801 8803
8802 0
0 0
8804 9870
8805 9869
8806 9868
8807 8809
8808 0
0 0
8810 8812
8811 0
0 0
8813 9866
8814 0
8815 0
8816 8817
0 0
8818 9863
8819 9861
8820 9860
8821 0
8822 9858
8823 8825
8824 0
0 0
8826 0
8827 8829
8828 0
0 0
8830 8831
0 0
8832 0
8833 0
8834 9856
8835 8837
8836 0
0 0
8838 9853
8839 9851
8840 9345
8841 9342
8842 8843
0 0
8844 9340
8845 9338
8846 9337
8847 0
8848 0
8849 8851
8850 0
0 0
8852 0
8853 9334
8854 0
8855 9332
8856 9329
8857 0
8858 8860
8859 0
0 0
8861 9327
8862 9325
8863 8865
8864 0
0 0
8866 9323
8867 0
8868 9321
8869 8870
0 0
8871 8872
0 0
8873 0
8874 0
8875 0
8876 9319
8877 9316
8878 8880
8879 0
0 0
8881 8883
8882 0
0 0
8884 9315
8885 8887
8886 0
0 0
8888 8889
0 0
8890 8892
8891 0
0 0
8893 9313
8894 9312
8895 8896
0 0
8897 8899
8898 0
0 0
8900 8901
0 0
8902 9309
8903 9105
8904 8906
8905 0
0 0
8907 9103
8908 9102
8909 0
8910 8912
8911 0
0 0
8913 0
8914 9101
8915 0
8916 9100
8917 9099
8918 0
8919 9096
8920 8922
8921 0
0 0
8923 8924
0 0
8925 0
8926 8927
0 0
8928 9095
8929 9093
8930 0
8931 9011
8932 0
8933 9010
8934 8936
8935 0
0 0
8937 9008
8938 9006
8939 8940
0 0
8941 9004
8942 9003
8943 0
8944 0
8945 0
8946 9001
8947 8948
0 0
8949 8951
8950 0
0 0
8952 0
8953 8999
8954 8998
8955 8956
0 0
8957 0
8958 8997
8959 8961
8960 0
0 0
8962 8994
8963 8965
8964 0
0 0
8966 8967
0 0
8968 8992
8969 8990
8970 8989
8971 8972
0 0
8973 8974
0 0
8975 0
8976 8987
8977 8986
8978 8980
8979 0
0 0
8981 8984
8982 0
8983 0
0 0
8985 0
0 0
0 0
8988 0
0 0
0 0
8991 0
0 0
8993 0
0 0
8995 8996
0 0
0 0
0 0
0 0
9000 0
0 0
9002 0
0 0
0 0
9005 0
0 0
9007 0
0 0
9009 0
0 0
0 0
9012 0
9013 9014
0 0
9015 9090
9016 9087
9017 0
9018 9084
9019 9021
9020 0
0 0
9022 9023
0 0
9024 9082
9025 9081
9026 0
9027 9029
9028 0
0 0
9030 0
9031 9079
9032 9034
9033 0
0 0
9035 9076
9036 9075
9037 9039
9038 0
0 0
9040 9041
0 0
9042 0
9043 9072
9044 9045
0 0
9046 9048
9047 0
0 0
9049 9069
9050 9051
0 0
9052 9053
0 0
9054 9056
9055 0
0 0
9057 9062
9058 9059
0 0
9060 9061
0 0
0 0
9063 9066
9064 9065
0 0
0 0
9067 0
9068 0
0 0
9070 9071
0 0
0 0
9073 9074
0 0
0 0
0 0
9077 0
9078 0
0 0
9080 0
0 0
0 0
9083 0
0 0
9085 0
9086 0
0 0
9088 0
9089 0
0 0
9091 0
9092 0
0 0
9094 0
0 0
0 0
9097 9098
0 0
0 0
0 0
0 0
0 0
0 0
9104 0
0 0
9106 9308
9107 0
9108 9305
9109 9111
9110 0
0 0
9112 9304
9113 9301
9114 9299
9115 0
9116 9117
0 0
9118 9119
0 0
9120 9298
9121 9123
9122 0
0 0
9124 9125
0 0
9126 9128
9127 0
0 0
9129 0
9130 9132
9131 0
0 0
9133 9215
9134 9135
0 0
9136 9214
9137 9138
0 0
9139 9211
9140 9210
9141 9207
9142 9205
9143 9204
9144 9201
9145 9199
9146 9148
9147 0
0 0
9149 9198
9150 9195
9151 9193
9152 9190
9153 0
9154 0
9155 9157
9156 0
0 0
9158 9189
9159 9161
9160 0
0 0
9162 9187
9163 9185
9164 9165
0 0
9166 9167
0 0
9168 9169
0 0
9170 9184
9171 0
9172 9182
9173 9174
0 0
9175 0
9176 0
9177 9178
0 0
9179 0
9180 9181
0 0
0 0
9183 0
0 0
0 0
9186 0
0 0
9188 0
0 0
0 0
9191 0
9192 0
0 0
9194 0
0 0
9196 0
9197 0
0 0
0 0
9200 0
0 0
9202 0
9203 0
0 0
0 0
9206 0
0 0
9208 0
9209 0
0 0
0 0
9212 0
9213 0
0 0
0 0
9216 9297
9217 9256
9218 9219
0 0
9220 9222
9221 0
0 0
9223 9255
9224 9254
9225 9226
0 0
9227 9253
9228 9240
9229 9231
9230 0
0 0
9232 9234
9233 0
0 0
9235 9238
9236 0
9237 0
0 0
9239 0
0 0
9241 0
9242 9243
0 0
9244 9246
9245 0
0 0
9247 9250
9248 0
9249 0
0 0
9251 9252
0 0
0 0
0 0
0 0
0 0
9257 0
9258 9259
0 0
9260 9296
9261 9293
9262 9263
0 0
9264 9292
9265 0
9266 9291
9267 9289
9268 9286
9269 9285
9270 9283
9271 9272
0 0
9273 9275
9274 0
0 0
9276 9278
9277 0
0 0
9279 9280
0 0
9281 0
9282 0
0 0
9284 0
0 0
0 0
9287 9288
0 0
0 0
9290 0
0 0
0 0
0 0
9294 0
9295 0
0 0
0 0
0 0
0 0
9300 0
0 0
9302 9303
0 0
0 0
0 0
9306 0
9307 0
0 0
0 0
9310 0
9311 0
0 0
0 0
9314 0
0 0
0 0
9317 9318
0 0
0 0
9320 0
0 0
9322 0
0 0
9324 0
0 0
9326 0
0 0
9328 0
0 0
9330 0
9331 0
0 0
9333 0
0 0
9335 9336
0 0
0 0
0 0
9339 0
0 0
9341 0
0 0
9343 0
9344 0
0 0
9346 9850
9347 9847
9348 9845
9349 9351
9350 0
0 0
9352 9353
0 0
9354 9844
9355 9842
9356 9840
9357 0
9358 9838
9359 9836
9360 9597
9361 9362
0 0
9363 0
9364 9366
9365 0
0 0
9367 9595
9368 0
9369 9594
9370 9593
9371 0
9372 9590
9373 0
9374 9375
0 0
9376 9377
0 0
9378 0
9379 0
9380 9587
9381 9585
9382 0
9383 9384
0 0
9385 9584
9386 9581
9387 9578
9388 9575
9389 9574
9390 9392
9391 0
0 0
9393 0
9394 0
9395 9397
9396 0
0 0
9398 9571
9399 9569
9400 0
9401 9568
9402 0
9403 9566
9404 9564
9405 9563
9406 9561
9407 0
9408 9409
0 0
9410 9560
9411 9558
9412 0
9413 9557
9414 9416
9415 0
0 0
9417 9555
9418 9554
9419 9420
0 0
9421 9423
9422 0
0 0
9424 0
9425 9553
9426 9427
0 0
9428 9552
9429 9431
9430 0
0 0
9432 9433
0 0
9434 9551
9435 9548
9436 9438
9437 0
0 0
9439 9441
9440 0
0 0
9442 9444
9443 0
0 0
9445 9446
0 0
9447 0
9448 9547
9449 9544
9450 9543
9451 9452
0 0
9453 9455
9454 0
0 0
9456 9457
0 0
9458 9459
0 0
9460 9462
9461 0
0 0
9463 9542
9464 9465
0 0
9466 9541
9467 0
9468 0
9469 9539
9470 0
9471 0
9472 0
9473 9538
9474 9536
9475 9476
0 0
9477 9479
9478 0
0 0
9480 9481
0 0
9482 9484
9483 0
0 0
9485 9535
9486 9534
9487 9488
0 0
9489 9490
0 0
9491 9531
9492 9511
9493 0
9494 0
9495 9510
9496 9509
9497 0
9498 9507
9499 9505
9500 9502
9501 0
0 0
9503 9504
0 0
0 0
9506 0
0 0
9508 0
0 0
0 0
0 0
9512 9513
0 0
9514 9529
9515 9526
9516 9523
9517 9518
0 0
9519 9520
0 0
9521 0
9522 0
0 0
9524 0
9525 0
0 0
9527 0
9528 0
0 0
9530 0
0 0
9532 0
9533 0
0 0
0 0
0 0
9537 0
0 0
0 0
9540 0
0 0
0 0
0 0
0 0
9545 0
9546 0
0 0
0 0
9549 9550
0 0
0 0
0 0
0 0
0 0
0 0
9556 0
0 0
0 0
9559 0
0 0
0 0
9562 0
0 0
0 0
9565 0
0 0
9567 0
0 0
0 0
9570 0
0 0
9572 0
9573 0
0 0
0 0
9576 0
9577 0
0 0
9579 0
9580 0
0 0
9582 0
9583 0
0 0
0 0
9586 0
0 0
9588 0
9589 0
0 0
9591 0
9592 0
0 0
0 0
0 0
9596 0
0 0
9598 9834
9599 9601
9600 0
0 0
9602 0
9603 9718
9604 9605
0 0
9606 9717
9607 9609
9608 0
0 0
9610 9714
9611 9713
9612 9613
0 0
9614 9712
9615 9617
9616 0
0 0
9618 0
9619 9620
0 0
9621 9709
9622 0
9623 9708
9624 9706
9625 0
9626 9628
9627 0
0 0
9629 9703
9630 9702
9631 0
9632 9701
9633 9699
9634 9636
9635 0
0 0
9637 9697
9638 9667
9639 9664
9640 9642
9641 0
0 0
9643 9662
9644 0
9645 9647
9646 0
0 0
9648 9650
9649 0
0 0
9651 9653
9652 0
0 0
9654 9655
0 0
9656 0
9657 9659
9658 0
0 0
9660 0
9661 0
0 0
9663 0
0 0
9665 0
9666 0
0 0
9668 0
9669 9695
9670 0
9671 9693
9672 9691
9673 9689
9674 9675
0 0
9676 9678
9677 0
0 0
9679 9687
9680 9681
0 0
9682 9684
9683 0
0 0
9685 0
9686 0
0 0
9688 0
0 0
9690 0
0 0
9692 0
0 0
9694 0
0 0
9696 0
0 0
9698 0
0 0
9700 0
0 0
0 0
0 0
9704 0
9705 0
0 0
9707 0
0 0
0 0
9710 9711
0 0
0 0
0 0
0 0
9715 9716
0 0
0 0
0 0
9719 0
9720 9721
0 0
9722 9833
9723 9725
9724 0
0 0
9726 9727
0 0
9728 9729
0 0
9730 9830
9731 9829
9732 9734
9733 0
0 0
9735 9737
9736 0
0 0
9738 9828
9739 9827
9740 9742
9741 0
0 0
9743 9826
9744 9825
9745 9822
9746 9819
9747 9748
0 0
9749 9816
9750 9815
9751 9753
9752 0
0 0
9754 9755
0 0
9756 9757
0 0
9758 9813
9759 9760
0 0
9761 9810
9762 9809
9763 9807
9764 9765
0 0
9766 0
9767 0
9768 0
9769 9806
9770 9805
9771 9803
9772 9774
9773 0
0 0
9775 9777
9776 0
0 0
9778 9780
9779 0
0 0
9781 9801
9782 9798
9783 0
9784 9785
0 0
9786 9788
9787 0
0 0
9789 9796
9790 0
9791 9793
9792 0
0 0
9794 0
9795 0
0 0
9797 0
0 0
9799 0
9800 0
0 0
9802 0
0 0
9804 0
0 0
0 0
0 0
9808 0
0 0
0 0
9811 9812
0 0
0 0
9814 0
0 0
0 0
9817 0
9818 0
0 0
9820 0
9821 0
0 0
9823 9824
0 0
0 0
0 0
0 0
0 0
0 0
0 0
9831 9832
0 0
0 0
0 0
9835 0
0 0
9837 0
0 0
9839 0
0 0
9841 0
0 0
9843 0
0 0
0 0
9846 0
0 0
9848 0
9849 0
0 0
0 0
9852 0
0 0
9854 0
9855 0
0 0
9857 0
0 0
9859 0
0 0
0 0
9862 0
0 0
9864 0
9865 0
0 0
9867 0
0 0
0 0
0 0
9871 0
0 0
9873 9874
0 0
0 0
9876 9877
0 0
0 0
9879 9880
0 0
0 0
9882 0
9883 0
0 0
0 0
0 0
9887 9888
0 0
0 0
0 0
0 0
0 0
9893 0
0 0
9895 0
0 0
9897 0
0 0
9899 0
0 0
9901 0
0 0
9903 9904
0 0
0 0
9906 9907
0 0
0 0
9909 0
0 0
9911 0
9912 0
0 0
9914 0
0 0
9916 0
9917 0
0 0
9919 0
0 0
9921 0
0 0
9923 0
0 0
9925 0
0 0
0 0
9928 0
9929 0
0 0
0 0
9932 0
9933 0
0 0
0 0
9936 0
0 0
9938 0
0 0
9940 9941
0 0
0 0
0 0
9944 0
0 0
9946 0
0 0
0 0
9949 0
9950 0
0 0
9952 0
0 0
9954 0
0 0
9956 0
0 0
9958 0
0 0
9960 0
0 0
0 0
0 0
9964 0
0 0
9966 9967
0 0
0 0
9969 0
9970 0
0 0
9972 0
9973 0
0 0
9975 0
0 0
9977 0
0 0
0 0
0 0
0 0
0 0
9983 0
0 0
9985 0
0 0
9987 0
0 0
0 0
0 0
9991 0
0 0
0 0
0 0
9995 0
0 0
0 0
0 0
9999 10000
0 0
0 0
