10000
2 10000
3 5
4 0
0 0
6 0
7 8
0 0
9 10
0 0
11 9997
12 5004
13 15
14 0
0 0
16 18
17 0
0 0
19 5003
20 0
21 5002
22 24
23 0
0 0
25 5001
26 27
0 0
28 4998
29 0
30 0
31 0
32 0
33 34
0 0
35 37
36 0
0 0
38 4996
39 4994
40 4992
41 0
42 44
43 0
0 0
45 4990
46 0
47 4987
48 4986
49 4984
50 51
0 0
52 2517
53 2516
54 2513
55 57
56 0
0 0
58 0
59 0
60 2512
61 2511
62 0
63 0
64 0
65 0
66 2509
67 2507
68 69
0 0
70 2504
71 2502
72 2499
73 75
74 0
0 0
76 77
0 0
78 2497
79 2496
80 2494
81 83
82 0
0 0
84 0
85 86
0 0
87 89
88 0
0 0
90 0
91 93
92 0
0 0
94 2493
95 2490
96 2487
97 98
0 0
99 100
0 0
101 2484
102 104
103 0
0 0
105 2481
106 2479
107 2478
108 0
109 1293
110 111
0 0
112 1292
113 1291
114 1289
115 117
116 0
0 0
118 1288
119 120
0 0
121 1287
122 1284
123 1281
124 1279
125 127
126 0
0 0
128 1276
129 1274
130 0
131 133
132 0
0 0
134 1271
135 0
136 0
137 138
0 0
139 1270
140 0
141 1267
142 1264
143 145
144 0
0 0
146 1262
147 704
148 702
149 150
0 0
151 699
152 697
153 695
154 693
155 157
156 0
0 0
158 160
159 0
0 0
161 426
162 425
163 422
164 166
165 0
0 0
167 420
168 418
169 417
170 416
171 0
172 413
173 410
174 0
175 0
176 178
177 0
0 0
179 181
180 0
0 0
182 184
183 0
0 0
185 408
186 406
187 404
188 0
189 191
190 0
0 0
192 403
193 0
194 196
195 0
0 0
197 199
198 0
0 0
200 401
201 398
202 397
203 205
204 0
0 0
206 395
207 0
208 0
209 211
210 0
0 0
212 393
213 215
214 0
0 0
216 392
217 219
218 0
0 0
220 390
221 388
222 386
223 385
224 382
225 0
226 379
227 302
228 301
229 300
230 232
231 0
0 0
233 234
0 0
235 237
236 0
0 0
238 298
239 297
240 0
241 295
242 0
243 0
244 294
245 247
246 0
0 0
248 292
249 289
250 288
251 287
252 254
253 0
0 0
255 285
256 283
257 280
258 259
0 0
260 261
0 0
262 264
263 0
0 0
265 267
266 0
0 0
268 278
269 270
0 0
271 276
272 274
273 0
0 0
275 0
0 0
277 0
0 0
279 0
0 0
281 282
0 0
0 0
284 0
0 0
286 0
0 0
0 0
0 0
290 291
0 0
0 0
293 0
0 0
0 0
296 0
0 0
0 0
299 0
0 0
0 0
0 0
303 304
0 0
305 307
306 0
0 0
308 310
309 0
0 0
311 313
312 0
0 0
314 0
315 317
316 0
0 0
318 378
319 377
320 376
321 375
322 0
323 374
324 326
325 0
0 0
327 373
328 329
0 0
330 371
331 369
332 333
0 0
334 335
0 0
336 366
337 339
338 0
0 0
340 0
341 0
342 363
343 344
0 0
345 346
0 0
347 360
348 353
349 350
0 0
351 352
0 0
0 0
354 356
355 0
0 0
357 0
358 0
359 0
0 0
361 362
0 0
0 0
364 0
365 0
0 0
367 0
368 0
0 0
370 0
0 0
372 0
0 0
0 0
0 0
0 0
0 0
0 0
0 0
380 0
381 0
0 0
383 384
0 0
0 0
0 0
387 0
0 0
389 0
0 0
391 0
0 0
0 0
394 0
0 0
396 0
0 0
0 0
399 0
400 0
0 0
402 0
0 0
0 0
405 0
0 0
407 0
0 0
409 0
0 0
411 412
0 0
0 0
414 0
415 0
0 0
0 0
0 0
419 0
0 0
421 0
0 0
423 0
424 0
0 0
0 0
427 690
428 0
429 687
430 685
431 432
0 0
433 0
434 682
435 437
436 0
0 0
438 681
439 680
440 442
441 0
0 0
443 445
444 0
0 0
446 448
447 0
0 0
449 451
450 0
0 0
452 678
453 675
454 455
0 0
456 673
457 0
458 0
459 0
460 461
0 0
462 672
463 670
464 669
465 667
466 0
467 665
468 663
469 0
470 661
471 472
0 0
473 566
474 0
475 476
0 0
477 0
478 480
479 0
0 0
481 563
482 560
483 484
0 0
485 0
486 488
487 0
0 0
489 558
490 492
491 0
0 0
493 494
0 0
495 557
496 0
497 498
0 0
499 554
500 0
501 502
0 0
503 553
504 505
0 0
506 550
507 0
508 549
509 548
510 511
0 0
512 514
513 0
0 0
515 0
516 546
517 518
0 0
519 543
520 0
521 541
522 538
523 536
524 535
525 527
526 0
0 0
528 534
529 0
530 0
531 0
532 533
0 0
0 0
0 0
0 0
537 0
0 0
539 0
540 0
0 0
542 0
0 0
544 0
545 0
0 0
547 0
0 0
0 0
0 0
551 0
552 0
0 0
0 0
555 0
556 0
0 0
0 0
559 0
0 0
561 562
0 0
0 0
564 565
0 0
0 0
567 660
568 570
569 0
0 0
571 573
572 0
0 0
574 657
575 576
0 0
577 579
578 0
0 0
580 656
581 583
582 0
0 0
584 0
585 654
586 651
587 588
0 0
589 591
590 0
0 0
592 648
593 646
594 644
595 641
596 640
597 637
598 634
599 600
0 0
601 631
602 628
603 0
604 627
605 626
606 0
607 625
608 609
0 0
610 612
611 0
0 0
613 0
614 615
0 0
616 0
617 624
618 623
619 621
620 0
0 0
622 0
0 0
0 0
0 0
0 0
0 0
0 0
629 630
0 0
0 0
632 633
0 0
0 0
635 636
0 0
0 0
638 639
0 0
0 0
0 0
642 643
0 0
0 0
645 0
0 0
647 0
0 0
649 650
0 0
0 0
652 0
653 0
0 0
655 0
0 0
0 0
658 0
659 0
0 0
0 0
662 0
0 0
664 0
0 0
666 0
0 0
668 0
0 0
0 0
671 0
0 0
0 0
674 0
0 0
676 677
0 0
0 0
679 0
0 0
0 0
0 0
683 0
684 0
0 0
686 0
0 0
688 0
689 0
0 0
691 692
0 0
0 0
694 0
0 0
696 0
0 0
698 0
0 0
700 0
701 0
0 0
703 0
0 0
705 1260
706 1258
707 0
708 0
709 0
710 1256
711 713
712 0
0 0
714 716
715 0
0 0
717 1255
718 1252
719 0
720 1250
721 0
722 724
723 0
0 0
725 0
726 728
727 0
0 0
729 1249
730 732
731 0
0 0
733 735
734 0
0 0
736 738
737 0
0 0
739 1248
740 741
0 0
742 1245
743 1242
744 1240
745 1239
746 1236
747 1234
748 749
0 0
750 1232
751 1229
752 1226
753 754
0 0
755 1223
756 757
0 0
758 1222
759 760
0 0
761 1219
762 763
0 0
764 1216
765 1213
766 1210
767 1208
768 0
769 1205
770 771
0 0
772 774
773 0
0 0
775 0
776 1203
777 0
778 779
0 0
780 0
781 782
0 0
783 1201
784 1198
785 1197
786 1195
787 1192
788 1189
789 1187
790 1186
791 1184
792 0
793 1181
794 1180
795 0
796 798
797 0
0 0
799 801
800 0
0 0
802 1177
803 1176
804 805
0 0
806 1175
807 1173
808 809
0 0
810 1170
811 813
812 0
0 0
814 1167
815 1164
816 0
817 1162
818 819
0 0
820 1161
821 1158
822 1156
823 825
824 0
0 0
826 827
0 0
828 1154
829 0
830 832
831 0
0 0
833 1151
834 836
835 0
0 0
837 1150
838 1147
839 1146
840 1144
841 842
0 0
843 0
844 1143
845 1142
846 1141
847 1138
848 0
849 1135
850 0
851 1133
852 854
853 0
0 0
855 1132
856 857
0 0
858 860
859 0
0 0
861 1131
862 864
863 0
0 0
865 867
866 0
0 0
868 0
869 871
870 0
0 0
872 0
873 875
874 0
0 0
876 1129
877 879
878 0
0 0
880 0
881 883
882 0
0 0
884 885
0 0
886 1127
887 889
888 0
0 0
890 892
891 0
0 0
893 1124
894 1121
895 1119
896 1116
897 1114
898 1113
899 1112
900 0
901 1109
902 1107
903 1105
904 906
905 0
0 0
907 1104
908 1102
909 911
910 0
0 0
912 914
913 0
0 0
915 1099
916 917
0 0
918 1097
919 0
920 1094
921 923
922 0
0 0
924 0
925 1091
926 1090
927 1087
928 1085
929 1083
930 1081
931 0
932 1078
933 0
934 1077
935 1075
936 1074
937 939
938 0
0 0
940 942
941 0
0 0
943 0
944 946
945 0
0 0
947 949
948 0
0 0
950 952
951 0
0 0
953 1072
954 1069
955 956
0 0
957 1067
958 959
0 0
960 1065
961 0
962 1064
963 1062
964 1059
965 1011
966 0
967 1010
968 1008
969 971
970 0
0 0
972 974
973 0
0 0
975 976
0 0
977 978
0 0
979 981
980 0
0 0
982 0
983 0
984 1007
985 1005
986 1004
987 1003
988 989
0 0
990 1001
991 998
992 996
993 994
0 0
995 0
0 0
997 0
0 0
999 1000
0 0
0 0
1002 0
0 0
0 0
0 0
1006 0
0 0
0 0
1009 0
0 0
0 0
1012 1013
0 0
1014 1016
1015 0
0 0
1017 1019
1018 0
0 0
1020 1056
1021 0
1022 1053
1023 1052
1024 1026
1025 0
0 0
1027 1049
1028 1047
1029 1045
1030 1043
1031 1041
1032 1039
1033 1037
1034 1036
1035 0
0 0
0 0
1038 0
0 0
1040 0
0 0
1042 0
0 0
1044 0
0 0
1046 0
0 0
1048 0
0 0
1050 1051
0 0
0 0
0 0
1054 0
1055 0
0 0
1057 0
1058 0
0 0
1060 0
1061 0
0 0
1063 0
0 0
0 0
1066 0
0 0
1068 0
0 0
1070 0
1071 0
0 0
1073 0
0 0
0 0
1076 0
0 0
0 0
1079 0
1080 0
0 0
1082 0
0 0
1084 0
0 0
1086 0
0 0
1088 1089
0 0
0 0
0 0
1092 0
1093 0
0 0
1095 1096
0 0
0 0
1098 0
0 0
1100 0
1101 0
0 0
1103 0
0 0
0 0
1106 0
0 0
1108 0
0 0
1110 1111
0 0
0 0
0 0
0 0
1115 0
0 0
1117 0
1118 0
0 0
1120 0
0 0
1122 1123
0 0
0 0
1125 0
1126 0
0 0
1128 0
0 0
1130 0
0 0
0 0
0 0
1134 0
0 0
1136 0
1137 0
0 0
1139 1140
0 0
0 0
0 0
0 0
0 0
1145 0
0 0
0 0
1148 1149
0 0
0 0
0 0
1152 0
1153 0
0 0
1155 0
0 0
1157 0
0 0
1159 0
1160 0
0 0
0 0
1163 0
0 0
1165 1166
0 0
0 0
1168 0
1169 0
0 0
1171 0
1172 0
0 0
1174 0
0 0
0 0
0 0
1178 1179
0 0
0 0
0 0
1182 1183
0 0
0 0
1185 0
0 0
0 0
1188 0
0 0
1190 1191
0 0
0 0
1193 0
1194 0
0 0
1196 0
0 0
0 0
1199 0
1200 0
0 0
1202 0
0 0
1204 0
0 0
1206 0
1207 0
0 0
1209 0
0 0
1211 0
1212 0
0 0
1214 1215
0 0
0 0
1217 0
1218 0
0 0
1220 0
1221 0
0 0
0 0
1224 0
1225 0
0 0
1227 0
1228 0
0 0
1230 0
1231 0
0 0
1233 0
0 0
1235 0
0 0
1237 0
1238 0
0 0
0 0
1241 0
0 0
1243 1244
0 0
0 0
1246 0
1247 0
0 0
0 0
0 0
1251 0
0 0
1253 0
1254 0
0 0
0 0
1257 0
0 0
1259 0
0 0
1261 0
0 0
1263 0
0 0
1265 0
1266 0
0 0
1268 0
1269 0
0 0
0 0
1272 1273
0 0
0 0
1275 0
0 0
1277 1278
0 0
0 0
1280 0
0 0
1282 1283
0 0
0 0
1285 0
1286 0
0 0
0 0
0 0
1290 0
0 0
0 0
0 0
1294 1296
1295 0
0 0
1297 2475
1298 1300
1299 0
0 0
1301 2473
1302 0
1303 2471
1304 1887
1305 1885
1306 1308
1307 0
0 0
1309 1311
1310 0
0 0
1312 1313
0 0
1314 0
1315 0
1316 1317
0 0
1318 1320
1319 0
0 0
1321 1884
1322 1881
1323 1878
1324 1325
0 0
1326 1327
0 0
1328 1329
0 0
1330 1332
1331 0
0 0
1333 1875
1334 1604
1335 1601
1336 1599
1337 1598
1338 1340
1339 0
0 0
1341 1597
1342 1595
1343 1345
1344 0
0 0
1346 1593
1347 1349
1348 0
0 0
1350 1352
1351 0
0 0
1353 1591
1354 1589
1355 1588
1356 0
1357 1359
1358 0
0 0
1360 1362
1361 0
0 0
1363 1587
1364 1586
1365 1584
1366 1582
1367 0
1368 1369
0 0
1370 1579
1371 0
1372 1578
1373 0
1374 1376
1375 0
0 0
1377 1378
0 0
1379 1577
1380 0
1381 1383
1382 0
0 0
1384 1576
1385 1386
0 0
1387 0
1388 1390
1389 0
0 0
1391 1393
1392 0
0 0
1394 1575
1395 1573
1396 1571
1397 1398
0 0
1399 1569
1400 1567
1401 1403
1402 0
0 0
1404 1565
1405 1564
1406 1563
1407 1560
1408 1557
1409 1556
1410 1554
1411 1551
1412 1550
1413 0
1414 1416
1415 0
0 0
1417 1549
1418 1420
1419 0
0 0
1421 0
1422 1485
1423 0
1424 0
1425 1483
1426 1480
1427 1477
1428 1430
1429 0
0 0
1431 1475
1432 1472
1433 1470
1434 1436
1435 0
0 0
1437 1467
1438 1439
0 0
1440 1442
1441 0
0 0
1443 1445
1444 0
0 0
1446 1447
0 0
1448 1450
1449 0
0 0
1451 0
1452 1453
0 0
1454 1466
1455 1465
1456 1458
1457 0
0 0
1459 1462
1460 0
1461 0
0 0
1463 0
1464 0
0 0
0 0
0 0
1468 0
1469 0
0 0
1471 0
0 0
1473 0
1474 0
0 0
1476 0
0 0
1478 1479
0 0
0 0
1481 1482
0 0
0 0
1484 0
0 0
1486 1547
1487 0
1488 1546
1489 1491
1490 0
0 0
1492 1544
1493 1495
1494 0
0 0
1496 1543
1497 1498
0 0
1499 1540
1500 1502
1501 0
0 0
1503 1537
1504 0
1505 1534
1506 1508
1507 0
0 0
1509 1511
1510 0
0 0
1512 1533
1513 1531
1514 1530
1515 1517
1516 0
0 0
1518 1528
1519 1521
1520 0
0 0
1522 1525
1523 1524
0 0
0 0
1526 1527
0 0
0 0
1529 0
0 0
0 0
1532 0
0 0
0 0
1535 0
1536 0
0 0
1538 1539
0 0
0 0
1541 1542
0 0
0 0
0 0
1545 0
0 0
0 0
1548 0
0 0
0 0
0 0
1552 0
1553 0
0 0
1555 0
0 0
0 0
1558 1559
0 0
0 0
1561 0
1562 0
0 0
0 0
0 0
1566 0
0 0
1568 0
0 0
1570 0
0 0
1572 0
0 0
1574 0
0 0
0 0
0 0
0 0
0 0
1580 1581
0 0
0 0
1583 0
0 0
1585 0
0 0
0 0
0 0
0 0
1590 0
0 0
1592 0
0 0
1594 0
0 0
1596 0
0 0
0 0
0 0
1600 0
0 0
1602 1603
0 0
0 0
1605 0
1606 1872
1607 1608
0 0
1609 1870
1610 1612
1611 0
0 0
1613 1867
1614 0
1615 1616
0 0
1617 1618
0 0
1619 1620
0 0
1621 1866
1622 1623
0 0
1624 1625
0 0
1626 1627
0 0
1628 1630
1629 0
0 0
1631 1633
1632 0
0 0
1634 1635
0 0
1636 1638
1637 0
0 0
1639 1864
1640 1863
1641 1642
0 0
1643 1861
1644 0
1645 1646
0 0
1647 0
1648 1650
1649 0
0 0
1651 1860
1652 1654
1653 0
0 0
1655 1657
1656 0
0 0
1658 1660
1659 0
0 0
1661 1857
1662 1855
1663 1854
1664 1852
1665 1851
1666 1849
1667 1847
1668 1845
1669 0
1670 1671
0 0
1672 1843
1673 1842
1674 1841
1675 1677
1676 0
0 0
1678 1839
1679 1680
0 0
1681 1836
1682 1835
1683 1834
1684 1685
0 0
1686 1831
1687 1689
1688 0
0 0
1690 1829
1691 1828
1692 1694
1693 0
0 0
1695 1826
1696 1824
1697 1823
1698 1822
1699 0
1700 1820
1701 1819
1702 1816
1703 1704
0 0
1705 1813
1706 1708
1707 0
0 0
1709 1812
1710 1810
1711 1808
1712 1713
0 0
1714 1806
1715 1805
1716 1760
1717 1718
0 0
1719 1720
0 0
1721 1722
0 0
1723 1759
1724 1757
1725 1756
1726 0
1727 1755
1728 1753
1729 0
1730 1731
0 0
1732 1752
1733 1750
1734 1735
0 0
1736 1747
1737 1739
1738 0
0 0
1740 1745
1741 1742
0 0
1743 1744
0 0
0 0
1746 0
0 0
1748 1749
0 0
0 0
1751 0
0 0
0 0
1754 0
0 0
0 0
0 0
1758 0
0 0
0 0
1761 1763
1762 0
0 0
1764 1765
0 0
1766 1802
1767 1800
1768 1798
1769 1771
1770 0
0 0
1772 0
1773 0
1774 1775
0 0
1776 1796
1777 1779
1778 0
0 0
1780 1782
1781 0
0 0
1783 1793
1784 1788
1785 0
1786 0
1787 0
0 0
1789 1791
1790 0
0 0
1792 0
0 0
1794 1795
0 0
0 0
1797 0
0 0
1799 0
0 0
1801 0
0 0
1803 0
1804 0
0 0
0 0
1807 0
0 0
1809 0
0 0
1811 0
0 0
0 0
1814 1815
0 0
0 0
1817 1818
0 0
0 0
0 0
1821 0
0 0
0 0
0 0
1825 0
0 0
1827 0
0 0
0 0
1830 0
0 0
1832 1833
0 0
0 0
0 0
0 0
1837 0
1838 0
0 0
1840 0
0 0
0 0
0 0
1844 0
0 0
1846 0
0 0
1848 0
0 0
1850 0
0 0
0 0
1853 0
0 0
0 0
1856 0
0 0
1858 0
1859 0
0 0
0 0
1862 0
0 0
0 0
1865 0
0 0
0 0
1868 0
1869 0
0 0
1871 0
0 0
1873 1874
0 0
0 0
1876 1877
0 0
0 0
1879 1880
0 0
0 0
1882 1883
0 0
0 0
0 0
1886 0
0 0
1888 2469
1889 2467
1890 2465
1891 2464
1892 1894
1893 0
0 0
1895 2463
1896 2460
1897 2457
1898 1900
1899 0
0 0
1901 2456
1902 1904
1903 0
0 0
1905 1907
1906 0
0 0
1908 2453
1909 1911
1910 0
0 0
1912 2452
1913 2449
1914 2448
1915 2447
1916 2444
1917 0
1918 0
1919 0
1920 1921
0 0
1922 2442
1923 2439
1924 0
1925 2436
1926 2434
1927 0
1928 2431
1929 2428
1930 2426
1931 2425
1932 2422
1933 1934
0 0
1935 2420
1936 0
1937 2417
1938 0
1939 1940
0 0
1941 0
1942 1943
0 0
1944 2415
1945 0
1946 2413
1947 1948
0 0
1949 1950
0 0
1951 1953
1952 0
0 0
1954 0
1955 1956
0 0
1957 0
1958 2411
1959 1960
0 0
1961 2409
1962 1964
1963 0
0 0
1965 2408
1966 2407
1967 1969
1968 0
0 0
1970 2405
1971 2403
1972 1973
0 0
1974 2400
1975 2398
1976 2395
1977 2393
1978 2390
1979 2387
1980 2384
1981 1982
0 0
1983 0
1984 1985
0 0
1986 2383
1987 2382
1988 1989
0 0
1990 2381
1991 2378
1992 1994
1993 0
0 0
1995 1996
0 0
1997 2376
1998 0
1999 2373
2000 2370
2001 2368
2002 2365
2003 2364
2004 2005
0 0
2006 0
2007 2185
2008 2183
2009 2181
2010 0
2011 2180
2012 0
2013 2179
2014 2016
2015 0
0 0
2017 2176
2018 2175
2019 2172
2020 2021
0 0
2022 2169
2023 2166
2024 2025
0 0
2026 2164
2027 2162
2028 2094
2029 2030
0 0
2031 2092
2032 2090
2033 2034
0 0
2035 2037
2036 0
0 0
2038 2040
2039 0
0 0
2041 2087
2042 2044
2043 0
0 0
2045 0
2046 2085
2047 2084
2048 2082
2049 2079
2050 2078
2051 2077
2052 2074
2053 2073
2054 2070
2055 2067
2056 0
2057 2059
2058 0
0 0
2060 2064
2061 2062
0 0
2063 0
0 0
2065 0
2066 0
0 0
2068 2069
0 0
0 0
2071 2072
0 0
0 0
0 0
2075 0
2076 0
0 0
0 0
0 0
2080 2081
0 0
0 0
2083 0
0 0
0 0
2086 0
0 0
2088 0
2089 0
0 0
2091 0
0 0
2093 0
0 0
2095 2097
2096 0
0 0
2098 2161
2099 2100
0 0
2101 2160
2102 2157
2103 2156
2104 0
2105 2107
2106 0
0 0
2108 2155
2109 2154
2110 2111
0 0
2112 2151
2113 0
2114 2149
2115 2146
2116 2118
2117 0
0 0
2119 2120
0 0
2121 2145
2122 2144
2123 2143
2124 2126
2125 0
0 0
2127 2129
2128 0
0 0
2130 2131
0 0
2132 2142
2133 2135
2134 0
0 0
2136 2141
2137 2139
2138 0
0 0
2140 0
0 0
0 0
0 0
0 0
0 0
0 0
2147 0
2148 0
0 0
2150 0
0 0
2152 0
2153 0
0 0
0 0
0 0
0 0
2158 0
2159 0
0 0
0 0
0 0
2163 0
0 0
2165 0
0 0
2167 0
2168 0
0 0
2170 0
2171 0
0 0
2173 2174
0 0
0 0
0 0
2177 2178
0 0
0 0
0 0
0 0
2182 0
0 0
2184 0
0 0
2186 2363
2187 2362
2188 2361
2189 2360
2190 2359
2191 2193
2192 0
0 0
2194 2196
2195 0
0 0
2197 2199
2198 0
0 0
2200 2201
0 0
2202 2358
2203 2355
2204 0
2205 2353
2206 2352
2207 2351
2208 2210
2209 0
0 0
2211 2212
0 0
2213 0
2214 2350
2215 0
2216 2349
2217 2348
2218 2220
2219 0
0 0
2221 2347
2222 2224
2223 0
0 0
2225 2226
0 0
2227 2345
2228 2343
2229 2342
2230 2341
2231 2232
0 0
2233 2235
2234 0
0 0
2236 2238
2237 0
0 0
2239 2241
2240 0
0 0
2242 0
2243 2340
2244 2337
2245 2336
2246 2247
0 0
2248 0
2249 2333
2250 2330
2251 2327
2252 2253
0 0
2254 2255
0 0
2256 2326
2257 2259
2258 0
0 0
2260 0
2261 2324
2262 2323
2263 2321
2264 2318
2265 0
2266 2267
0 0
2268 0
2269 2271
2270 0
0 0
2272 2274
2273 0
0 0
2275 2317
2276 2314
2277 2278
0 0
2279 0
2280 0
2281 0
2282 2283
0 0
2284 2286
2285 0
0 0
2287 2312
2288 0
2289 2290
0 0
2291 0
2292 2311
2293 2295
2294 0
0 0
2296 2297
0 0
2298 2308
2299 0
2300 2305
2301 2303
2302 0
0 0
2304 0
0 0
2306 0
2307 0
0 0
2309 2310
0 0
0 0
0 0
2313 0
0 0
2315 2316
0 0
0 0
0 0
2319 2320
0 0
0 0
2322 0
0 0
0 0
2325 0
0 0
0 0
2328 2329
0 0
0 0
2331 2332
0 0
0 0
2334 2335
0 0
0 0
0 0
2338 2339
0 0
0 0
0 0
0 0
0 0
2344 0
0 0
2346 0
0 0
0 0
0 0
0 0
0 0
0 0
0 0
2354 0
0 0
2356 2357
0 0
0 0
0 0
0 0
0 0
0 0
0 0
0 0
0 0
2366 2367
0 0
0 0
2369 0
0 0
2371 2372
0 0
0 0
2374 2375
0 0
0 0
2377 0
0 0
2379 2380
0 0
0 0
0 0
0 0
0 0
2385 0
2386 0
0 0
2388 0
2389 0
0 0
2391 0
2392 0
0 0
2394 0
0 0
2396 0
2397 0
0 0
2399 0
0 0
2401 0
2402 0
0 0
2404 0
0 0
2406 0
0 0
0 0
0 0
2410 0
0 0
2412 0
0 0
2414 0
0 0
2416 0
0 0
2418 2419
0 0
0 0
2421 0
0 0
2423 2424
0 0
0 0
0 0
2427 0
0 0
2429 0
2430 0
0 0
2432 2433
0 0
0 0
2435 0
0 0
2437 2438
0 0
0 0
2440 0
2441 0
0 0
2443 0
0 0
2445 0
2446 0
0 0
0 0
0 0
2450 0
2451 0
0 0
0 0
2454 0
2455 0
0 0
0 0
2458 2459
0 0
0 0
2461 2462
0 0
0 0
0 0
0 0
2466 0
0 0
2468 0
0 0
2470 0
0 0
2472 0
0 0
2474 0
0 0
2476 0
2477 0
0 0
0 0
2480 0
0 0
2482 2483
0 0
0 0
2485 0
2486 0
0 0
2488 2489
0 0
0 0
2491 2492
0 0
0 0
0 0
2495 0
0 0
0 0
2498 0
0 0
2500 2501
0 0
0 0
2503 0
0 0
2505 2506
0 0
0 0
2508 0
0 0
2510 0
0 0
0 0
0 0
2514 2515
0 0
0 0
0 0
2518 4983
2519 4982
2520 0
2521 0
2522 4980
2523 2524
0 0
2525 4979
2526 4976
2527 4973
2528 2530
2529 0
0 0
2531 3751
2532 3750
2533 2534
0 0
2535 0
2536 2537
0 0
2538 3749
2539 2541
2540 0
0 0
2542 3746
2543 3743
2544 2546
2545 0
0 0
2547 0
2548 2549
0 0
2550 3741
2551 3739
2552 3737
2553 3735
2554 3732
2555 3731
2556 3728
2557 3725
2558 2559
0 0
2560 3724
2561 2562
0 0
2563 3723
2564 3720
2565 2566
0 0
2567 3717
2568 3714
2569 3711
2570 0
2571 3709
2572 3706
2573 2574
0 0
2575 3703
2576 0
2577 3700
2578 2579
0 0
2580 3139
2581 3136
2582 3133
2583 3131
2584 3128
2585 2587
2586 0
0 0
2588 3127
2589 2591
2590 0
0 0
2592 3124
2593 3122
2594 3120
2595 3118
2596 3116
2597 2599
2598 0
0 0
2600 3115
2601 3112
2602 0
2603 3111
2604 2605
0 0
2606 3110
2607 3109
2608 0
2609 2611
2610 0
0 0
2612 3108
2613 3106
2614 2616
2615 0
0 0
2617 2619
2618 0
0 0
2620 3104
2621 3101
2622 3098
2623 3095
2624 2859
2625 2626
0 0
2627 2856
2628 2630
2629 0
0 0
2631 0
2632 2854
2633 2634
0 0
2635 2636
0 0
2637 2639
2638 0
0 0
2640 2851
2641 0
2642 0
2643 2645
2644 0
0 0
2646 2850
2647 0
2648 2849
2649 2650
0 0
2651 2652
0 0
2653 2846
2654 2655
0 0
2656 2843
2657 2840
2658 2660
2659 0
0 0
2661 2837
2662 0
2663 0
2664 2834
2665 2667
2666 0
0 0
2668 2670
2669 0
0 0
2671 2672
0 0
2673 2833
2674 2676
2675 0
0 0
2677 2832
2678 2679
0 0
2680 2830
2681 2827
2682 0
2683 2684
0 0
2685 2826
2686 2825
2687 2689
2688 0
0 0
2690 2824
2691 0
2692 2693
0 0
2694 2823
2695 2820
2696 2697
0 0
2698 2699
0 0
2700 2702
2701 0
0 0
2703 2819
2704 2705
0 0
2706 2817
2707 2814
2708 2709
0 0
2710 2711
0 0
2712 2714
2713 0
0 0
2715 2716
0 0
2717 2812
2718 0
2719 2811
2720 2809
2721 2723
2722 0
0 0
2724 2808
2725 0
2726 2807
2727 2804
2728 2803
2729 2765
2730 2731
0 0
2732 2733
0 0
2734 0
2735 2764
2736 2762
2737 2761
2738 2759
2739 2740
0 0
2741 2742
0 0
2743 2750
2744 0
2745 2747
2746 0
0 0
2748 2749
0 0
0 0
2751 2753
2752 0
0 0
2754 2756
2755 0
0 0
2757 0
2758 0
0 0
2760 0
0 0
0 0
2763 0
0 0
0 0
2766 0
2767 2801
2768 0
2769 2771
2770 0
0 0
2772 2800
2773 2774
0 0
2775 2798
2776 2795
2777 2793
2778 2780
2779 0
0 0
2781 2782
0 0
2783 2790
2784 0
2785 0
2786 2787
0 0
2788 0
2789 0
0 0
2791 2792
0 0
0 0
2794 0
0 0
2796 2797
0 0
0 0
2799 0
0 0
0 0
2802 0
0 0
0 0
2805 2806
0 0
0 0
0 0
0 0
2810 0
0 0
0 0
2813 0
0 0
2815 0
2816 0
0 0
2818 0
0 0
0 0
2821 2822
0 0
0 0
0 0
0 0
0 0
0 0
2828 0
2829 0
0 0
2831 0
0 0
0 0
0 0
2835 2836
0 0
0 0
2838 0
2839 0
0 0
2841 0
2842 0
0 0
2844 0
2845 0
0 0
2847 2848
0 0
0 0
0 0
0 0
2852 2853
0 0
0 0
2855 0
0 0
2857 0
2858 0
0 0
2860 2861
0 0
2862 0
2863 3094
2864 2866
2865 0
0 0
2867 3093
2868 2870
2869 0
0 0
2871 0
2872 3092
2873 3089
2874 2981
2875 0
2876 2979
2877 2878
0 0
2879 2880
0 0
2881 2976
2882 0
2883 2884
0 0
2885 2973
2886 2971
2887 2889
2888 0
0 0
2890 2891
0 0
2892 2893
0 0
2894 2895
0 0
2896 2898
2897 0
0 0
2899 2970
2900 2901
0 0
2902 2967
2903 2904
0 0
2905 2965
2906 2962
2907 2960
2908 2957
2909 2932
2910 2929
2911 2927
2912 0
2913 2925
2914 2915
0 0
2916 2922
2917 0
2918 2919
0 0
2920 2921
0 0
0 0
2923 2924
0 0
0 0
2926 0
0 0
2928 0
0 0
2930 2931
0 0
0 0
2933 2934
0 0
2935 2936
0 0
2937 2939
2938 0
0 0
2940 2956
2941 2942
0 0
2943 2953
2944 2950
2945 0
2946 2949
2947 0
2948 0
0 0
0 0
2951 0
2952 0
0 0
2954 2955
0 0
0 0
0 0
2958 2959
0 0
0 0
2961 0
0 0
2963 2964
0 0
0 0
2966 0
0 0
2968 0
2969 0
0 0
0 0
2972 0
0 0
2974 0
2975 0
0 0
2977 2978
0 0
0 0
2980 0
0 0
2982 2984
2983 0
0 0
2985 2986
0 0
2987 3088
2988 2990
2989 0
0 0
2991 2993
2992 0
0 0
2994 3085
2995 3082
2996 2998
2997 0
0 0
2999 0
3000 3001
0 0
3002 3081
3003 3080
3004 3079
3005 3078
3006 3007
0 0
3008 3076
3009 3010
0 0
3011 3012
0 0
3013 3075
3014 3015
0 0
3016 3072
3017 3069
3018 3019
0 0
3020 3066
3021 3065
3022 3024
3023 0
0 0
3025 3062
3026 3059
3027 3029
3028 0
0 0
3030 3031
0 0
3032 3034
3033 0
0 0
3035 3056
3036 3055
3037 0
3038 3052
3039 3040
0 0
3041 3046
3042 3043
0 0
3044 0
3045 0
0 0
3047 3051
3048 3049
0 0
3050 0
0 0
0 0
3053 3054
0 0
0 0
0 0
3057 0
3058 0
0 0
3060 0
3061 0
0 0
3063 0
3064 0
0 0
0 0
3067 3068
0 0
0 0
3070 0
3071 0
0 0
3073 0
3074 0
0 0
0 0
3077 0
0 0
0 0
0 0
0 0
0 0
3083 0
3084 0
0 0
3086 3087
0 0
0 0
0 0
3090 3091
0 0
0 0
0 0
0 0
0 0
3096 0
3097 0
0 0
3099 3100
0 0
0 0
3102 0
3103 0
0 0
3105 0
0 0
3107 0
0 0
0 0
0 0
0 0
0 0
3113 3114
0 0
0 0
0 0
3117 0
0 0
3119 0
0 0
3121 0
0 0
3123 0
0 0
3125 0
3126 0
0 0
0 0
3129 0
3130 0
0 0
3132 0
0 0
3134 0
3135 0
0 0
3137 3138
0 0
0 0
3140 0
3141 3698
3142 0
3143 3144
0 0
3145 3697
3146 3695
3147 3694
3148 3149
0 0
3150 0
3151 3153
3152 0
0 0
3154 3155
0 0
3156 0
3157 3693
3158 3691
3159 3690
3160 3424
3161 3162
0 0
3163 3165
3164 0
0 0
3166 3168
3167 0
0 0
3169 3421
3170 3172
3171 0
0 0
3173 3420
3174 3175
0 0
3176 0
3177 3417
3178 3415
3179 0
3180 3413
3181 0
3182 3412
3183 0
3184 3410
3185 3409
3186 0
3187 3406
3188 0
3189 0
3190 3192
3191 0
0 0
3193 3194
0 0
3195 3196
0 0
3197 3199
3198 0
0 0
3200 3405
3201 3203
3202 0
0 0
3204 3404
3205 3206
0 0
3207 0
3208 0
3209 3403
3210 3401
3211 3212
0 0
3213 0
3214 3400
3215 3216
0 0
3217 3218
0 0
3219 3397
3220 3395
3221 3222
0 0
3223 3392
3224 3390
3225 0
3226 3387
3227 0
3228 3229
0 0
3230 3385
3231 3383
3232 3233
0 0
3234 3236
3235 0
0 0
3237 0
3238 3382
3239 3240
0 0
3241 3242
0 0
3243 3312
3244 3310
3245 3246
0 0
3247 3309
3248 0
3249 3250
0 0
3251 3306
3252 3253
0 0
3254 3256
3255 0
0 0
3257 3303
3258 3302
3259 3261
3260 0
0 0
3262 3301
3263 3265
3264 0
0 0
3266 3268
3267 0
0 0
3269 0
3270 3299
3271 3297
3272 3294
3273 3291
3274 3275
0 0
3276 3289
3277 3279
3278 0
0 0
3280 3288
3281 3285
3282 0
3283 0
3284 0
0 0
3286 3287
0 0
0 0
0 0
3290 0
0 0
3292 0
3293 0
0 0
3295 0
3296 0
0 0
3298 0
0 0
3300 0
0 0
0 0
0 0
3304 0
3305 0
0 0
3307 0
3308 0
0 0
0 0
3311 0
0 0
3313 3380
3314 3315
0 0
3316 3318
3317 0
0 0
3319 3320
0 0
3321 0
3322 3379
3323 3377
3324 3325
0 0
3326 3375
3327 3373
3328 0
3329 3372
3330 0
3331 3371
3332 3370
3333 3334
0 0
3335 0
3336 3338
3337 0
0 0
3339 0
3340 3367
3341 0
3342 3366
3343 3344
0 0
3345 3364
3346 3363
3347 0
3348 3361
3349 3351
3350 0
0 0
3352 3358
3353 3356
3354 3355
0 0
0 0
3357 0
0 0
3359 3360
0 0
0 0
3362 0
0 0
0 0
3365 0
0 0
0 0
3368 0
3369 0
0 0
0 0
0 0
0 0
3374 0
0 0
3376 0
0 0
3378 0
0 0
0 0
3381 0
0 0
0 0
3384 0
0 0
3386 0
0 0
3388 0
3389 0
0 0
3391 0
0 0
3393 0
3394 0
0 0
3396 0
0 0
3398 3399
0 0
0 0
0 0
3402 0
0 0
0 0
0 0
0 0
3407 0
3408 0
0 0
0 0
3411 0
0 0
0 0
3414 0
0 0
3416 0
0 0
3418 0
3419 0
0 0
0 0
3422 0
3423 0
0 0
3425 0
3426 3689
3427 3687
3428 3429
0 0
3430 3432
3431 0
0 0
3433 3686
3434 3683
3435 3437
3436 0
0 0
3438 3439
0 0
3440 3441
0 0
3442 0
3443 0
3444 3681
3445 3447
3446 0
0 0
3448 3450
3449 0
0 0
3451 3452
0 0
3453 3678
3454 3677
3455 0
3456 3675
3457 3459
3458 0
0 0
3460 0
3461 3673
3462 3464
3463 0
0 0
3465 3671
3466 3668
3467 3667
3468 3665
3469 3663
3470 3660
3471 3657
3472 3474
3473 0
0 0
3475 3476
0 0
3477 0
3478 3654
3479 3652
3480 3482
3481 0
0 0
3483 3651
3484 0
3485 0
3486 3650
3487 3489
3488 0
0 0
3490 3491
0 0
3492 3649
3493 3648
3494 3496
3495 0
0 0
3497 3498
0 0
3499 3645
3500 3501
0 0
3502 3642
3503 3640
3504 3637
3505 3636
3506 3507
0 0
3508 3509
0 0
3510 3634
3511 3632
3512 3630
3513 3629
3514 0
3515 0
3516 3628
3517 3518
0 0
3519 0
3520 3627
3521 3624
3522 3621
3523 3524
0 0
3525 3618
3526 3615
3527 3529
3528 0
0 0
3530 3614
3531 3533
3532 0
0 0
3534 0
3535 3536
0 0
3537 3612
3538 3574
3539 3573
3540 3570
3541 3555
3542 3554
3543 3551
3544 3545
0 0
3546 3547
0 0
3548 0
3549 3550
0 0
0 0
3552 0
3553 0
0 0
0 0
3556 3557
0 0
3558 3560
3559 0
0 0
3561 3568
3562 3565
3563 0
3564 0
0 0
3566 0
3567 0
0 0
3569 0
0 0
3571 3572
0 0
0 0
0 0
3575 3609
3576 3606
3577 0
3578 3580
3579 0
0 0
3581 3605
3582 3602
3583 3584
0 0
3585 0
3586 3587
0 0
3588 0
3589 3599
3590 3591
0 0
3592 3597
3593 3596
3594 3595
0 0
0 0
0 0
3598 0
0 0
3600 3601
0 0
0 0
3603 0
3604 0
0 0
0 0
3607 0
3608 0
0 0
3610 0
3611 0
0 0
3613 0
0 0
0 0
3616 3617
0 0
0 0
3619 3620
0 0
0 0
3622 0
3623 0
0 0
3625 3626
0 0
0 0
0 0
0 0
0 0
3631 0
0 0
3633 0
0 0
3635 0
0 0
0 0
3638 3639
0 0
0 0
3641 0
0 0
3643 0
3644 0
0 0
3646 0
3647 0
0 0
0 0
0 0
0 0
0 0
3653 0
0 0
3655 0
3656 0
0 0
3658 0
3659 0
0 0
3661 3662
0 0
0 0
3664 0
0 0
3666 0
0 0
0 0
3669 3670
0 0
0 0
3672 0
0 0
3674 0
0 0
3676 0
0 0
0 0
3679 0
3680 0
0 0
3682 0
0 0
3684 3685
0 0
0 0
0 0
3688 0
0 0
0 0
0 0
3692 0
0 0
0 0
0 0
3696 0
0 0
0 0
3699 0
0 0
3701 3702
0 0
0 0
3704 0
3705 0
0 0
3707 0
3708 0
0 0
3710 0
0 0
3712 0
3713 0
0 0
3715 3716
0 0
0 0
3718 3719
0 0
0 0
3721 3722
0 0
0 0
0 0
0 0
3726 3727
0 0
0 0
3729 0
3730 0
0 0
0 0
3733 3734
0 0
0 0
3736 0
0 0
3738 0
0 0
3740 0
0 0
3742 0
0 0
3744 0
3745 0
0 0
3747 3748
0 0
0 0
0 0
0 0
3752 4971
3753 0
3754 4970
3755 0
3756 3757
0 0
3758 4967
3759 3761
3760 0
0 0
3762 4966
3763 0
3764 4964
3765 4962
3766 4960
3767 4959
3768 4958
3769 4955
3770 4954
3771 3772
0 0
3773 3774
0 0
3775 3777
3776 0
0 0
3778 0
3779 4366
3780 4365
3781 4362
3782 4361
3783 4358
3784 4357
3785 3787
3786 0
0 0
3788 0
3789 4355
3790 0
3791 3793
3792 0
0 0
3794 3795
0 0
3796 4353
3797 3798
0 0
3799 3800
0 0
3801 4352
3802 4350
3803 0
3804 4347
3805 3806
0 0
3807 3809
3808 0
0 0
3810 4345
3811 4344
3812 4341
3813 3814
0 0
3815 4338
3816 3818
3817 0
0 0
3819 4337
3820 0
3821 4335
3822 0
3823 3824
0 0
3825 4332
3826 4331
3827 4328
3828 3829
0 0
3830 4327
3831 4325
3832 3834
3833 0
0 0
3835 4323
3836 3838
3837 0
0 0
3839 4322
3840 3842
3841 0
0 0
3843 0
3844 4320
3845 4317
3846 4314
3847 3849
3848 0
0 0
3850 4313
3851 4311
3852 3853
0 0
3854 4310
3855 3856
0 0
3857 4308
3858 4306
3859 3860
0 0
3861 3863
3862 0
0 0
3864 4305
3865 4304
3866 4303
3867 4301
3868 4298
3869 4296
3870 4295
3871 4293
3872 4292
3873 4290
3874 4289
3875 0
3876 0
3877 4287
3878 3879
0 0
3880 3881
0 0
3882 4285
3883 3885
3884 0
0 0
3886 4283
3887 4280
3888 4278
3889 4275
3890 0
3891 3892
0 0
3893 3894
0 0
3895 4273
3896 4270
3897 4268
3898 3899
0 0
3900 3901
0 0
3902 0
3903 4267
3904 3906
3905 0
0 0
3907 3909
3908 0
0 0
3910 3912
3911 0
0 0
3913 3915
3914 0
0 0
3916 4264
3917 4263
3918 3919
0 0
3920 4260
3921 3922
0 0
3923 4259
3924 4256
3925 0
3926 0
3927 4255
3928 4254
3929 3930
0 0
3931 4251
3932 4250
3933 3935
3934 0
0 0
3936 4249
3937 4092
3938 0
3939 3941
3940 0
0 0
3942 0
3943 3945
3944 0
0 0
3946 3948
3947 0
0 0
3949 3950
0 0
3951 0
3952 3954
3953 0
0 0
3955 0
3956 4091
3957 0
3958 0
3959 4089
3960 3962
3961 0
0 0
3963 3964
0 0
3965 4088
3966 4086
3967 3969
3968 0
0 0
3970 4084
3971 4081
3972 4080
3973 4077
3974 4076
3975 4074
3976 4072
3977 3979
3978 0
0 0
3980 4071
3981 3982
0 0
3983 4069
3984 0
3985 4067
3986 0
3987 0
3988 4066
3989 4065
3990 4063
3991 3993
3992 0
0 0
3994 3995
0 0
3996 3997
0 0
3998 3999
0 0
4000 0
4001 4060
4002 4004
4003 0
0 0
4005 4006
0 0
4007 4008
0 0
4009 0
4010 4012
4011 0
0 0
4013 4015
4014 0
0 0
4016 0
4017 4019
4018 0
0 0
4020 4057
4021 4038
4022 0
4023 4024
0 0
4025 4027
4026 0
0 0
4028 4035
4029 0
4030 4031
0 0
4032 0
4033 4034
0 0
0 0
4036 0
4037 0
0 0
4039 0
4040 0
4041 0
4042 4044
4043 0
0 0
4045 4050
4046 4047
0 0
4048 4049
0 0
0 0
4051 4053
4052 0
0 0
4054 0
4055 4056
0 0
0 0
4058 4059
0 0
0 0
4061 4062
0 0
0 0
4064 0
0 0
0 0
0 0
4068 0
0 0
4070 0
0 0
0 0
4073 0
0 0
4075 0
0 0
0 0
4078 4079
0 0
0 0
0 0
4082 4083
0 0
0 0
4085 0
0 0
4087 0
0 0
0 0
4090 0
0 0
0 0
4093 4246
4094 4244
4095 4243
4096 4097
0 0
4098 4100
4099 0
0 0
4101 0
4102 4241
4103 0
4104 0
4105 0
4106 4238
4107 4237
4108 4110
4109 0
0 0
4111 0
4112 4113
0 0
4114 4234
4115 4232
4116 4117
0 0
4118 4174
4119 4121
4120 0
0 0
4122 4172
4123 0
4124 0
4125 4169
4126 0
4127 4129
4128 0
0 0
4130 4167
4131 4164
4132 4162
4133 4161
4134 4136
4135 0
0 0
4137 4138
0 0
4139 4141
4140 0
0 0
4142 0
4143 4159
4144 4145
0 0
4146 0
4147 4157
4148 4149
0 0
4150 4155
4151 4153
4152 0
0 0
4154 0
0 0
4156 0
0 0
4158 0
0 0
4160 0
0 0
0 0
4163 0
0 0
4165 0
4166 0
0 0
4168 0
0 0
4170 0
4171 0
0 0
4173 0
0 0
4175 4176
0 0
4177 0
4178 4229
4179 4180
0 0
4181 4226
4182 4184
4183 0
0 0
4185 4187
4186 0
0 0
4188 4190
4189 0
0 0
4191 4192
0 0
4193 0
4194 4209
4195 4206
4196 4198
4197 0
0 0
4199 0
4200 4205
4201 4202
0 0
4203 0
4204 0
0 0
0 0
4207 0
4208 0
0 0
4210 4225
4211 4213
4212 0
0 0
4214 4215
0 0
4216 4224
4217 0
4218 4222
4219 0
4220 4221
0 0
0 0
4223 0
0 0
0 0
0 0
4227 4228
0 0
0 0
4230 0
4231 0
0 0
4233 0
0 0
4235 0
4236 0
0 0
0 0
4239 0
4240 0
0 0
4242 0
0 0
0 0
4245 0
0 0
4247 0
4248 0
0 0
0 0
0 0
4252 4253
0 0
0 0
0 0
0 0
4257 0
4258 0
0 0
0 0
4261 0
4262 0
0 0
0 0
4265 0
4266 0
0 0
0 0
4269 0
0 0
4271 4272
0 0
0 0
4274 0
0 0
4276 0
4277 0
0 0
4279 0
0 0
4281 4282
0 0
0 0
4284 0
0 0
4286 0
0 0
4288 0
0 0
0 0
4291 0
0 0
0 0
4294 0
0 0
0 0
4297 0
0 0
4299 4300
0 0
0 0
4302 0
0 0
0 0
0 0
0 0
4307 0
0 0
4309 0
0 0
0 0
4312 0
0 0
0 0
4315 0
4316 0
0 0
4318 0
4319 0
0 0
4321 0
0 0
0 0
4324 0
0 0
4326 0
0 0
0 0
4329 0
4330 0
0 0
0 0
4333 0
4334 0
0 0
4336 0
0 0
0 0
4339 4340
0 0
0 0
4342 4343
0 0
0 0
0 0
4346 0
0 0
4348 0
4349 0
0 0
4351 0
0 0
0 0
4354 0
0 0
4356 0
0 0
0 0
4359 0
4360 0
0 0
0 0
4363 4364
0 0
0 0
0 0
4367 4368
0 0
4369 4371
4370 0
0 0
4372 4373
0 0
4374 4951
4375 4949
4376 0
4377 4378
0 0
4379 4948
4380 4946
4381 4943
4382 4942
4383 4385
4384 0
0 0
4386 4388
4387 0
0 0
4389 4939
4390 4936
4391 4935
4392 4933
4393 4932
4394 4929
4395 0
4396 4926
4397 4923
4398 4921
4399 4918
4400 4402
4401 0
0 0
4403 4404
0 0
4405 4917
4406 4914
4407 4913
4408 0
4409 4411
4410 0
0 0
4412 0
4413 4912
4414 4909
4415 4908
4416 4905
4417 0
4418 0
4419 4420
0 0
4421 4423
4422 0
0 0
4424 4664
4425 4426
0 0
4427 4662
4428 4661
4429 4658
4430 4431
0 0
4432 4656
4433 4654
4434 4653
4435 4651
4436 4437
0 0
4438 4648
4439 4440
0 0
4441 4647
4442 4646
4443 4445
4444 0
0 0
4446 4545
4447 4448
0 0
4449 0
4450 0
4451 0
4452 4544
4453 0
4454 0
4455 4542
4456 0
4457 4459
4458 0
0 0
4460 4539
4461 4462
0 0
4463 0
4464 4466
4465 0
0 0
4467 4536
4468 4469
0 0
4470 4535
4471 4534
4472 4532
4473 4475
4474 0
0 0
4476 4531
4477 0
4478 4480
4479 0
0 0
4481 4482
0 0
4483 4506
4484 4486
4485 0
0 0
4487 4504
4488 4490
4489 0
0 0
4491 4503
4492 4502
4493 4500
4494 4499
4495 4496
0 0
4497 0
4498 0
0 0
0 0
4501 0
0 0
0 0
0 0
4505 0
0 0
4507 4530
4508 4509
0 0
4510 4511
0 0
4512 4513
0 0
4514 4527
4515 4516
0 0
4517 4524
4518 4521
4519 4520
0 0
0 0
4522 0
4523 0
0 0
4525 4526
0 0
0 0
4528 0
4529 0
0 0
0 0
0 0
4533 0
0 0
0 0
0 0
4537 0
4538 0
0 0
4540 0
4541 0
0 0
4543 0
0 0
0 0
4546 4643
4547 4640
4548 4549
0 0
4550 4552
4551 0
0 0
4553 4638
4554 4636
4555 0
4556 4635
4557 4558
0 0
4559 4634
4560 4633
4561 0
4562 4631
4563 4565
4564 0
0 0
4566 4629
4567 4626
4568 4569
0 0
4570 4623
4571 4572
0 0
4573 4621
4574 4620
4575 0
4576 0
4577 4578
0 0
4579 0
4580 4581
0 0
4582 4618
4583 4584
0 0
4585 0
4586 4615
4587 4589
4588 0
0 0
4590 4612
4591 4610
4592 4608
4593 4606
4594 4605
4595 4602
4596 0
4597 4600
4598 4599
0 0
0 0
4601 0
0 0
4603 4604
0 0
0 0
0 0
4607 0
0 0
4609 0
0 0
4611 0
0 0
4613 0
4614 0
0 0
4616 4617
0 0
0 0
4619 0
0 0
0 0
4622 0
0 0
4624 0
4625 0
0 0
4627 0
4628 0
0 0
4630 0
0 0
4632 0
0 0
0 0
0 0
0 0
4637 0
0 0
4639 0
0 0
4641 0
4642 0
0 0
4644 4645
0 0
0 0
0 0
0 0
4649 4650
0 0
0 0
4652 0
0 0
0 0
4655 0
0 0
4657 0
0 0
4659 0
4660 0
0 0
0 0
4663 0
0 0
4665 4904
4666 4901
4667 4668
0 0
4669 4900
4670 4898
4671 4673
4672 0
0 0
4674 4675
0 0
4676 0
4677 4897
4678 4679
0 0
4680 4682
4681 0
0 0
4683 4684
0 0
4685 4896
4686 4894
4687 4689
4688 0
0 0
4690 0
4691 4893
4692 4892
4693 4695
4694 0
0 0
4696 4698
4697 0
0 0
4699 4890
4700 4889
4701 4888
4702 4887
4703 4704
0 0
4705 4886
4706 4883
4707 0
4708 4881
4709 4879
4710 4877
4711 4876
4712 4874
4713 4873
4714 4716
4715 0
0 0
4717 4871
4718 4870
4719 4869
4720 4721
0 0
4722 4724
4723 0
0 0
4725 4727
4726 0
0 0
4728 4798
4729 0
4730 4731
0 0
4732 0
4733 0
4734 4797
4735 4736
0 0
4737 4796
4738 4793
4739 4741
4740 0
0 0
4742 4792
4743 4790
4744 4787
4745 0
4746 4747
0 0
4748 4786
4749 4784
4750 4783
4751 0
4752 4753
0 0
4754 4782
4755 4779
4756 4758
4757 0
0 0
4759 4778
4760 4761
0 0
4762 4764
4763 0
0 0
4765 4771
4766 4767
0 0
4768 4769
0 0
4770 0
0 0
4772 4774
4773 0
0 0
4775 4776
0 0
4777 0
0 0
0 0
4780 0
4781 0
0 0
0 0
0 0
4785 0
0 0
0 0
4788 4789
0 0
0 0
4791 0
0 0
0 0
4794 4795
0 0
0 0
0 0
0 0
4799 4868
4800 0
4801 4867
4802 4866
4803 4805
4804 0
0 0
4806 4807
0 0
4808 4863
4809 4810
0 0
4811 4862
4812 4859
4813 4856
4814 4816
4815 0
0 0
4817 4819
4818 0
0 0
4820 4854
4821 4822
0 0
4823 4824
0 0
4825 4851
4826 4828
4827 0
0 0
4829 4848
4830 4832
4831 0
0 0
4833 4834
0 0
4835 4836
0 0
4837 4846
4838 4840
4839 0
0 0
4841 4842
0 0
4843 0
4844 0
4845 0
0 0
4847 0
0 0
4849 4850
0 0
0 0
4852 0
4853 0
0 0
4855 0
0 0
4857 0
4858 0
0 0
4860 0
4861 0
0 0
0 0
4864 0
4865 0
0 0
0 0
0 0
0 0
0 0
0 0
4872 0
0 0
0 0
4875 0
0 0
0 0
4878 0
0 0
4880 0
0 0
4882 0
0 0
4884 0
4885 0
0 0
0 0
0 0
0 0
0 0
4891 0
0 0
0 0
0 0
4895 0
0 0
0 0
0 0
4899 0
0 0
0 0
4902 4903
0 0
0 0
0 0
4906 0
4907 0
0 0
0 0
4910 4911
0 0
0 0
0 0
0 0
4915 0
4916 0
0 0
0 0
4919 4920
0 0
0 0
4922 0
0 0
4924 4925
0 0
0 0
4927 0
4928 0
0 0
4930 4931
0 0
0 0
0 0
4934 0
0 0
0 0
4937 0
4938 0
0 0
4940 0
4941 0
0 0
0 0
4944 4945
0 0
0 0
4947 0
0 0
0 0
4950 0
0 0
4952 0
4953 0
0 0
0 0
4956 4957
0 0
0 0
0 0
0 0
4961 0
0 0
4963 0
0 0
4965 0
0 0
0 0
4968 4969
0 0
0 0
0 0
4972 0
0 0
4974 4975
0 0
0 0
4977 4978
0 0
0 0
0 0
4981 0
0 0
0 0
0 0
4985 0
0 0
0 0
4988 0
4989 0
0 0
4991 0
0 0
4993 0
0 0
4995 0
0 0
4997 0
0 0
4999 0
5000 0
0 0
0 0
0 0
0 0
5005 9996
5006 9993
5007 9990
5008 9987
5009 0
5010 5011
0 0
5012 5014
5013 0
0 0
5015 5017
5016 0
0 0
5018 5019
0 0
5020 0
5021 9986
5022 5023
0 0
5024 5026
5025 0
0 0
5027 5028
0 0
5029 9983
5030 9981
5031 9979
5032 5033
0 0
5034 9977
5035 9975
5036 9973
5037 9971
5038 5040
5039 0
0 0
5041 9969
5042 5043
0 0
5044 0
5045 9968
5046 5048
5047 0
0 0
5049 9967
5050 5052
5051 0
0 0
5053 9964
5054 0
5055 5056
0 0
5057 9963
5058 9962
5059 0
5060 0
5061 9961
5062 5063
0 0
5064 9958
5065 9956
5066 9953
5067 5069
5068 0
0 0
5070 9950
5071 9947
5072 5074
5073 0
0 0
5075 9944
5076 9941
5077 5079
5078 0
0 0
5080 9939
5081 9937
5082 0
5083 7509
5084 5086
5085 0
0 0
5087 7508
5088 7505
5089 5090
0 0
5091 7504
5092 7501
5093 6296
5094 6294
5095 0
5096 5098
5097 0
0 0
5099 5100
0 0
5101 0
5102 0
5103 5105
5104 0
0 0
5106 6293
5107 6291
5108 5109
0 0
5110 0
5111 0
5112 5114
5113 0
0 0
5115 6290
5116 6288
5117 6287
5118 6286
5119 6285
5120 0
5121 5122
0 0
5123 5125
5124 0
0 0
5126 6282
5127 6280
5128 5130
5129 0
0 0
5131 5133
5132 0
0 0
5134 5136
5135 0
0 0
5137 0
5138 6278
5139 6275
5140 0
5141 6272
5142 6270
5143 5144
0 0
5145 6268
5146 6265
5147 5149
5148 0
0 0
5150 6263
5151 5153
5152 0
0 0
5154 5156
5155 0
0 0
5157 6260
5158 5159
0 0
5160 6259
5161 6256
5162 6253
5163 5165
5164 0
0 0
5166 6250
5167 5168
0 0
5169 5709
5170 5707
5171 5706
5172 5705
5173 0
5174 5704
5175 5701
5176 5177
0 0
5178 5180
5179 0
0 0
5181 5700
5182 5697
5183 0
5184 5185
0 0
5186 5187
0 0
5188 5189
0 0
5190 5694
5191 5691
5192 5441
5193 5439
5194 5438
5195 5437
5196 5197
0 0
5198 5435
5199 5201
5200 0
0 0
5202 5203
0 0
5204 5432
5205 0
5206 5429
5207 5428
5208 5209
0 0
5210 5212
5211 0
0 0
5213 5426
5214 5423
5215 5216
0 0
5217 5420
5218 5418
5219 5415
5220 5221
0 0
5222 5412
5223 5410
5224 5226
5225 0
0 0
5227 5229
5228 0
0 0
5230 5409
5231 0
5232 5408
5233 5406
5234 5404
5235 5237
5236 0
0 0
5238 5403
5239 5240
0 0
5241 5400
5242 5320
5243 0
5244 5317
5245 5314
5246 5247
0 0
5248 5249
0 0
5250 5313
5251 5312
5252 5309
5253 5306
5254 5255
0 0
5256 5305
5257 5258
0 0
5259 5281
5260 5279
5261 5278
5262 5277
5263 5274
5264 5273
5265 5271
5266 5269
5267 5268
0 0
0 0
5270 0
0 0
5272 0
0 0
0 0
5275 0
5276 0
0 0
0 0
0 0
5280 0
0 0
5282 5302
5283 5300
5284 5285
0 0
5286 0
5287 0
5288 5299
5289 5298
5290 5291
0 0
5292 5293
0 0
5294 5295
0 0
5296 5297
0 0
0 0
0 0
0 0
5301 0
0 0
5303 0
5304 0
0 0
0 0
5307 0
5308 0
0 0
5310 0
5311 0
0 0
0 0
0 0
5315 0
5316 0
0 0
5318 0
5319 0
0 0
5321 5322
0 0
5323 5398
5324 0
5325 0
5326 5328
5327 0
0 0
5329 5330
0 0
5331 5396
5332 5394
5333 5391
5334 5335
0 0
5336 5338
5337 0
0 0
5339 5388
5340 5385
5341 5382
5342 5379
5343 5344
0 0
5345 5378
5346 0
5347 0
5348 5349
0 0
5350 0
5351 5377
5352 5375
5353 5373
5354 5370
5355 5369
5356 5358
5357 0
0 0
5359 0
5360 5367
5361 5362
0 0
5363 5364
0 0
5365 5366
0 0
0 0
5368 0
0 0
0 0
5371 5372
0 0
0 0
5374 0
0 0
5376 0
0 0
0 0
0 0
5380 5381
0 0
0 0
5383 0
5384 0
0 0
5386 5387
0 0
0 0
5389 0
5390 0
0 0
5392 5393
0 0
0 0
5395 0
0 0
5397 0
0 0
5399 0
0 0
5401 5402
0 0
0 0
0 0
5405 0
0 0
5407 0
0 0
0 0
0 0
5411 0
0 0
5413 0
5414 0
0 0
5416 0
5417 0
0 0
5419 0
0 0
5421 0
5422 0
0 0
5424 0
5425 0
0 0
5427 0
0 0
0 0
5430 5431
0 0
0 0
5433 5434
0 0
0 0
5436 0
0 0
0 0
0 0
5440 0
0 0
5442 5444
5443 0
0 0
5445 5688
5446 5447
0 0
5448 5450
5449 0
0 0
5451 5453
5452 0
0 0
5454 5685
5455 5569
5456 5568
5457 5566
5458 5460
5459 0
0 0
5461 5564
5462 5464
5463 0
0 0
5465 5467
5466 0
0 0
5468 0
5469 0
5470 5563
5471 5562
5472 5474
5473 0
0 0
5475 0
5476 5477
0 0
5478 5479
0 0
5480 5560
5481 5520
5482 5517
5483 5485
5484 0
0 0
5486 0
5487 5514
5488 5490
5489 0
0 0
5491 5492
0 0
5493 5511
5494 5508
5495 5497
5496 0
0 0
5498 5499
0 0
5500 0
5501 5507
5502 5504
5503 0
0 0
5505 5506
0 0
0 0
0 0
5509 5510
0 0
0 0
5512 5513
0 0
0 0
5515 0
5516 0
0 0
5518 5519
0 0
0 0
5521 5523
5522 0
0 0
5524 5557
5525 5540
5526 5528
5527 0
0 0
5529 0
5530 5531
0 0
5532 5534
5533 0
0 0
5535 0
5536 5537
0 0
5538 0
5539 0
0 0
5541 5554
5542 5553
5543 5550
5544 5548
5545 0
5546 0
5547 0
0 0
5549 0
0 0
5551 0
5552 0
0 0
0 0
5555 5556
0 0
0 0
5558 5559
0 0
0 0
5561 0
0 0
0 0
0 0
5565 0
0 0
5567 0
0 0
0 0
5570 5682
5571 5681
5572 5679
5573 5575
5574 0
0 0
5576 5577
0 0
5578 5579
0 0
5580 5677
5581 5582
0 0
5583 5676
5584 5586
5585 0
0 0
5587 5674
5588 5672
5589 5670
5590 5592
5591 0
0 0
5593 5594
0 0
5595 0
5596 5668
5597 0
5598 5600
5599 0
0 0
5601 5665
5602 5662
5603 5604
0 0
5605 5606
0 0
5607 0
5608 5661
5609 5659
5610 5657
5611 5613
5612 0
0 0
5614 0
5615 5656
5616 5618
5617 0
0 0
5619 5653
5620 0
5621 5652
5622 0
5623 5651
5624 5649
5625 5646
5626 5627
0 0
5628 5629
0 0
5630 0
5631 5633
5632 0
0 0
5634 5635
0 0
5636 5638
5637 0
0 0
5639 5641
5640 0
0 0
5642 5643
0 0
5644 0
5645 0
0 0
5647 0
5648 0
0 0
5650 0
0 0
0 0
0 0
5654 0
5655 0
0 0
0 0
5658 0
0 0
5660 0
0 0
0 0
5663 5664
0 0
0 0
5666 5667
0 0
0 0
5669 0
0 0
5671 0
0 0
5673 0
0 0
5675 0
0 0
0 0
5678 0
0 0
5680 0
0 0
0 0
5683 5684
0 0
0 0
5686 0
5687 0
0 0
5689 0
5690 0
0 0
5692 0
5693 0
0 0
5695 5696
0 0
0 0
5698 5699
0 0
0 0
0 0
5702 5703
0 0
0 0
0 0
0 0
0 0
5708 0
0 0
5710 6248
5711 5712
0 0
5713 5714
0 0
5715 0
5716 5718
5717 0
0 0
5719 0
5720 5721
0 0
5722 0
5723 6247
5724 5725
0 0
5726 6244
5727 6241
5728 6239
5729 6236
5730 0
5731 5733
5732 0
0 0
5734 5736
5735 0
0 0
5737 0
5738 6235
5739 5740
0 0
5741 6233
5742 0
5743 5744
0 0
5745 6231
5746 6230
5747 5749
5748 0
0 0
5750 5751
0 0
5752 6227
5753 5755
5754 0
0 0
5756 6225
5757 6222
5758 5760
5759 0
0 0
5761 6219
5762 5763
0 0
5764 5766
5765 0
0 0
5767 6218
5768 6216
5769 5770
0 0
5771 6214
5772 5773
0 0
5774 6212
5775 6211
5776 5777
0 0
5778 6210
5779 0
5780 6209
5781 6208
5782 6205
5783 5785
5784 0
0 0
5786 6204
5787 6201
5788 0
5789 5790
0 0
5791 0
5792 6198
5793 6196
5794 6193
5795 5993
5796 0
5797 5991
5798 5799
0 0
5800 5989
5801 5986
5802 0
5803 5983
5804 0
5805 5807
5806 0
0 0
5808 5895
5809 5810
0 0
5811 5894
5812 0
5813 5893
5814 0
5815 5816
0 0
5817 5891
5818 0
5819 5821
5820 0
0 0
5822 5889
5823 0
5824 5826
5825 0
0 0
5827 5888
5828 5887
5829 5884
5830 5882
5831 5879
5832 5876
5833 5873
5834 5872
5835 5836
0 0
5837 5870
5838 0
5839 5840
0 0
5841 0
5842 5867
5843 0
5844 0
5845 5846
0 0
5847 5864
5848 5849
0 0
5850 5852
5851 0
0 0
5853 5855
5854 0
0 0
5856 5858
5857 0
0 0
5859 5862
5860 0
5861 0
0 0
5863 0
0 0
5865 0
5866 0
0 0
5868 0
5869 0
0 0
5871 0
0 0
0 0
5874 0
5875 0
0 0
5877 5878
0 0
0 0
5880 5881
0 0
0 0
5883 0
0 0
5885 5886
0 0
0 0
0 0
0 0
5890 0
0 0
5892 0
0 0
0 0
0 0
5896 5897
0 0
5898 5981
5899 5980
5900 5977
5901 5902
0 0
5903 5905
5904 0
0 0
5906 5974
5907 5973
5908 5910
5909 0
0 0
5911 0
5912 5914
5913 0
0 0
5915 5917
5916 0
0 0
5918 5970
5919 5921
5920 0
0 0
5922 0
5923 5967
5924 0
5925 5926
0 0
5927 0
5928 5929
0 0
5930 5932
5931 0
0 0
5933 5934
0 0
5935 5937
5936 0
0 0
5938 5965
5939 5941
5940 0
0 0
5942 5944
5943 0
0 0
5945 5962
5946 5947
0 0
5948 5960
5949 5957
5950 5951
0 0
5952 5956
5953 5954
0 0
5955 0
0 0
0 0
5958 5959
0 0
0 0
5961 0
0 0
5963 0
5964 0
0 0
5966 0
0 0
5968 0
5969 0
0 0
5971 0
5972 0
0 0
0 0
5975 0
5976 0
0 0
5978 0
5979 0
0 0
0 0
5982 0
0 0
5984 0
5985 0
0 0
5987 0
5988 0
0 0
5990 0
0 0
5992 0
0 0
5994 6192
5995 6189
5996 6188
5997 5999
5998 0
0 0
6000 6001
0 0
6002 6185
6003 6004
0 0
6005 6184
6006 6182
6007 0
6008 6180
6009 6094
6010 6091
6011 6012
0 0
6013 6014
0 0
6015 6017
6016 0
0 0
6018 6089
6019 6021
6020 0
0 0
6022 6087
6023 6025
6024 0
0 0
6026 0
6027 6085
6028 0
6029 6083
6030 6081
6031 6079
6032 6076
6033 6073
6034 6036
6035 0
0 0
6037 6072
6038 6070
6039 6069
6040 6068
6041 0
6042 6044
6043 0
0 0
6045 6046
0 0
6047 0
6048 6050
6049 0
0 0
6051 6053
6052 0
0 0
6054 6066
6055 6056
0 0
6057 6063
6058 0
6059 6061
6060 0
0 0
6062 0
0 0
6064 0
6065 0
0 0
6067 0
0 0
0 0
0 0
6071 0
0 0
0 0
6074 0
6075 0
0 0
6077 6078
0 0
0 0
6080 0
0 0
6082 0
0 0
6084 0
0 0
6086 0
0 0
6088 0
0 0
6090 0
0 0
6092 6093
0 0
0 0
6095 6096
0 0
6097 6178
6098 0
6099 6100
0 0
6101 6177
6102 6103
0 0
6104 6105
0 0
6106 6176
6107 6109
6108 0
0 0
6110 0
6111 6175
6112 0
6113 6114
0 0
6115 0
6116 6118
6117 0
0 0
6119 6174
6120 6121
0 0
6122 6172
6123 6169
6124 6168
6125 6166
6126 6164
6127 0
6128 6130
6129 0
0 0
6131 6132
0 0
6133 6163
6134 6162
6135 6136
0 0
6137 0
6138 6160
6139 6141
6140 0
0 0
6142 6143
0 0
6144 6159
6145 6156
6146 6148
6147 0
0 0
6149 6155
6150 0
6151 6152
0 0
6153 0
6154 0
0 0
0 0
6157 6158
0 0
0 0
0 0
6161 0
0 0
0 0
0 0
6165 0
0 0
6167 0
0 0
0 0
6170 0
6171 0
0 0
6173 0
0 0
0 0
0 0
0 0
0 0
6179 0
0 0
6181 0
0 0
6183 0
0 0
0 0
6186 6187
0 0
0 0
0 0
6190 6191
0 0
0 0
0 0
6194 0
6195 0
0 0
6197 0
0 0
6199 6200
0 0
0 0
6202 0
6203 0
0 0
0 0
6206 6207
0 0
0 0
0 0
0 0
0 0
0 0
6213 0
0 0
6215 0
0 0
6217 0
0 0
0 0
6220 0
6221 0
0 0
6223 0
6224 0
0 0
6226 0
0 0
6228 6229
0 0
0 0
0 0
6232 0
0 0
6234 0
0 0
0 0
6237 0
6238 0
0 0
6240 0
0 0
6242 6243
0 0
0 0
6245 6246
0 0
0 0
0 0
6249 0
0 0
6251 0
6252 0
0 0
6254 6255
0 0
0 0
6257 0
6258 0
0 0
0 0
6261 6262
0 0
0 0
6264 0
0 0
6266 6267
0 0
0 0
6269 0
0 0
6271 0
0 0
6273 0
6274 0
0 0
6276 6277
0 0
0 0
6279 0
0 0
6281 0
0 0
6283 0
6284 0
0 0
0 0
0 0
0 0
6289 0
0 0
0 0
6292 0
0 0
0 0
6295 0
0 0
6297 0
6298 6300
6299 0
0 0
6301 7499
6302 6303
0 0
6304 7497
6305 6306
0 0
6307 7494
6308 7491
6309 7490
6310 6311
0 0
6312 6314
6313 0
0 0
6315 7487
6316 7484
6317 6900
6318 6320
6319 0
0 0
6321 0
6322 0
6323 6899
6324 6325
0 0
6326 6328
6327 0
0 0
6329 6897
6330 6894
6331 6891
6332 6889
6333 0
6334 6888
6335 6336
0 0
6337 6339
6338 0
0 0
6340 6341
0 0
6342 6344
6343 0
0 0
6345 6347
6346 0
0 0
6348 0
6349 6351
6350 0
0 0
6352 6354
6353 0
0 0
6355 6887
6356 6358
6357 0
0 0
6359 6884
6360 0
6361 6883
6362 6363
0 0
6364 6881
6365 6367
6366 0
0 0
6368 6878
6369 6875
6370 6372
6371 0
0 0
6373 6874
6374 0
6375 6377
6376 0
0 0
6378 0
6379 6871
6380 6381
0 0
6382 6869
6383 6866
6384 6385
0 0
6386 6864
6387 6388
0 0
6389 6861
6390 6392
6391 0
0 0
6393 0
6394 6860
6395 6396
0 0
6397 6857
6398 6400
6399 0
0 0
6401 6855
6402 6852
6403 6405
6404 0
0 0
6406 6851
6407 6848
6408 6845
6409 6844
6410 6843
6411 6413
6412 0
0 0
6414 0
6415 6840
6416 6837
6417 6418
0 0
6419 6835
6420 0
6421 0
6422 6628
6423 6627
6424 6624
6425 6427
6426 0
0 0
6428 6621
6429 6620
6430 6431
0 0
6432 6433
0 0
6434 6617
6435 6616
6436 6615
6437 0
6438 6612
6439 6440
0 0
6441 6610
6442 6608
6443 0
6444 6606
6445 0
6446 6603
6447 6602
6448 6524
6449 6450
0 0
6451 6522
6452 6520
6453 6517
6454 6455
0 0
6456 6457
0 0
6458 6460
6459 0
0 0
6461 6514
6462 6511
6463 6464
0 0
6465 6508
6466 6505
6467 0
6468 6502
6469 6501
6470 6500
6471 6499
6472 6496
6473 6494
6474 6476
6475 0
0 0
6477 6492
6478 0
6479 6489
6480 6487
6481 0
6482 6484
6483 0
0 0
6485 6486
0 0
0 0
6488 0
0 0
6490 6491
0 0
0 0
6493 0
0 0
6495 0
0 0
6497 0
6498 0
0 0
0 0
0 0
0 0
6503 6504
0 0
0 0
6506 6507
0 0
0 0
6509 6510
0 0
0 0
6512 0
6513 0
0 0
6515 0
6516 0
0 0
6518 0
6519 0
0 0
6521 0
0 0
6523 0
0 0
6525 6599
6526 0
6527 6597
6528 6594
6529 6531
6530 0
0 0
6532 6592
6533 0
6534 6536
6535 0
0 0
6537 6591
6538 6588
6539 6540
0 0
6541 6587
6542 6543
0 0
6544 6565
6545 0
6546 6562
6547 6561
6548 6549
0 0
6550 6552
6551 0
0 0
6553 6559
6554 6557
6555 6556
0 0
0 0
6558 0
0 0
6560 0
0 0
0 0
6563 0
6564 0
0 0
6566 0
6567 6584
6568 6570
6569 0
0 0
6571 0
6572 6583
6573 0
6574 6580
6575 6576
0 0
6577 6578
0 0
6579 0
0 0
6581 6582
0 0
0 0
0 0
6585 0
6586 0
0 0
0 0
6589 0
6590 0
0 0
0 0
6593 0
0 0
6595 6596
0 0
0 0
6598 0
0 0
6600 0
6601 0
0 0
0 0
6604 6605
0 0
0 0
6607 0
0 0
6609 0
0 0
6611 0
0 0
6613 0
6614 0
0 0
0 0
0 0
6618 6619
0 0
0 0
0 0
6622 0
6623 0
0 0
6625 6626
0 0
0 0
0 0
6629 6631
6630 0
0 0
6632 6634
6633 0
0 0
6635 6636
0 0
6637 6639
6638 0
0 0
6640 0
6641 6737
6642 6736
6643 6644
0 0
6645 0
6646 6735
6647 6649
6648 0
0 0
6650 6732
6651 6653
6652 0
0 0
6654 6655
0 0
6656 6731
6657 6658
0 0
6659 6661
6660 0
0 0
6662 6663
0 0
6664 6665
0 0
6666 0
6667 6730
6668 0
6669 0
6670 6727
6671 6672
0 0
6673 6724
6674 6676
6675 0
0 0
6677 0
6678 6723
6679 6681
6680 0
0 0
6682 0
6683 6722
6684 6686
6685 0
0 0
6687 0
6688 0
6689 6719
6690 0
6691 6717
6692 6694
6693 0
0 0
6695 6716
6696 6715
6697 6699
6698 0
0 0
6700 6712
6701 6709
6702 6706
6703 6705
6704 0
0 0
0 0
6707 6708
0 0
0 0
6710 0
6711 0
0 0
6713 0
6714 0
0 0
0 0
0 0
6718 0
0 0
6720 0
6721 0
0 0
0 0
0 0
6725 0
6726 0
0 0
6728 0
6729 0
0 0
0 0
0 0
6733 0
6734 0
0 0
0 0
0 0
6738 6834
6739 6831
6740 6741
0 0
6742 6828
6743 6744
0 0
6745 6825
6746 6748
6747 0
0 0
6749 6824
6750 0
6751 6753
6752 0
0 0
6754 6755
0 0
6756 6822
6757 6758
0 0
6759 6819
6760 6818
6761 6817
6762 6763
0 0
6764 6766
6765 0
0 0
6767 6768
0 0
6769 6815
6770 6771
0 0
6772 6813
6773 6811
6774 0
6775 6777
6776 0
0 0
6778 6808
6779 6805
6780 6804
6781 6782
0 0
6783 6784
0 0
6785 0
6786 6788
6787 0
0 0
6789 0
6790 6792
6791 0
0 0
6793 6801
6794 6796
6795 0
0 0
6797 6800
6798 0
6799 0
0 0
0 0
6802 0
6803 0
0 0
0 0
6806 6807
0 0
0 0
6809 0
6810 0
0 0
6812 0
0 0
6814 0
0 0
6816 0
0 0
0 0
0 0
6820 0
6821 0
0 0
6823 0
0 0
0 0
6826 0
6827 0
0 0
6829 0
6830 0
0 0
6832 6833
0 0
0 0
0 0
6836 0
0 0
6838 0
6839 0
0 0
6841 6842
0 0
0 0
0 0
0 0
6846 0
6847 0
0 0
6849 0
6850 0
0 0
0 0
6853 0
6854 0
0 0
6856 0
0 0
6858 0
6859 0
0 0
0 0
6862 6863
0 0
0 0
6865 0
0 0
6867 0
6868 0
0 0
6870 0
0 0
6872 0
6873 0
0 0
0 0
6876 6877
0 0
0 0
6879 0
6880 0
0 0
6882 0
0 0
0 0
6885 6886
0 0
0 0
0 0
0 0
6890 0
0 0
6892 0
6893 0
0 0
6895 6896
0 0
0 0
6898 0
0 0
0 0
6901 7483
6902 0
6903 0
6904 7480
6905 7479
6906 0
6907 6908
0 0
6909 0
6910 7194
6911 6912
0 0
6913 7192
6914 0
6915 6916
0 0
6917 7191
6918 7190
6919 7187
6920 0
6921 0
6922 6924
6923 0
0 0
6925 6927
6926 0
0 0
6928 6929
0 0
6930 0
6931 6933
6932 0
0 0
6934 6935
0 0
6936 0
6937 6939
6938 0
0 0
6940 7185
6941 6942
0 0
6943 7183
6944 6945
0 0
6946 7182
6947 7179
6948 6949
0 0
6950 7064
6951 7062
6952 7059
6953 7056
6954 7053
6955 0
6956 7050
6957 7049
6958 6960
6959 0
0 0
6961 7046
6962 7043
6963 7041
6964 7040
6965 6967
6966 0
0 0
6968 6970
6969 0
0 0
6971 6972
0 0
6973 0
6974 7038
6975 7036
6976 0
6977 7034
6978 7033
6979 6980
0 0
6981 6982
0 0
6983 7032
6984 7030
6985 6986
0 0
6987 6989
6988 0
0 0
6990 7027
6991 7024
6992 7021
6993 6994
0 0
6995 7018
6996 7016
6997 7006
6998 6999
0 0
7000 7001
0 0
7002 7005
7003 0
7004 0
0 0
0 0
7007 7013
7008 7011
7009 0
7010 0
0 0
7012 0
0 0
7014 7015
0 0
0 0
7017 0
0 0
7019 7020
0 0
0 0
7022 7023
0 0
0 0
7025 0
7026 0
0 0
7028 0
7029 0
0 0
7031 0
0 0
0 0
0 0
7035 0
0 0
7037 0
0 0
7039 0
0 0
0 0
7042 0
0 0
7044 7045
0 0
0 0
7047 0
7048 0
0 0
0 0
7051 7052
0 0
0 0
7054 7055
0 0
0 0
7057 0
7058 0
0 0
7060 7061
0 0
0 0
7063 0
0 0
7065 7177
7066 7068
7067 0
0 0
7069 7174
7070 0
7071 7172
7072 7169
7073 7075
7074 0
0 0
7076 0
7077 7166
7078 7165
7079 7081
7080 0
0 0
7082 7084
7083 0
0 0
7085 7163
7086 7087
0 0
7088 7090
7089 0
0 0
7091 7162
7092 0
7093 7161
7094 7159
7095 7158
7096 7155
7097 7152
7098 7149
7099 7100
0 0
7101 7146
7102 7103
0 0
7104 7145
7105 7143
7106 7140
7107 7138
7108 7135
7109 0
7110 7133
7111 7131
7112 0
7113 7129
7114 7126
7115 7116
0 0
7117 7118
0 0
7119 7121
7120 0
0 0
7122 7123
0 0
7124 7125
0 0
0 0
7127 0
7128 0
0 0
7130 0
0 0
7132 0
0 0
7134 0
0 0
7136 7137
0 0
0 0
7139 0
0 0
7141 7142
0 0
0 0
7144 0
0 0
0 0
7147 7148
0 0
0 0
7150 0
7151 0
0 0
7153 0
7154 0
0 0
7156 7157
0 0
0 0
0 0
7160 0
0 0
0 0
0 0
7164 0
0 0
0 0
7167 7168
0 0
0 0
7170 7171
0 0
0 0
7173 0
0 0
7175 0
7176 0
0 0
7178 0
0 0
7180 7181
0 0
0 0
0 0
7184 0
0 0
7186 0
0 0
7188 7189
0 0
0 0
0 0
0 0
7193 0
0 0
7195 7476
7196 7474
7197 7471
7198 0
7199 7468
7200 0
7201 0
7202 7467
7203 7204
0 0
7205 7206
0 0
7207 7466
7208 0
7209 0
7210 7211
0 0
7212 7213
0 0
7214 7216
7215 0
0 0
7217 7218
0 0
7219 7463
7220 7222
7221 0
0 0
7223 7224
0 0
7225 7226
0 0
7227 7228
0 0
7229 7462
7230 7231
0 0
7232 7460
7233 7458
7234 0
7235 7236
0 0
7237 7238
0 0
7239 0
7240 0
7241 7456
7242 7454
7243 7244
0 0
7245 7452
7246 7450
7247 7449
7248 7446
7249 7444
7250 7346
7251 0
7252 7344
7253 0
7254 7255
0 0
7256 7343
7257 7341
7258 7338
7259 7337
7260 7334
7261 7262
0 0
7263 0
7264 7332
7265 7330
7266 7268
7267 0
0 0
7269 7271
7270 0
0 0
7272 7274
7273 0
0 0
7275 0
7276 7277
0 0
7278 7279
0 0
7280 7329
7281 7327
7282 7325
7283 7284
0 0
7285 7322
7286 7288
7287 0
0 0
7289 7320
7290 7292
7291 0
0 0
7293 7318
7294 0
7295 7296
0 0
7297 7315
7298 0
7299 7313
7300 7312
7301 0
7302 7306
7303 7304
0 0
7305 0
0 0
7307 7309
7308 0
0 0
7310 0
7311 0
0 0
0 0
7314 0
0 0
7316 7317
0 0
0 0
7319 0
0 0
7321 0
0 0
7323 7324
0 0
0 0
7326 0
0 0
7328 0
0 0
0 0
7331 0
0 0
7333 0
0 0
7335 0
7336 0
0 0
0 0
7339 0
7340 0
0 0
7342 0
0 0
0 0
7345 0
0 0
7347 7442
7348 7441
7349 7351
7350 0
0 0
7352 7353
0 0
7354 0
7355 7438
7356 7435
7357 7359
7358 0
0 0
7360 7432
7361 0
7362 7363
0 0
7364 7430
7365 7429
7366 7426
7367 7425
7368 0
7369 7371
7370 0
0 0
7372 7422
7373 7397
7374 7394
7375 7393
7376 0
7377 7392
7378 7379
0 0
7380 7381
0 0
7382 7386
7383 7385
7384 0
0 0
0 0
7387 7388
0 0
7389 0
7390 0
7391 0
0 0
0 0
0 0
7395 7396
0 0
0 0
7398 7399
0 0
7400 7402
7401 0
0 0
7403 7420
7404 7417
7405 0
7406 7416
7407 7414
7408 0
7409 7413
7410 0
7411 0
7412 0
0 0
0 0
7415 0
0 0
0 0
7418 0
7419 0
0 0
7421 0
0 0
7423 0
7424 0
0 0
0 0
7427 0
7428 0
0 0
0 0
7431 0
0 0
7433 0
7434 0
0 0
7436 7437
0 0
0 0
7439 0
7440 0
0 0
0 0
7443 0
0 0
7445 0
0 0
7447 7448
0 0
0 0
0 0
7451 0
0 0
7453 0
0 0
7455 0
0 0
7457 0
0 0
7459 0
0 0
7461 0
0 0
0 0
7464 7465
0 0
0 0
0 0
0 0
7469 0
7470 0
0 0
7472 0
7473 0
0 0
7475 0
0 0
7477 7478
0 0
0 0
0 0
7481 7482
0 0
0 0
0 0
7485 7486
0 0
0 0
7488 7489
0 0
0 0
0 0
7492 0
7493 0
0 0
7495 7496
0 0
0 0
7498 0
0 0
7500 0
0 0
7502 0
7503 0
0 0
0 0
7506 0
7507 0
0 0
0 0
7510 9936
7511 7512
0 0
7513 7515
7514 0
0 0
7516 7518
7517 0
0 0
7519 9934
7520 9933
7521 0
7522 9930
7523 7524
0 0
7525 9929
7526 9926
7527 9925
7528 9923
7529 7530
0 0
7531 7533
7532 0
0 0
7534 8728
7535 7537
7536 0
0 0
7538 8132
7539 8130
7540 8128
7541 7543
7542 0
0 0
7544 0
7545 8125
7546 7547
0 0
7548 8122
7549 8119
7550 8117
7551 8114
7552 8112
7553 7555
7554 0
0 0
7556 8109
7557 0
7558 0
7559 8106
7560 8105
7561 8104
7562 8102
7563 7565
7564 0
0 0
7566 7567
0 0
7568 7834
7569 7570
0 0
7571 7831
7572 7829
7573 7827
7574 0
7575 7577
7576 0
0 0
7578 7826
7579 7824
7580 0
7581 7582
0 0
7583 7585
7584 0
0 0
7586 0
7587 7822
7588 7590
7589 0
0 0
7591 7593
7592 0
0 0
7594 7821
7595 7597
7596 0
0 0
7598 7820
7599 7817
7600 7601
0 0
7602 7604
7603 0
0 0
7605 0
7606 7816
7607 0
7608 7814
7609 0
7610 7812
7611 0
7612 7809
7613 7614
0 0
7615 0
7616 7808
7617 0
7618 7620
7619 0
0 0
7621 7806
7622 7803
7623 0
7624 7800
7625 7797
7626 7794
7627 7792
7628 0
7629 7790
7630 0
7631 7632
0 0
7633 7787
7634 7786
7635 7637
7636 0
0 0
7638 7639
0 0
7640 7783
7641 7780
7642 0
7643 0
7644 7646
7645 0
0 0
7647 7649
7648 0
0 0
7650 7778
7651 0
7652 0
7653 0
7654 7776
7655 7773
7656 0
7657 7659
7658 0
0 0
7660 7662
7661 0
0 0
7663 0
7664 7770
7665 0
7666 7768
7667 0
7668 7766
7669 7764
7670 7671
0 0
7672 7763
7673 7674
0 0
7675 7718
7676 7716
7677 0
7678 7714
7679 0
7680 7682
7681 0
0 0
7683 7713
7684 0
7685 0
7686 0
7687 0
7688 7689
0 0
7690 7711
7691 7693
7692 0
0 0
7694 7695
0 0
7696 7697
0 0
7698 7709
7699 0
7700 7701
0 0
7702 7704
7703 0
0 0
7705 7708
7706 0
7707 0
0 0
0 0
7710 0
0 0
7712 0
0 0
0 0
7715 0
0 0
7717 0
0 0
7719 7720
0 0
7721 7761
7722 0
7723 7759
7724 0
7725 7727
7726 0
0 0
7728 7757
7729 7755
7730 7753
7731 0
7732 7750
7733 0
7734 7748
7735 7745
7736 7743
7737 7741
7738 7740
7739 0
0 0
0 0
7742 0
0 0
7744 0
0 0
7746 0
7747 0
0 0
7749 0
0 0
7751 0
7752 0
0 0
7754 0
0 0
7756 0
0 0
7758 0
0 0
7760 0
0 0
7762 0
0 0
0 0
7765 0
0 0
7767 0
0 0
7769 0
0 0
7771 7772
0 0
0 0
7774 0
7775 0
0 0
7777 0
0 0
7779 0
0 0
7781 7782
0 0
0 0
7784 0
7785 0
0 0
0 0
7788 0
7789 0
0 0
7791 0
0 0
7793 0
0 0
7795 0
7796 0
0 0
7798 0
7799 0
0 0
7801 0
7802 0
0 0
7804 7805
0 0
0 0
7807 0
0 0
0 0
7810 0
7811 0
0 0
7813 0
0 0
7815 0
0 0
0 0
7818 0
7819 0
0 0
0 0
0 0
7823 0
0 0
7825 0
0 0
0 0
7828 0
0 0
7830 0
0 0
7832 0
7833 0
0 0
7835 0
7836 8100
7837 8097
7838 7839
0 0
7840 7841
0 0
7842 8094
7843 7845
7844 0
0 0
7846 7847
0 0
7848 7850
7849 0
0 0
7851 8092
7852 8091
7853 7854
0 0
7855 8090
7856 8089
7857 7859
7858 0
0 0
7860 8087
7861 7973
7862 7971
7863 0
7864 7969
7865 7867
7866 0
0 0
7868 0
7869 7966
7870 7965
7871 7963
7872 7917
7873 7914
7874 7913
7875 7912
7876 7911
7877 7910
7878 7907
7879 7906
7880 7882
7881 0
0 0
7883 7885
7884 0
0 0
7886 7903
7887 7889
7888 0
0 0
7890 7891
0 0
7892 7900
7893 7898
7894 7896
7895 0
0 0
7897 0
0 0
7899 0
0 0
7901 0
7902 0
0 0
7904 0
7905 0
0 0
0 0
7908 0
7909 0
0 0
0 0
0 0
0 0
0 0
7915 7916
0 0
0 0
7918 0
7919 7962
7920 7921
0 0
7922 7959
7923 7957
7924 7925
0 0
7926 0
7927 7954
7928 7953
7929 7931
7930 0
0 0
7932 7934
7933 0
0 0
7935 7936
0 0
7937 7939
7938 0
0 0
7940 7941
0 0
7942 7950
7943 7949
7944 7946
7945 0
0 0
7947 0
7948 0
0 0
0 0
7951 0
7952 0
0 0
0 0
7955 0
7956 0
0 0
7958 0
0 0
7960 7961
0 0
0 0
0 0
7964 0
0 0
0 0
7967 0
7968 0
0 0
7970 0
0 0
7972 0
0 0
7974 8084
7975 7976
0 0
7977 8030
7978 8028
7979 8026
7980 0
7981 7983
7982 0
0 0
7984 8004
7985 7987
7986 0
0 0
7988 8001
7989 8000
7990 7992
7991 0
0 0
7993 7999
7994 0
7995 7998
7996 0
7997 0
0 0
0 0
0 0
0 0
8002 0
8003 0
0 0
8005 8007
8006 0
0 0
8008 8023
8009 8021
8010 0
8011 8018
8012 8017
8013 8015
8014 0
0 0
8016 0
0 0
0 0
8019 8020
0 0
0 0
8022 0
0 0
8024 0
8025 0
0 0
8027 0
0 0
8029 0
0 0
8031 0
8032 0
8033 8083
8034 0
8035 8037
8036 0
0 0
8038 0
8039 8080
8040 8079
8041 8078
8042 8076
8043 8075
8044 8074
8045 0
8046 8072
8047 0
8048 0
8049 8069
8050 8067
8051 8065
8052 8063
8053 8062
8054 8061
8055 8060
8056 8057
0 0
8058 8059
0 0
0 0
0 0
0 0
0 0
8064 0
0 0
8066 0
0 0
8068 0
0 0
8070 8071
0 0
0 0
8073 0
0 0
0 0
0 0
8077 0
0 0
0 0
0 0
8081 8082
0 0
0 0
0 0
8085 0
8086 0
0 0
8088 0
0 0
0 0
0 0
0 0
8093 0
0 0
8095 8096
0 0
0 0
8098 0
8099 0
0 0
8101 0
0 0
8103 0
0 0
0 0
0 0
8107 0
8108 0
0 0
8110 0
8111 0
0 0
8113 0
0 0
8115 0
8116 0
0 0
8118 0
0 0
8120 8121
0 0
0 0
8123 0
8124 0
0 0
8126 8127
0 0
0 0
8129 0
0 0
8131 0
0 0
8133 8134
0 0
8135 8725
8136 8137
0 0
8138 8140
8139 0
0 0
8141 8722
8142 8143
0 0
8144 8719
8145 8716
8146 8715
8147 8149
8148 0
0 0
8150 8151
0 0
8152 8153
0 0
8154 0
8155 8157
8156 0
0 0
8158 8436
8159 8433
8160 8430
8161 8427
8162 8424
8163 0
8164 8166
8165 0
0 0
8167 8421
8168 8420
8169 8171
8170 0
0 0
8172 0
8173 8419
8174 8418
8175 8416
8176 8177
0 0
8178 8415
8179 8412
8180 8409
8181 0
8182 8183
0 0
8184 8406
8185 8187
8186 0
0 0
8188 8404
8189 8190
0 0
8191 8402
8192 8400
8193 8194
0 0
8195 8398
8196 8396
8197 8198
0 0
8199 8201
8200 0
0 0
8202 8394
8203 8391
8204 8388
8205 8385
8206 8384
8207 8381
8208 8380
8209 8211
8210 0
0 0
8212 8378
8213 8375
8214 8215
0 0
8216 8374
8217 8373
8218 8220
8219 0
0 0
8221 8370
8222 8224
8223 0
0 0
8225 8367
8226 8228
8227 0
0 0
8229 8365
8230 8232
8231 0
0 0
8233 8235
8234 0
0 0
8236 8238
8237 0
0 0
8239 8241
8240 0
0 0
8242 8243
0 0
8244 8363
8245 8362
8246 8359
8247 8248
0 0
8249 8358
8250 8357
8251 8356
8252 8254
8253 0
0 0
8255 0
8256 8257
0 0
8258 8354
8259 0
8260 8352
8261 8351
8262 8348
8263 8347
8264 8344
8265 0
8266 8268
8267 0
0 0
8269 8270
0 0
8271 8273
8272 0
0 0
8274 0
8275 0
8276 8277
0 0
8278 8343
8279 0
8280 8282
8281 0
0 0
8283 8284
0 0
8285 8286
0 0
8287 0
8288 8289
0 0
8290 8341
8291 8292
0 0
8293 8295
8294 0
0 0
8296 8340
8297 0
8298 8300
8299 0
0 0
8301 8302
0 0
8303 8305
8304 0
0 0
8306 8307
0 0
8308 8309
0 0
8310 0
8311 0
8312 8339
8313 8338
8314 8336
8315 8316
0 0
8317 8335
8318 8320
8319 0
0 0
8321 8327
8322 8324
8323 0
0 0
8325 0
8326 0
0 0
8328 8330
8329 0
0 0
8331 8332
0 0
8333 0
8334 0
0 0
0 0
8337 0
0 0
0 0
0 0
0 0
8342 0
0 0
0 0
8345 0
8346 0
0 0
0 0
8349 0
8350 0
0 0
0 0
8353 0
0 0
8355 0
0 0
0 0
0 0
0 0
8360 0
8361 0
0 0
0 0
8364 0
0 0
8366 0
0 0
8368 0
8369 0
0 0
8371 0
8372 0
0 0
0 0
0 0
8376 8377
0 0
0 0
8379 0
0 0
0 0
8382 0
8383 0
0 0
0 0
8386 0
8387 0
0 0
8389 0
8390 0
0 0
8392 0
8393 0
0 0
8395 0
0 0
8397 0
0 0
8399 0
0 0
8401 0
0 0
8403 0
0 0
8405 0
0 0
8407 0
8408 0
0 0
8410 0
8411 0
0 0
8413 8414
0 0
0 0
0 0
8417 0
0 0
0 0
0 0
0 0
8422 8423
0 0
0 0
8425 8426
0 0
0 0
8428 8429
0 0
0 0
8431 8432
0 0
0 0
8434 0
8435 0
0 0
8437 8712
8438 8574
8439 0
8440 8572
8441 8570
8442 8568
8443 8565
8444 8564
8445 8447
8446 0
0 0
8448 8563
8449 8561
8450 8558
8451 8452
0 0
8453 8556
8454 8455
0 0
8456 0
8457 8458
0 0
8459 0
8460 8554
8461 8551
8462 0
8463 8549
8464 8465
0 0
8466 0
8467 0
8468 8546
8469 8471
8470 0
0 0
8472 8545
8473 8544
8474 8475
0 0
8476 8543
8477 8478
0 0
8479 8542
8480 0
8481 8482
0 0
8483 8485
8484 0
0 0
8486 8540
8487 8537
8488 8489
0 0
8490 8535
8491 8493
8492 0
0 0
8494 8533
8495 8530
8496 8529
8497 8528
8498 8526
8499 8523
8500 8501
0 0
8502 8520
8503 8518
8504 8515
8505 8513
8506 8507
0 0
8508 0
8509 8512
8510 0
8511 0
0 0
0 0
8514 0
0 0
8516 0
8517 0
0 0
8519 0
0 0
8521 0
8522 0
0 0
8524 0
8525 0
0 0
8527 0
0 0
0 0
0 0
8531 8532
0 0
0 0
8534 0
0 0
8536 0
0 0
8538 8539
0 0
0 0
8541 0
0 0
0 0
0 0
0 0
0 0
8547 8548
0 0
0 0
8550 0
0 0
8552 0
8553 0
0 0
8555 0
0 0
8557 0
0 0
8559 0
8560 0
0 0
8562 0
0 0
0 0
0 0
8566 8567
0 0
0 0
8569 0
0 0
8571 0
0 0
8573 0
0 0
8575 8709
8576 8577
0 0
8578 8708
8579 8706
8580 8704
8581 8701
8582 0
8583 8584
0 0
8585 8698
8586 8695
8587 8694
8588 8692
8589 0
8590 8592
8591 0
0 0
8593 8594
0 0
8595 8597
8596 0
0 0
8598 8689
8599 8688
8600 0
8601 8602
0 0
8603 8604
0 0
8605 8687
8606 8608
8607 0
0 0
8609 8610
0 0
8611 8685
8612 8684
8613 8615
8614 0
0 0
8616 8617
0 0
8618 0
8619 0
8620 8621
0 0
8622 8623
0 0
8624 8682
8625 8679
8626 8627
0 0
8628 8676
8629 8631
8630 0
0 0
8632 8634
8633 0
0 0
8635 8675
8636 8673
8637 0
8638 8639
0 0
8640 8671
8641 8668
8642 8644
8643 0
0 0
8645 8667
8646 8647
0 0
8648 8664
8649 8662
8650 8659
8651 8657
8652 8654
8653 0
0 0
8655 8656
0 0
0 0
8658 0
0 0
8660 0
8661 0
0 0
8663 0
0 0
8665 8666
0 0
0 0
0 0
8669 8670
0 0
0 0
8672 0
0 0
8674 0
0 0
0 0
8677 0
8678 0
0 0
8680 0
8681 0
0 0
8683 0
0 0
0 0
8686 0
0 0
0 0
0 0
8690 8691
0 0
0 0
8693 0
0 0
0 0
8696 8697
0 0
0 0
8699 0
8700 0
0 0
8702 8703
0 0
0 0
8705 0
0 0
8707 0
0 0
0 0
8710 0
8711 0
0 0
8713 0
8714 0
0 0
0 0
8717 8718
0 0
0 0
8720 8721
0 0
0 0
8723 8724
0 0
0 0
8726 0
8727 0
0 0
8729 0
8730 0
8731 8732
0 0
8733 0
8734 9921
8735 9920
8736 9919
8737 8738
0 0
8739 8741
8740 0
0 0
8742 9917
8743 9914
8744 9913
8745 9910
8746 9909
8747 9907
8748 0
8749 0
8750 9904
8751 9902
8752 9899
8753 8755
8754 0
0 0
8756 9898
8757 9895
8758 9893
8759 8760
0 0
8761 8762
0 0
8763 9892
8764 8765
0 0
8766 8767
0 0
8768 9891
8769 9890
8770 8771
0 0
8772 8773
0 0
8774 8776
8775 0
0 0
8777 8779
8778 0
0 0
8780 9888
8781 0
8782 8783
0 0
8784 8785
0 0
8786 0
8787 9885
8788 9882
8789 8790
0 0
8791 9879
8792 8793
0 0
8794 9878
8795 9877
8796 9875
8797 9874
8798 9871
8799 9870
8800 9868
8801 9865
8802 8804
8803 0
0 0
8805 8807
8806 0
0 0
8808 9864
8809 8811
8810 0
0 0
8812 8813
0 0
8814 0
8815 8817
8816 0
0 0
8818 9861
8819 8820
0 0
8821 9858
8822 0
8823 0
8824 8826
8825 0
0 0
8827 9342
8828 9340
8829 8831
8830 0
0 0
8832 9339
8833 9336
8834 8836
8835 0
0 0
8837 8838
0 0
8839 9335
8840 9333
8841 9332
8842 0
8843 0
8844 9330
8845 8846
0 0
8847 9329
8848 8850
8849 0
0 0
8851 9326
8852 8854
8853 0
0 0
8855 0
8856 9323
8857 9320
8858 9317
8859 9314
8860 8862
8861 0
0 0
8863 9311
8864 9309
8865 9306
8866 9303
8867 8869
8868 0
0 0
8870 0
8871 9300
8872 8873
0 0
8874 8875
0 0
8876 9298
8877 0
8878 8879
0 0
8880 0
8881 9295
8882 9294
8883 9291
8884 9290
8885 8887
8886 0
0 0
8888 8889
0 0
8890 9288
8891 8892
0 0
8893 8895
8894 0
0 0
8896 9285
8897 0
8898 9282
8899 8901
8900 0
0 0
8902 9281
8903 8904
0 0
8905 8907
8906 0
0 0
8908 9280
8909 8911
8910 0
0 0
8912 8913
0 0
8914 0
8915 8917
8916 0
0 0
8918 9277
8919 9275
8920 9274
8921 8922
0 0
8923 0
8924 9271
8925 9268
8926 8928
8927 0
0 0
8929 9267
8930 8932
8931 0
0 0
8933 9264
8934 9262
8935 9259
8936 0
8937 9258
8938 9257
8939 8941
8940 0
0 0
8942 9099
8943 9096
8944 9093
8945 9091
8946 8948
8947 0
0 0
8949 0
8950 9089
8951 9087
8952 8953
0 0
8954 9084
8955 9083
8956 8958
8957 0
0 0
8959 8961
8960 0
0 0
8962 9080
8963 9079
8964 8966
8965 0
0 0
8967 9076
8968 8969
0 0
8970 9075
8971 9074
8972 9073
8973 9070
8974 8976
8975 0
0 0
8977 9069
8978 0
8979 8981
8980 0
0 0
8982 9068
8983 0
8984 9065
8985 9063
8986 9060
8987 9058
8988 0
8989 9056
8990 8991
0 0
8992 0
8993 0
8994 9055
8995 0
8996 9054
8997 8998
0 0
8999 9053
9000 0
9001 0
9002 0
9003 9052
9004 0
9005 9051
9006 9008
9007 0
0 0
9009 9048
9010 9011
0 0
9012 9046
9013 9014
0 0
9015 9017
9016 0
0 0
9018 9044
9019 9042
9020 9040
9021 0
9022 9038
9023 9036
9024 9035
9025 0
9026 9033
9027 0
9028 0
9029 9031
9030 0
0 0
9032 0
0 0
9034 0
0 0
0 0
9037 0
0 0
9039 0
0 0
9041 0
0 0
9043 0
0 0
9045 0
0 0
9047 0
0 0
9049 0
9050 0
0 0
0 0
0 0
0 0
0 0
0 0
9057 0
0 0
9059 0
0 0
9061 0
9062 0
0 0
9064 0
0 0
9066 9067
0 0
0 0
0 0
0 0
9071 9072
0 0
0 0
0 0
0 0
0 0
9077 9078
0 0
0 0
0 0
9081 0
9082 0
0 0
0 0
9085 9086
0 0
0 0
9088 0
0 0
9090 0
0 0
9092 0
0 0
9094 9095
0 0
0 0
9097 9098
0 0
0 0
9100 9102
9101 0
0 0
9103 9104
0 0
9105 0
9106 0
9107 9108
0 0
9109 9182
9110 9111
0 0
9112 9179
9113 9176
9114 0
9115 9174
9116 9173
9117 9170
9118 0
9119 0
9120 9122
9121 0
0 0
9123 9169
9124 0
9125 0
9126 9167
9127 9165
9128 0
9129 0
9130 9131
0 0
9132 9163
9133 9161
9134 9159
9135 9136
0 0
9137 9156
9138 9140
9139 0
0 0
9141 9143
9142 0
0 0
9144 9145
0 0
9146 9155
9147 9153
9148 0
9149 0
9150 9152
9151 0
0 0
0 0
9154 0
0 0
0 0
9157 0
9158 0
0 0
9160 0
0 0
9162 0
0 0
9164 0
0 0
9166 0
0 0
9168 0
0 0
0 0
9171 0
9172 0
0 0
0 0
9175 0
0 0
9177 9178
0 0
0 0
9180 0
9181 0
0 0
9183 9256
9184 9254
9185 9252
9186 9249
9187 9246
9188 0
9189 0
9190 9191
0 0
9192 9245
9193 9195
9194 0
0 0
9196 9242
9197 9241
9198 9240
9199 9237
9200 9202
9201 0
0 0
9203 9205
9204 0
0 0
9206 9234
9207 9209
9208 0
0 0
9210 9212
9211 0
0 0
9213 0
9214 9231
9215 9230
9216 0
9217 9218
0 0
9219 0
9220 9221
0 0
9222 9227
9223 9226
9224 0
9225 0
0 0
0 0
9228 9229
0 0
0 0
0 0
9232 9233
0 0
0 0
9235 9236
0 0
0 0
9238 0
9239 0
0 0
0 0
0 0
9243 9244
0 0
0 0
0 0
9247 9248
0 0
0 0
9250 9251
0 0
0 0
9253 0
0 0
9255 0
0 0
0 0
0 0
0 0
9260 0
9261 0
0 0
9263 0
0 0
9265 9266
0 0
0 0
0 0
9269 0
9270 0
0 0
9272 0
9273 0
0 0
0 0
9276 0
0 0
9278 0
9279 0
0 0
0 0
0 0
9283 9284
0 0
0 0
9286 0
9287 0
0 0
9289 0
0 0
0 0
9292 9293
0 0
0 0
0 0
9296 0
9297 0
0 0
9299 0
0 0
9301 9302
0 0
0 0
9304 9305
0 0
0 0
9307 9308
0 0
0 0
9310 0
0 0
9312 0
9313 0
0 0
9315 9316
0 0
0 0
9318 9319
0 0
0 0
9321 0
9322 0
0 0
9324 0
9325 0
0 0
9327 9328
0 0
0 0
0 0
9331 0
0 0
0 0
9334 0
0 0
0 0
9337 9338
0 0
0 0
0 0
9341 0
0 0
9343 0
9344 9346
9345 0
0 0
9347 9348
0 0
9349 9857
9350 9855
9351 9853
9352 9851
9353 9850
9354 9848
9355 9846
9356 9845
9357 9844
9358 0
9359 9842
9360 9841
9361 9600
9362 9363
0 0
9364 9366
9365 0
0 0
9367 9597
9368 0
9369 9595
9370 0
9371 9593
9372 9374
9373 0
0 0
9375 9376
0 0
9377 9590
9378 9588
9379 9380
0 0
9381 9587
9382 0
9383 9384
0 0
9385 9585
9386 9584
9387 9581
9388 9580
9389 9390
0 0
9391 9579
9392 0
9393 9395
9394 0
0 0
9396 9576
9397 9575
9398 0
9399 9573
9400 9571
9401 9570
9402 9568
9403 9404
0 0
9405 9407
9406 0
0 0
9408 9410
9409 0
0 0
9411 9565
9412 9564
9413 9563
9414 9415
0 0
9416 9561
9417 9559
9418 9556
9419 9555
9420 9552
9421 9550
9422 9424
9423 0
0 0
9425 9549
9426 9547
9427 0
9428 9544
9429 9542
9430 9540
9431 9539
9432 9433
0 0
9434 9538
9435 9537
9436 9437
0 0
9438 9440
9439 0
0 0
9441 9535
9442 9532
9443 9529
9444 9446
9445 0
0 0
9447 0
9448 9450
9449 0
0 0
9451 0
9452 9526
9453 9523
9454 9456
9455 0
0 0
9457 9521
9458 9460
9459 0
0 0
9461 0
9462 9518
9463 9464
0 0
9465 9467
9466 0
0 0
9468 9469
0 0
9470 0
9471 9515
9472 9473
0 0
9474 9476
9475 0
0 0
9477 0
9478 9512
9479 9481
9480 0
0 0
9482 9511
9483 9484
0 0
9485 9486
0 0
9487 9489
9488 0
0 0
9490 9510
9491 9508
9492 9494
9493 0
0 0
9495 0
9496 0
9497 9506
9498 0
9499 0
9500 9501
0 0
9502 9503
0 0
9504 9505
0 0
0 0
9507 0
0 0
9509 0
0 0
0 0
0 0
9513 0
9514 0
0 0
9516 0
9517 0
0 0
9519 0
9520 0
0 0
9522 0
0 0
9524 0
9525 0
0 0
9527 9528
0 0
0 0
9530 9531
0 0
0 0
9533 0
9534 0
0 0
9536 0
0 0
0 0
0 0
0 0
9541 0
0 0
9543 0
0 0
9545 9546
0 0
0 0
9548 0
0 0
0 0
9551 0
0 0
9553 0
9554 0
0 0
0 0
9557 0
9558 0
0 0
9560 0
0 0
9562 0
0 0
0 0
0 0
9566 9567
0 0
0 0
9569 0
0 0
0 0
9572 0
0 0
9574 0
0 0
0 0
9577 9578
0 0
0 0
0 0
0 0
9582 9583
0 0
0 0
0 0
9586 0
0 0
0 0
9589 0
0 0
9591 0
9592 0
0 0
9594 0
0 0
9596 0
0 0
9598 9599
0 0
0 0
9601 9839
9602 9837
9603 9835
9604 9834
9605 0
9606 9719
9607 9717
9608 9714
9609 9713
9610 9611
0 0
9612 0
9613 9712
9614 9616
9615 0
0 0
9617 9618
0 0
9619 9711
9620 0
9621 9623
9622 0
0 0
9624 9626
9625 0
0 0
9627 9628
0 0
9629 9630
0 0
9631 9632
0 0
9633 9710
9634 9708
9635 9706
9636 9638
9637 0
0 0
9639 9704
9640 0
9641 9702
9642 9644
9643 0
0 0
9645 9647
9646 0
0 0
9648 9701
9649 9698
9650 0
9651 9652
0 0
9653 9696
9654 9655
0 0
9656 9693
9657 9658
0 0
9659 9692
9660 9661
0 0
9662 9691
9663 9688
9664 9686
9665 9666
0 0
9667 0
9668 9683
9669 9681
9670 9680
9671 9678
9672 9675
9673 9674
0 0
0 0
9676 0
9677 0
0 0
9679 0
0 0
0 0
9682 0
0 0
9684 0
9685 0
0 0
9687 0
0 0
9689 9690
0 0
0 0
0 0
0 0
9694 0
9695 0
0 0
9697 0
0 0
9699 0
9700 0
0 0
0 0
9703 0
0 0
9705 0
0 0
9707 0
0 0
9709 0
0 0
0 0
0 0
0 0
0 0
9715 0
9716 0
0 0
9718 0
0 0
9720 9833
9721 9723
9722 0
0 0
9724 0
9725 0
9726 9832
9727 9831
9728 9828
9729 9826
9730 0
9731 9732
0 0
9733 9824
9734 9823
9735 9736
0 0
9737 9738
0 0
9739 9741
9740 0
0 0
9742 9822
9743 9744
0 0
9745 9746
0 0
9747 9749
9748 0
0 0
9750 9820
9751 9752
0 0
9753 9818
9754 0
9755 0
9756 9757
0 0
9758 9759
0 0
9760 9815
9761 9812
9762 9809
9763 9808
9764 9807
9765 9806
9766 9803
9767 0
9768 9770
9769 0
0 0
9771 0
9772 9774
9773 0
0 0
9775 0
9776 9800
9777 9798
9778 9796
9779 9795
9780 9793
9781 9783
9782 0
0 0
9784 9785
0 0
9786 0
9787 9788
0 0
9789 0
9790 0
9791 0
9792 0
0 0
9794 0
0 0
0 0
9797 0
0 0
9799 0
0 0
9801 0
9802 0
0 0
9804 9805
0 0
0 0
0 0
0 0
0 0
9810 9811
0 0
0 0
9813 9814
0 0
0 0
9816 0
9817 0
0 0
9819 0
0 0
9821 0
0 0
0 0
0 0
9825 0
0 0
9827 0
0 0
9829 9830
0 0
0 0
0 0
0 0
0 0
0 0
9836 0
0 0
9838 0
0 0
9840 0
0 0
0 0
9843 0
0 0
0 0
0 0
9847 0
0 0
9849 0
0 0
0 0
9852 0
0 0
9854 0
0 0
9856 0
0 0
0 0
9859 9860
0 0
0 0
9862 9863
0 0
0 0
0 0
9866 9867
0 0
0 0
9869 0
0 0
0 0
9872 9873
0 0
0 0
0 0
9876 0
0 0
0 0
0 0
9880 0
9881 0
0 0
9883 9884
0 0
0 0
9886 0
9887 0
0 0
9889 0
0 0
0 0
0 0
0 0
9894 0
0 0
9896 9897
0 0
0 0
0 0
9900 0
9901 0
0 0
9903 0
0 0
9905 0
9906 0
0 0
9908 0
0 0
0 0
9911 9912
0 0
0 0
0 0
9915 9916
0 0
0 0
9918 0
0 0
0 0
0 0
9922 0
0 0
9924 0
0 0
0 0
9927 0
9928 0
0 0
0 0
9931 0
9932 0
0 0
0 0
9935 0
0 0
0 0
9938 0
0 0
9940 0
0 0
9942 0
9943 0
0 0
9945 0
9946 0
0 0
9948 0
9949 0
0 0
9951 0
9952 0
0 0
9954 0
9955 0
0 0
9957 0
0 0
9959 9960
0 0
0 0
0 0
0 0
0 0
9965 9966
0 0
0 0
0 0
0 0
9970 0
0 0
9972 0
0 0
9974 0
0 0
9976 0
0 0
9978 0
0 0
9980 0
0 0
9982 0
0 0
9984 9985
0 0
0 0
0 0
9988 0
9989 0
0 0
9991 9992
0 0
0 0
9994 9995
0 0
0 0
0 0
9998 9999
0 0
0 0
0 0
