20 16 262
262 195 262 244 261 54 189 260 202 232 257 242 184 183 170 138
256 130 206 152 262 218 262 119 251 149 249 233 252 223 255 192
231 233 257 217 123 244 95 251 228 237 16 233 179 244 218 200
259 253 246 147 197 236 218 196 162 221 254 215 244 236 192 260
239 241 259 248 256 230 240 125 169 43 36 234 236 244 196 189
142 191 62 230 130 226 167 262 257 219 118 202 237 241 254 223
97 11 22 175 148 217 130 210 249 176 187 195 245 240 241 246
208 223 220 250 248 229 217 213 249 254 221 213 240 192 191 76
223 182 170 256 245 241 169 236 241 238 238 254 233 252 218 262
234 204 239 259 192 260 218 249 232 262 245 163 254 260 215 170
245 134 196 195 94 40 103 246 0 229 236 125 255 194 227 118
166 147 221 229 193 63 257 249 252 143 116 230 67 209 255 63
243 231 163 255 261 188 226 252 193 253 262 17 247 250 256 238
245 205 257 174 247 216 126 247 68 151 141 237 120 91 203 127
137 210 260 231 248 111 170 106 249 227 210 179 229 236 222 61
103 230 261 205 133 262 238 253 257 171 192 207 205 257 238 261
236 161 260 162 116 89 174 248 48 207 180 238 231 243 138 258
206 253 215 212 149 210 262 260 169 215 225 41 186 250 62 132
255 247 175 129 217 244 233 140 222 236 120 251 235 174 248 186
169 232 214 80 95 253 193 260 116 252 256 257 249 34 254 234
