10 20 419
366 274 262 340 316 378 376 283 219 387 412 320 138 246 372 302 362 396 256 373
239 384 345 270 384 233 378 263 36 365 319 305 199 311 218 238 145 112 107 222
404 338 405 415 376 412 142 401 364 245 385 356 418 322 400 377 170 302 376 334
291 109 374 399 286 237 397 130 379 265 300 371 404 417 372 411 150 258 318 90
204 408 274 409 250 381 284 276 391 352 413 235 147 399 403 224 127 277 373 357
357 363 337 411 408 354 353 382 398 372 0 401 386 305 245 322 414 401 270 282
419 386 413 157 351 347 324 393 122 242 241 224 104 178 416 287 348 365 232 140
414 381 355 71 204 310 382 389 394 339 362 310 407 395 270 403 171 307 370 292
338 235 411 405 240 352 389 365 272 400 215 408 399 414 411 296 418 404 397 288
367 400 383 404 373 370 418 416 367 223 309 360 304 194 396 416 99 412 278 230
