14 20 251
237 234 184 213 141 213 190 205 250 178 94 153 232 127 205 228 162 250 166 239
178 81 184 128 209 231 185 224 171 95 241 84 124 165 244 116 247 75 240 228
12 185 232 192 66 193 98 237 144 247 220 246 175 204 251 194 248 249 179 237
22 100 232 226 142 213 181 92 201 248 131 139 234 250 130 201 179 226 107 213
189 223 202 213 101 171 242 239 250 64 242 237 172 216 229 194 190 132 161 250
207 207 161 187 168 204 218 107 241 165 215 238 243 218 158 54 187 248 250 206
197 101 199 251 157 229 248 196 58 235 178 197 48 249 212 158 228 139 162 213
247 206 216 189 183 225 233 193 244 148 0 227 198 226 45 162 204 187 181 162
183 195 99 248 249 48 158 229 189 140 220 222 246 218 242 238 166 181 250 185
249 234 236 170 109 241 165 234 250 246 232 134 234 107 243 226 167 250 158 208
119 44 226 233 196 207 192 194 103 13 232 151 130 215 168 152 179 86 220 208
230 86 243 251 106 251 227 214 219 240 228 169 169 109 201 250 235 54 230 161
225 231 249 115 234 197 194 168 251 106 198 164 125 166 199 191 234 199 167 202
217 204 229 214 81 205 168 144 132 168 210 247 236 121 241 120 234 176 179 217
