13 15 300
123 265 297 166 176 220 135 299 225 156 113 271 241 294 239
249 104 273 106 253 282 166 159 179 151 235 295 202 123 96
124 147 273 108 122 154 127 168 142 223 253 275 136 147 100
300 228 151 143 192 140 120 209 268 290 191 212 151 270 299
253 233 168 109 127 135 102 218 123 96 259 99 200 276 290
154 282 166 186 226 300 116 243 187 138 114 160 158 202 177
225 242 294 153 143 136 103 93 118 109 97 152 95 274 147
230 223 294 163 156 212 147 96 290 109 221 99 238 121 294
137 293 120 258 192 157 201 168 260 186 122 175 108 131 142
204 179 297 184 293 289 154 188 232 221 282 297 247 97 295
181 225 195 264 225 192 158 134 280 118 209 173 129 261 275
150 186 282 244 212 206 220 150 244 147 277 136 177 167 219
132 168 155 157 133 268 240 214 273 115 179 204 132 211 248
