15 13 451
276 284 450 451 117 405 445 450 328 287 432 220 303
421 218 294 450 117 380 247 335 347 245 33 447 427
168 451 383 381 385 205 353 369 434 340 406 331 168
213 370 386 327 152 371 333 371 421 421 274 348 291
407 420 450 440 345 450 374 112 350 422 426 133 337
433 268 443 185 421 431 384 172 350 441 279 429 312
415 371 133 207 449 436 166 399 376 385 391 427 59
421 417 438 275 384 190 0 305 447 339 411 376 451
263 438 153 385 417 338 315 444 185 261 197 141 315
259 399 445 421 309 420 284 172 301 442 307 409 382
227 450 415 421 294 419 437 431 417 391 281 237 437
397 435 95 163 433 440 451 421 336 392 418 320 417
436 215 299 450 310 173 436 214 437 407 288 80 290
256 350 432 427 420 449 68 251 443 224 359 195 296
268 11 437 390 383 332 450 110 143 204 200 437 147
