23 25 500
264 174 118 455 212 292 276 285 476 322 96 427 135 406 409 126 474 255 252 369 485 438 260 107 369
477 281 238 424 232 376 464 142 381 281 468 488 487 353 100 454 128 244 322 424 341 464 101 173 144
261 243 133 138 171 495 107 141 214 286 466 448 115 141 346 304 265 452 466 445 284 411 335 218 456
265 357 104 80 476 284 468 123 200 307 137 253 168 292 280 291 264 350 277 203 316 259 214 268 400
152 93 110 196 154 478 335 376 162 274 396 413 123 380 154 472 214 257 314 161 147 365 466 340 118
470 164 442 405 444 383 401 206 376 340 379 448 349 273 485 124 497 90 464 101 371 313 197 479 145
463 95 461 315 295 391 341 371 84 344 321 327 349 383 323 453 88 171 89 227 179 474 203 201 270
491 116 104 369 348 464 469 388 385 189 450 82 389 368 259 261 472 134 280 139 197 341 375 169 256
196 399 368 362 459 261 427 386 314 154 205 250 99 449 460 458 192 345 156 444 77 412 276 456 477
100 222 385 241 190 468 76 139 493 247 349 498 102 232 324 280 180 406 302 138 326 419 491 387 362
317 290 120 257 353 212 314 158 156 266 357 456 492 251 387 413 437 216 451 213 460 344 229 242 353
484 113 209 430 229 135 454 307 224 150 493 464 75 410 304 376 331 144 359 326 431 412 465 79 352
394 210 103 237 90 374 83 129 150 171 378 199 82 320 129 360 384 170 247 329 346 82 230 143 461
314 399 140 473 489 413 111 87 360 259 262 210 194 316 270 363 470 134 326 447 415 318 141 406 241
131 140 113 464 108 330 436 386 335 200 381 141 102 242 341 480 186 474 199 439 253 358 282 290 264
309 267 141 99 189 104 185 204 476 472 261 375 297 359 418 304 346 369 76 402 405 251 124 410 94
87 406 417 425 393 329 405 290 172 406 402 92 367 177 267 263 132 490 141 237 147 263 347 190 485
91 128 199 200 217 96 388 449 407 207 444 469 153 108 158 182 238 387 356 390 110 335 257 466 119
322 328 280 346 334 324 342 188 107 440 365 384 148 455 271 278 270 330 464 149 369 317 310 274 87
447 313 359 334 198 372 193 363 176 98 209 303 283 349 281 468 226 129 475 153 124 358 191 341 401
338 293 312 198 469 423 404 327 117 81 275 426 309 305 371 391 311 348 163 456 351 443 337 380 324
272 290 247 439 95 214 114 276 366 122 126 391 204 135 321 131 190 83 138 212 425 300 120 406 124
376 384 476 361 263 262 138 79 144 487 190 190 217 475 86 456 238 305 263 149 265 271 184 469 232
