27 29 600
483 434 413 555 177 222 157 448 155 306 420 365 514 252 482 290 265 501 286 461 337 121 156 120 335 497 499 195 205
516 211 389 225 372 358 544 149 367 89 457 271 208 475 110 96 463 148 242 131 185 445 420 568 531 426 560 363 127
458 398 548 90 456 411 385 311 464 325 507 583 428 350 124 333 578 388 289 381 449 314 515 255 140 217 285 529 366
112 527 246 123 268 243 293 257 160 443 472 344 558 577 402 344 254 449 558 474 442 551 297 338 252 521 256 290 392
193 90 399 410 313 94 254 447 352 144 434 88 157 507 483 188 249 298 164 481 324 576 454 118 264 284 442 181 494
137 561 425 463 510 505 252 256 268 289 309 180 323 458 256 267 203 113 573 106 273 545 437 196 154 263 384 335 201
170 353 283 496 458 329 287 303 211 169 587 284 89 161 119 257 253 456 438 519 495 262 204 499 533 231 209 422 588
176 375 144 219 172 399 397 293 279 520 466 271 231 462 442 194 206 541 384 259 223 159 236 157 276 326 355 593 348
138 204 598 125 430 250 514 583 403 523 351 599 260 493 154 440 471 147 275 221 328 349 339 367 355 394 107 506 370
291 548 370 356 519 142 185 336 183 470 466 329 474 368 99 528 377 101 470 381 168 296 590 211 351 552 88 421 245
549 285 157 93 159 194 161 468 522 462 306 488 274 430 419 310 245 445 135 403 166 314 243 509 383 564 521 248 377
315 418 337 565 522 327 101 349 289 412 448 303 252 405 204 373 182 96 101 175 110 137 131 529 338 568 225 116 513
97 516 327 428 100 519 429 346 352 186 172 217 314 479 275 424 368 476 188 125 477 506 189 557 544 385 540 201 89
304 593 514 145 390 469 506 462 394 253 139 587 257 170 85 567 248 338 295 132 295 427 105 338 507 394 422 116 255
163 126 388 322 397 303 412 438 561 94 240 396 218 576 371 539 592 304 564 484 321 577 103 471 256 191 185 116 570
329 561 155 373 313 223 227 488 283 333 481 217 107 213 96 385 227 444 537 478 89 462 217 95 405 123 457 332 451
569 345 311 499 533 534 229 132 372 328 181 378 562 598 457 387 102 357 336 583 430 379 466 132 315 590 364 315 584
313 421 184 134 514 443 198 441 442 529 356 467 327 380 341 184 137 359 232 156 379 550 91 234 237 253 210 171 189
556 563 555 282 138 172 347 93 196 277 136 528 248 470 136 591 582 474 564 297 399 554 232 477 227 392 303 206 90
165 454 325 560 210 224 588 496 232 165 499 482 264 338 394 271 350 541 152 230 146 196 332 449 206 506 404 576 387
143 233 140 97 173 326 403 350 252 543 487 569 144 401 423 497 180 403 492 129 268 444 451 113 113 254 359 231 500
318 177 304 190 258 547 494 578 317 573 178 301 539 560 235 126 221 437 445 237 323 467 137 339 534 386 201 534 382
409 454 247 522 320 529 131 202 144 175 149 500 474 212 121 246 115 596 141 531 307 516 146 552 174 255 487 538 408
266 226 251 533 311 418 566 377 583 388 294 381 276 317 389 164 101 392 475 139 128 211 246 343 311 278 381 152 107
499 207 259 591 427 346 580 468 197 211 308 409 313 107 498 393 579 354 159 113 530 226 501 331 485 165 351 239 581
435 595 351 157 207 527 133 599 429 185 108 433 589 599 176 450 359 485 249 105 138 410 220 171 156 533 135 458 207
272 294 446 555 386 229 591 517 521 467 231 184 500 351 429 145 457 473 136 398 502 279 114 146 295 114 456 328 511
