33 35 700
234 625 104 574 340 519 61 418 52 318 240 452 167 384 177 60 607 144 46 211 616 148 463 15 627 201 94 644 696 34 72 647 380 438 497
666 345 359 494 649 368 599 352 602 312 212 74 329 555 481 641 146 623 585 89 141 431 558 508 57 528 235 377 265 325 473 674 96 89 633
230 160 220 79 296 177 20 57 662 159 512 177 11 467 113 509 362 445 476 302 347 497 87 424 141 452 377 221 199 398 111 398 82 361 354
157 555 666 308 254 113 287 429 684 234 407 638 41 388 198 317 216 116 333 230 207 685 557 642 215 608 7 98 308 411 37 445 216 259 289
198 42 445 412 307 299 549 316 20 115 574 159 362 637 450 346 74 365 700 635 592 10 326 383 371 265 361 607 321 233 678 204 659 515 174
241 218 450 237 582 549 469 539 307 200 399 629 145 595 568 453 43 200 285 448 416 124 287 382 273 307 609 59 483 579 447 261 14 560 452
449 692 83 174 250 373 106 70 320 349 606 259 288 73 543 42 357 536 243 594 44 462 438 682 629 27 349 379 179 504 128 481 197 92 162
171 196 7 319 558 459 239 507 41 119 283 673 193 176 257 573 481 140 531 119 218 192 230 121 545 535 480 667 527 634 123 608 549 603 177
451 481 270 188 460 287 548 491 223 503 245 377 551 144 586 263 36 99 621 278 237 149 361 469 140 301 502 681 116 298 375 458 523 279 420
15 115 93 517 95 463 544 334 167 672 66 248 252 244 407 61 622 101 357 520 307 329 637 681 238 27 182 83 89 266 31 304 549 200 151
188 679 106 231 424 264 496 419 85 567 67 605 643 457 6 607 473 448 459 611 87 458 301 294 118 414 266 325 318 50 316 317 74 170 374
66 374 477 129 264 5 413 125 51 687 603 92 640 29 397 251 504 642 351 46 675 691 596 293 73 117 499 613 31 66 435 101 24 593 585
35 177 526 227 477 95 41 623 516 43 217 532 366 237 207 552 656 695 440 420 267 538 355 697 559 696 321 638 290 59 55 682 269 508 587
454 296 685 162 479 57 103 408 29 306 240 179 609 493 14 620 118 353 82 329 197 253 415 205 475 510 292 571 386 465 666 177 671 121 436
287 274 136 553 47 335 681 495 242 300 203 333 211 629 510 199 253 265 512 38 301 264 317 651 57 244 15 536 678 208 116 399 207 508 267
116 74 550 416 265 42 325 279 502 28 626 408 11 551 551 689 698 233 683 630 178 141 500 513 117 325 496 514 563 199 170 340 513 108 563
72 379 135 131 450 357 620 189 400 462 297 506 154 509 231 576 425 1 347 310 671 691 309 57 259 33 642 225 384 602 87 374 627 452 692
508 429 546 294 520 457 107 121 174 321 306 668 89 463 232 176 351 142 696 560 550 600 425 75 294 677 195 619 494 385 56 337 49 252 332
212 535 564 5 692 210 599 467 219 466 170 549 672 180 281 607 435 120 441 274 205 626 276 632 686 252 460 422 15 316 150 204 124 70 180
195 194 121 501 675 505 102 227 626 385 456 144 523 142 655 280 500 3 173 202 477 647 567 336 616 149 540 393 660 519 361 289 573 477 193
28 201 634 525 44 658 215 40 327 389 177 31 194 505 7 113 50 408 623 612 475 28 273 525 419 565 245 369 231 408 490 313 635 347 612
207 77 17 343 20 336 340 195 307 264 461 646 440 510 254 508 251 116 557 344 459 592 453 24 363 131 246 49 667 68 337 477 235 191 244
417 127 524 358 670 486 494 167 151 493 490 115 483 399 344 146 658 405 549 453 78 176 566 91 263 616 320 111 468 36 511 495 65 394 239
357 178 92 105 86 240 524 264 385 676 392 598 560 534 278 578 351 577 333 633 356 480 434 204 240 601 342 128 420 482 114 284 441 649 565
168 580 688 385 591 332 545 261 491 477 414 400 72 482 577 397 136 295 473 80 242 531 562 224 234 437 44 359 378 475 109 290 360 411 651
501 359 469 449 299 614 130 550 245 473 243 394 452 637 272 350 87 399 193 514 672 545 677 622 152 551 343 637 351 193 232 578 283 694 16
609 11 420 331 132 563 314 90 460 404 296 363 203 585 252 467 205 401 526 366 124 39 276 34 232 175 581 154 558 585 156 51 217 118 339
563 172 217 8 71 540 595 517 14 201 353 222 344 199 45 346 200 40 699 650 694 508 321 9 527 487 205 494 444 339 383 24 191 623 470
194 591 683 491 612 648 412 651 254 400 52 505 9 55 183 311 374 164 396 556 628 98 515 511 636 297 61 388 2 50 546 359 87 337 631
161 511 350 11 428 79 276 561 130 52 493 177 508 299 413 173 472 148 37 687 644 76 574 65 322 291 152 125 175 167 109 494 113 596 495
354 589 98 501 200 249 491 29 67 429 278 461 230 94 222 273 600 662 377 498 370 26 391 585 667 611 357 283 417 507 466 600 150 427 324
667 271 615 134 43 237 38 219 129 291 668 495 611 530 134 3 285 236 646 247 614 319 36 23 42 404 94 342 338 289 403 386 553 351 101
64 145 267 43 430 655 282 466 450 318 53 245 358 423 442 269 508 360 452 355 241 327 44 247 449 133 71 156 136 572 320 372 499 353 516
