37 39 800
436 149 548 768 35 533 140 764 545 471 313 295 299 381 796 230 473 305 343 377 652 84 561 162 381 249 127 75 191 382 198 196 201 545 708 104 153 551 387
199 187 530 352 748 470 321 424 227 600 620 305 182 345 319 150 304 70 695 760 586 74 343 756 161 208 585 141 244 374 537 492 522 677 549 456 126 746 562
143 655 153 265 714 502 296 726 164 210 182 553 171 522 253 90 786 681 189 91 450 790 377 554 305 73 603 93 519 770 755 628 133 76 220 218 652 533 470
164 636 684 407 284 188 183 645 690 559 294 103 251 339 531 588 576 41 148 324 265 621 594 356 129 331 523 404 164 418 367 291 406 497 510 491 260 343 421
282 116 279 153 400 622 328 780 201 396 269 191 605 790 256 727 582 550 260 725 715 730 669 648 271 471 155 52 671 588 97 324 139 628 335 247 42 496 354
395 273 149 547 286 38 271 394 450 641 202 232 728 271 302 620 600 37 404 34 398 211 257 641 304 226 701 618 514 798 360 112 166 632 476 706 125 707 741
563 533 225 647 492 450 485 696 531 83 650 73 231 616 667 222 696 469 177 524 692 504 720 439 342 399 138 128 678 553 720 536 49 590 458 269 267 185 253
461 422 113 483 713 429 155 390 404 629 447 205 452 54 59 320 180 429 756 794 595 672 48 476 387 470 96 295 365 261 527 418 29 586 110 453 37 756 385
370 375 736 678 150 62 271 605 513 656 716 592 550 357 651 475 520 251 30 539 34 679 79 130 166 683 646 650 599 640 157 316 361 474 729 694 84 297 99
772 45 274 619 326 412 379 511 219 768 163 207 182 377 266 800 776 199 699 582 285 584 311 679 366 784 433 81 68 50 466 711 346 118 611 514 764 161 249
593 786 80 584 95 419 197 147 516 596 166 751 395 696 647 177 98 305 399 753 79 206 753 389 550 178 109 663 622 257 236 318 480 466 464 510 433 189 569
653 768 502 287 305 440 765 313 503 579 539 685 470 227 241 470 305 392 728 226 537 150 453 195 419 116 670 556 216 690 100 487 221 367 586 70 193 62 534
370 605 273 314 608 587 302 286 190 195 257 176 48 422 123 724 336 123 578 361 763 318 93 540 457 459 197 36 710 472 763 333 546 478 176 713 306 217 183
660 712 718 182 430 417 241 552 306 505 195 381 85 354 741 114 133 104 306 562 48 721 421 721 536 373 715 445 196 148 608 450 178 487 127 562 262 343 771
177 447 348 710 633 765 545 29 357 287 224 414 491 570 41 257 271 606 126 271 479 522 50 175 328 610 514 701 350 452 527 383 242 632 341 621 226 533 548
153 699 387 561 488 663 730 131 620 450 558 742 243 550 57 583 158 688 759 306 81 316 448 185 702 552 207 338 508 301 133 322 78 87 627 571 224 139 464
623 601 341 450 41 518 434 120 65 418 786 753 723 278 562 163 221 771 494 105 674 254 125 429 745 391 745 212 285 173 57 693 604 145 668 629 279 725 352
179 730 383 66 499 625 125 432 575 482 319 332 351 288 516 527 525 779 217 454 527 136 192 543 483 683 131 548 367 596 55 623 343 755 676 49 375 732 678
401 301 105 438 175 663 409 137 378 417 473 564 269 334 360 564 537 55 497 28 236 223 604 104 697 644 670 264 114 210 276 107 156 189 226 686 587 402 543
693 706 538 741 195 371 746 495 393 794 193 614 168 560 212 256 462 375 765 141 725 680 214 138 532 36 648 152 533 47 725 125 172 370 339 198 456 723 658
448 759 638 373 738 309 594 620 167 215 152 416 692 233 495 256 450 501 585 71 97 590 409 273 703 677 534 590 182 370 291 164 615 753 103 493 77 47 170
453 617 799 657 325 352 462 503 460 790 370 780 112 112 569 174 501 428 757 109 654 414 651 747 40 423 677 482 671 630 628 57 278 635 618 369 378 271 398
443 282 435 469 192 558 544 157 321 485 151 49 317 683 651 700 757 395 624 29 54 701 749 266 247 675 319 623 421 137 783 30 647 567 757 241 190 778 235
303 711 86 590 47 571 762 256 237 263 492 465 514 700 734 793 754 383 273 146 112 140 722 542 606 672 114 593 561 506 590 636 555 428 122 268 247 625 646
432 754 749 555 260 635 691 251 304 596 618 799 633 667 47 95 214 689 70 571 445 306 351 597 63 261 263 320 577 463 483 451 793 370 692 568 444 498 96
207 317 244 756 225 102 673 746 610 414 189 100 687 255 640 306 220 384 289 577 413 29 309 400 50 214 698 192 788 377 697 90 374 276 293 252 656 259 718
172 263 81 616 47 597 85 643 86 438 163 106 265 243 264 574 373 362 182 490 544 458 56 686 474 708 693 284 186 439 187 245 633 236 165 195 131 625 553
482 776 359 400 525 704 181 471 475 474 351 167 446 36 639 715 659 184 158 228 246 175 510 209 48 487 531 709 642 223 596 166 643 707 223 419 446 521 184
732 145 514 281 100 294 470 177 367 616 723 255 153 349 259 106 171 461 655 307 677 384 191 93 559 380 268 631 696 113 741 654 140 123 129 349 637 166 636
595 580 531 676 408 149 481 473 538 728 677 428 109 789 571 68 432 146 726 611 394 544 174 152 381 655 487 148 766 330 421 522 770 43 690 162 551 618 164
674 302 84 464 32 671 685 605 570 113 550 797 395 489 769 648 281 573 74 779 367 645 167 196 197 628 570 71 326 555 29 688 285 742 83 333 31 88 301
379 260 57 431 284 420 446 160 585 420 48 343 509 405 229 660 483 152 280 411 364 507 729 319 746 699 303 637 342 42 409 297 617 527 339 285 481 279 243
202 551 714 48 792 622 303 122 730 278 616 454 252 405 382 631 202 550 383 788 62 349 361 532 598 215 698 796 220 166 76 132 441 227 187 541 443 405 612
684 791 349 613 95 135 120 306 604 748 196 118 330 658 699 251 140 566 612 778 679 552 752 678 119 379 728 174 137 158 320 249 152 440 751 102 734 650 520
33 152 316 184 336 336 133 340 597 133 114 566 599 284 262 107 118 490 239 396 288 726 148 285 270 461 510 485 584 659 627 616 764 423 221 385 432 86 347
508 50 228 483 435 668 439 340 275 800 84 196 717 397 179 665 453 94 307 499 583 550 150 217 425 525 266 273 733 227 248 541 439 259 156 631 380 549 273
443 527 487 418 36 68 616 417 364 260 593 115 717 677 117 616 468 707 596 433 575 186 308 563 161 800 463 781 244 621 55 301 780 797 627 707 266 569 285
