43 45 900
155 134 451 260 574 841 759 468 842 554 638 284 221 107 310 756 792 486 847 838 515 695 390 801 337 221 793 269 634 368 515 531 129 865 765 278 786 673 765 335 845 439 134 133 467
131 696 117 389 617 625 332 675 132 139 316 760 228 371 425 194 471 660 307 216 514 880 668 574 206 871 642 303 438 356 283 407 892 643 217 594 649 546 301 444 616 103 259 211 343
724 283 196 229 753 294 422 252 140 327 429 293 822 121 734 157 443 279 485 438 825 499 263 428 732 790 627 696 128 640 378 756 671 828 578 240 223 671 590 463 499 723 111 458 316
616 518 587 253 871 133 828 535 823 475 319 441 381 212 316 847 830 891 811 609 467 822 298 619 173 896 439 406 780 533 759 616 886 789 569 169 576 495 402 884 132 784 181 506 787
149 481 402 614 664 738 877 738 232 483 472 367 271 326 111 131 819 481 523 660 100 857 763 725 647 730 517 201 551 170 344 337 682 899 114 722 278 199 419 632 353 105 434 291 677
289 637 699 165 280 124 890 839 859 684 666 821 442 175 804 588 712 419 519 515 474 173 439 429 518 814 655 631 339 804 455 661 488 252 253 285 258 240 527 897 563 163 146 794 869
829 547 428 641 859 246 314 537 194 547 815 845 386 354 893 254 252 480 215 571 696 492 270 304 617 826 697 223 426 705 162 682 154 287 219 700 399 196 317 840 526 609 386 403 596
260 788 817 322 651 477 737 392 544 392 840 898 236 717 644 248 506 209 447 113 823 751 543 159 422 278 335 692 376 96 797 204 251 562 832 395 336 527 425 711 273 192 681 710 565
469 787 485 586 425 736 151 648 732 424 392 821 858 675 143 270 679 180 855 886 287 499 562 126 313 653 263 196 894 847 688 317 326 414 100 495 404 265 500 558 847 564 208 666 369
326 700 848 843 226 384 706 660 551 641 497 172 343 296 452 877 442 894 271 775 387 107 214 865 729 539 436 252 174 855 435 729 702 111 166 411 460 623 851 310 146 628 734 500 580
137 805 451 247 512 540 752 785 431 680 487 607 381 853 582 600 543 512 672 558 103 421 123 152 897 196 637 306 502 810 444 828 386 616 308 492 844 873 638 900 661 287 442 273 369
383 639 258 120 319 676 822 722 778 530 200 528 684 164 756 444 313 296 877 804 230 680 357 452 630 623 294 602 277 637 135 524 431 618 533 403 818 453 537 382 791 657 747 363 159
461 420 314 856 709 759 566 645 263 667 521 393 427 160 835 433 274 857 291 679 547 411 535 403 97 395 646 709 668 287 410 341 224 395 727 718 283 553 675 344 796 615 327 883 690
658 795 410 767 191 655 142 544 510 686 313 855 562 893 417 845 864 894 157 111 175 645 482 372 888 186 378 867 261 405 845 498 852 137 545 406 730 692 417 782 134 155 607 295 407
705 189 719 484 648 574 602 618 316 870 805 522 816 339 525 727 745 776 107 385 623 825 777 517 765 822 742 440 632 410 364 666 172 466 463 424 583 295 637 173 220 602 688 373 444
499 394 473 459 503 138 531 202 528 342 574 358 313 522 774 521 334 666 218 121 491 311 593 524 563 868 546 484 455 300 851 418 755 417 661 470 576 461 693 267 474 582 317 550 125
553 470 862 616 374 369 800 202 330 419 207 662 407 224 690 536 783 773 135 598 332 596 883 321 507 547 537 274 129 251 205 296 297 218 771 308 346 815 246 760 396 128 141 528 329
121 875 285 170 562 296 507 228 119 112 843 349 341 423 745 358 390 281 500 636 480 643 480 707 233 228 793 471 244 526 278 472 653 501 115 857 161 734 805 819 188 557 715 643 874
358 745 604 722 354 803 648 95 558 740 623 223 831 684 603 754 420 707 444 633 317 325 216 835 168 662 754 155 293 789 273 268 467 591 549 744 737 378 303 896 566 319 641 835 758
698 648 611 178 595 255 213 778 269 287 651 229 178 115 712 794 222 623 694 258 500 479 236 108 678 741 430 631 741 351 484 280 465 826 650 101 515 241 663 95 552 226 388 600 162
141 722 291 697 471 316 290 842 526 317 297 95 492 543 430 208 778 874 676 278 359 110 730 634 556 840 493 303 356 845 375 461 528 390 445 590 818 538 785 250 870 809 144 109 590
433 114 521 570 709 763 319 695 674 106 466 374 694 369 152 531 675 755 325 797 204 729 94 305 889 897 323 453 732 452 828 752 266 651 852 463 119 648 395 131 423 817 819 761 272
455 244 868 440 440 492 713 569 130 822 107 776 671 115 415 212 441 292 330 446 409 285 276 135 799 157 199 355 618 537 782 678 390 814 437 111 166 391 622 869 696 356 704 682 242
484 808 815 892 429 794 811 825 825 633 626 219 868 897 865 484 399 527 452 493 338 740 461 455 446 786 126 574 528 522 869 261 410 623 147 343 674 475 572 622 268 745 335 392 881
320 519 535 677 366 722 235 254 594 632 566 840 508 624 581 322 825 351 346 399 586 413 561 689 542 108 154 409 226 495 136 367 229 113 661 526 575 270 736 844 571 630 308 642 547
686 486 845 900 646 381 648 239 723 376 342 440 690 850 814 232 830 724 811 356 803 743 377 773 896 700 755 322 826 343 222 787 348 619 183 701 663 273 765 892 510 538 262 835 704
410 210 126 883 460 124 350 333 185 349 732 498 730 456 193 590 769 417 402 246 788 127 599 478 476 853 502 110 166 753 139 259 302 768 284 242 99 506 524 560 241 531 99 770 378
365 141 465 398 421 109 310 528 284 323 228 129 150 153 740 830 738 130 856 405 567 120 235 405 830 552 204 326 117 283 838 814 578 815 801 173 175 747 820 495 741 298 441 534 532
776 492 631 152 303 611 339 880 566 650 838 509 775 489 402 436 179 179 823 868 308 701 281 365 363 794 541 457 528 620 591 864 534 477 97 494 599 669 828 751 813 263 561 492 364
835 728 868 415 757 254 711 656 129 900 310 377 406 805 484 409 379 557 513 411 569 314 523 289 122 725 275 205 646 688 322 241 220 224 735 719 582 352 314 257 779 616 327 198 458
625 493 251 728 430 393 460 440 237 313 423 288 767 544 657 498 699 856 132 376 522 406 413 734 474 118 369 369 203 421 215 768 734 110 278 370 783 304 106 664 160 391 827 681 126
757 732 727 635 211 208 175 303 724 331 479 795 766 774 487 427 567 140 671 762 501 578 234 572 793 511 807 160 183 716 374 106 302 787 204 574 208 498 715 157 326 101 235 464 717
340 108 739 651 668 155 119 113 318 782 131 206 572 531 851 126 219 663 447 674 744 818 318 206 364 512 416 769 863 246 748 522 238 434 334 554 729 896 642 827 445 169 873 608 698
130 431 888 189 237 881 614 459 803 512 573 169 281 625 599 655 297 560 410 695 613 316 599 518 608 421 165 152 639 478 782 895 773 359 394 530 317 103 470 438 609 444 852 662 320
352 444 395 524 402 313 768 406 697 825 352 333 526 469 133 770 120 283 794 756 765 277 232 289 832 223 281 227 269 236 592 182 515 373 566 357 838 338 181 469 480 656 173 375 670
506 443 560 465 470 704 337 451 511 589 185 720 629 272 832 651 566 761 840 443 644 499 632 520 854 186 457 803 570 882 336 630 608 744 649 308 251 559 152 114 744 891 647 385 523
316 700 422 137 223 155 539 426 731 395 301 542 812 669 402 703 305 693 161 254 563 651 884 641 695 631 459 583 848 795 187 819 722 900 841 698 891 882 729 136 340 126 486 457 640
653 732 883 705 384 132 768 393 572 223 150 823 664 613 390 862 359 227 508 893 156 754 174 232 779 371 186 168 655 357 800 281 602 293 601 767 337 340 456 898 198 655 787 776 603
790 734 415 521 656 163 635 488 653 473 185 883 209 370 682 744 258 644 232 516 579 399 361 746 612 519 181 763 249 692 819 316 128 274 743 100 532 795 462 542 757 760 410 455 447
705 331 311 817 98 851 732 379 758 618 543 253 784 542 364 571 140 838 578 497 821 549 170 545 467 763 342 515 434 734 457 533 893 413 709 555 534 800 364 422 210 377 900 438 471
390 655 785 682 847 899 545 386 844 807 627 377 715 318 465 708 314 572 437 329 767 136 142 355 214 727 622 759 794 115 791 646 438 434 606 611 232 864 541 688 357 811 423 606 205
138 345 611 614 570 701 486 576 395 528 313 726 276 107 314 486 588 386 440 482 193 602 580 391 158 259 174 402 708 685 120 354 654 733 708 568 335 251 638 510 387 282 834 634 496
165 482 356 790 193 549 207 236 499 97 210 426 257 721 291 276 569 244 796 623 323 464 583 588 753 835 586 723 645 157 793 290 769 165 408 623 409 788 490 144 98 805 837 439 877
