47 49 1000
937 927 534 786 811 543 100 662 840 945 360 251 513 228 307 645 929 764 633 207 779 356 311 432 737 326 234 397 578 773 118 183 451 933 740 977 822 650 453 649 190 843 447 198 787 448 138 496 517
317 519 393 935 778 142 116 579 292 927 332 593 855 730 246 807 289 610 666 832 110 460 141 539 466 722 259 743 332 653 169 468 225 690 833 389 159 541 371 366 603 583 341 453 286 587 113 400 869
285 409 163 441 749 949 713 697 133 387 620 136 862 298 732 435 756 332 372 573 175 430 937 361 180 283 371 634 802 117 717 695 368 882 478 957 133 350 530 350 785 942 588 917 681 308 728 353 196
835 862 975 135 728 187 816 552 733 178 940 108 563 928 539 413 182 352 566 772 117 490 109 128 315 761 619 340 781 265 318 758 489 259 530 614 151 914 856 288 286 862 752 233 816 874 929 142 723
109 483 598 167 287 378 598 914 282 987 974 482 144 423 434 581 502 392 613 264 297 629 541 973 621 716 227 228 204 619 939 844 609 316 876 713 283 133 569 475 928 962 441 844 935 510 387 108 767
724 644 212 401 923 219 126 304 772 331 816 732 825 432 512 247 756 774 718 634 777 680 450 208 890 785 862 608 458 733 587 158 364 631 296 364 164 792 624 998 761 817 668 165 708 929 100 940 917
662 936 380 477 230 918 971 400 180 719 806 207 245 372 123 164 501 807 928 449 894 946 410 111 749 850 796 676 376 425 351 684 335 276 144 129 783 573 895 528 400 867 866 634 867 926 233 580 202
486 501 594 508 297 684 253 111 593 191 874 496 610 271 153 482 639 333 392 757 642 900 703 232 815 796 265 181 228 907 136 880 164 287 678 687 416 910 727 694 602 519 610 160 194 336 519 611 572
838 762 822 359 329 857 271 357 105 975 758 901 983 286 390 645 966 828 831 456 698 946 391 353 712 731 508 362 1000 464 530 416 741 487 319 291 271 205 216 165 774 783 204 872 741 552 212 888 306
611 816 286 503 840 720 200 701 921 728 602 562 673 671 470 992 357 251 523 844 878 685 866 973 756 195 288 699 681 913 433 365 840 360 501 710 821 187 162 799 631 177 227 561 828 864 121 548 618
264 964 293 381 496 671 149 501 162 632 106 289 685 600 577 279 558 933 736 310 332 837 204 245 167 774 649 202 646 208 528 649 184 745 117 939 584 451 855 592 903 802 242 107 722 268 466 739 546
305 838 418 584 978 895 494 372 898 141 375 476 954 355 184 877 611 830 156 693 169 297 732 362 113 823 160 435 100 238 781 228 187 306 355 688 230 730 662 321 886 662 421 506 455 119 812 372 839
185 649 567 645 298 969 556 103 608 666 436 418 477 201 875 169 458 130 407 902 366 378 910 835 780 198 314 670 612 548 179 925 978 411 873 265 938 510 355 347 976 239 453 322 362 658 906 244 454
541 998 473 832 514 181 670 206 680 679 236 292 778 434 486 528 650 477 702 590 403 584 217 545 702 217 987 660 844 403 853 882 792 740 594 248 796 249 437 975 624 287 764 413 812 864 756 602 667
954 896 123 543 137 728 879 452 677 249 100 401 808 134 171 579 914 792 717 388 984 303 853 491 840 529 817 328 727 401 182 256 602 648 179 875 466 905 161 805 982 737 520 231 420 870 586 400 113
256 824 310 913 559 553 335 439 188 816 832 362 304 305 309 411 651 587 783 176 796 421 564 591 531 228 960 705 245 415 639 840 266 135 118 522 714 716 713 810 360 714 590 855 264 432 717 490 359
353 604 729 880 911 829 481 689 923 881 575 978 290 988 809 253 113 928 459 401 110 871 977 143 305 612 762 211 853 662 359 988 380 722 158 547 521 796 431 744 786 122 320 807 771 729 134 233 197
293 935 881 449 857 869 708 360 149 584 791 298 427 739 139 153 964 851 212 182 463 534 801 783 962 367 889 261 849 454 786 807 917 212 227 982 309 435 482 236 305 691 377 441 194 864 188 435 610
552 115 461 320 889 934 155 330 423 405 688 118 103 971 651 746 918 536 280 273 233 288 578 132 716 155 178 342 884 176 274 781 162 617 640 757 104 587 953 894 642 461 922 817 135 415 926 480 730
731 158 187 529 305 912 520 137 248 439 245 646 906 308 546 747 399 259 557 399 983 177 878 442 480 962 321 709 212 805 867 200 152 864 278 691 684 842 321 412 889 898 971 620 774 659 528 537 363
280 204 404 612 346 946 901 304 439 990 183 541 753 589 634 670 481 684 401 960 671 817 138 627 847 482 674 830 623 482 605 333 100 381 852 333 137 306 246 208 127 296 244 344 113 786 787 968 920
826 852 922 172 942 487 249 132 858 693 910 494 228 403 866 555 459 692 389 124 325 777 884 435 104 176 329 421 546 480 751 433 335 551 645 720 891 373 352 627 440 569 206 641 519 729 818 607 608
681 375 664 911 150 735 798 967 475 891 585 500 605 750 807 529 700 473 749 580 693 769 230 204 800 901 625 959 140 382 361 606 984 778 400 215 982 402 582 945 446 882 804 718 694 322 758 826 729
413 297 300 680 834 381 997 397 331 985 298 965 181 456 113 874 239 450 935 938 336 605 391 905 98 634 465 434 152 132 440 541 663 462 986 968 945 918 361 567 178 315 845 941 276 342 856 497 540
391 530 120 248 520 700 461 276 453 232 420 635 388 544 989 238 871 610 854 740 303 271 167 978 843 915 525 719 224 271 613 471 120 731 266 516 451 346 689 890 914 862 288 667 799 788 372 106 669
963 676 697 213 464 345 327 373 194 647 290 804 936 724 570 695 628 916 485 652 152 833 293 157 186 906 122 605 226 707 926 661 307 605 390 171 308 943 575 940 153 546 445 487 533 982 151 655 792
756 571 865 669 523 837 201 934 784 843 974 256 882 358 120 898 240 161 138 919 196 781 345 863 706 103 790 858 238 942 907 657 919 736 657 265 205 681 642 799 887 317 175 103 911 590 688 578 457
507 784 342 746 613 868 666 461 447 955 963 838 164 530 360 189 516 311 564 508 397 739 579 721 115 833 418 680 797 386 872 345 596 507 158 318 645 551 397 688 405 655 123 532 767 379 420 993 796
540 711 464 870 925 845 431 744 856 300 285 484 805 679 268 636 830 681 144 862 117 371 815 575 574 842 254 289 679 537 109 219 673 385 206 582 703 154 227 177 404 879 920 949 196 200 314 409 395
366 159 353 262 986 618 216 928 777 853 503 430 486 963 610 765 704 655 439 454 754 646 157 648 819 367 506 704 603 943 454 361 288 181 931 739 629 213 838 838 797 651 169 99 445 415 616 389 321
233 748 222 768 794 169 174 209 212 179 824 456 535 267 221 875 228 505 389 472 670 213 765 223 593 164 128 361 789 874 141 819 564 325 940 809 700 472 705 588 434 404 239 506 534 1000 180 372 524
898 421 567 101 182 385 403 903 484 625 876 239 365 146 414 152 695 486 367 452 884 466 114 317 422 1000 674 628 366 567 870 577 945 808 749 870 330 992 816 804 519 779 305 889 336 934 269 125 402
335 536 189 163 226 202 529 382 920 679 849 752 929 783 102 979 607 944 580 112 705 583 924 878 943 361 990 694 171 869 888 386 117 668 393 854 258 673 140 746 491 315 982 176 345 274 504 155 641
858 491 640 766 253 879 975 846 134 336 299 742 234 943 706 351 516 693 245 673 997 224 486 784 671 547 144 707 632 991 337 198 279 699 178 438 615 787 834 493 593 291 573 558 824 792 226 306 814
453 578 184 279 243 677 126 808 920 203 434 681 964 997 949 888 756 470 912 893 360 792 450 405 449 101 635 224 540 520 745 880 907 374 345 864 761 315 438 180 223 967 761 979 317 399 933 542 854
392 483 831 715 586 357 103 452 624 633 471 181 769 885 111 317 997 717 814 731 496 587 119 830 806 351 521 352 446 557 486 641 202 586 727 150 281 746 327 892 145 617 518 819 766 522 404 605 974
392 842 515 223 934 856 945 651 387 330 763 933 204 846 997 602 972 200 780 830 286 879 605 720 787 162 130 618 327 719 426 791 390 983 966 320 294 284 938 996 974 473 834 460 835 938 764 658 910
309 395 208 346 160 279 373 252 935 809 433 637 418 893 504 932 315 726 713 767 297 308 383 833 339 652 647 963 157 622 506 100 251 600 900 755 255 947 580 654 691 644 635 267 436 760 310 577 552
152 429 522 469 421 525 919 770 201 426 595 990 708 727 153 648 181 589 420 622 685 583 447 837 311 752 404 304 630 585 101 633 376 925 692 154 873 594 803 720 862 522 602 901 584 264 408 558 545
882 909 516 622 978 316 298 387 622 995 225 859 644 108 933 951 645 296 296 715 210 769 596 308 187 616 435 188 624 324 788 868 683 778 170 427 423 468 650 754 697 469 492 935 577 113 575 101 461
711 420 543 370 334 127 619 773 862 833 982 773 386 255 539 112 334 502 420 732 917 990 282 837 229 885 704 932 964 695 167 643 594 441 999 407 633 481 157 637 315 413 886 434 297 232 340 801 181
113 367 589 913 343 133 908 146 656 962 904 924 277 683 577 974 349 375 439 229 967 196 562 938 278 260 993 180 411 954 481 572 696 685 321 731 695 485 486 966 968 439 459 775 643 168 850 442 822
904 130 797 216 702 422 456 719 122 686 885 728 847 807 242 415 627 125 753 341 793 359 392 636 930 321 225 337 350 265 877 232 370 198 834 398 636 415 471 302 323 920 677 455 502 126 604 529 709
958 298 520 412 125 627 979 949 774 312 247 451 940 213 622 806 328 469 626 945 437 161 688 171 251 650 286 288 407 933 583 576 630 895 908 108 284 816 699 287 153 986 893 491 783 571 224 386 670
248 532 999 398 163 921 516 107 217 863 768 331 772 793 232 119 599 210 234 159 996 680 869 865 516 623 380 735 736 956 337 620 838 895 939 820 801 720 156 264 716 952 601 975 556 875 927 554 295
667 734 569 866 684 465 662 899 129 235 828 663 319 130 645 620 318 215 427 558 496 333 663 901 459 759 432 665 624 351 527 679 251 860 846 101 267 787 464 353 933 665 812 283 400 183 461 209 355
277 367 595 151 251 201 844 126 293 113 578 813 752 892 468 486 652 336 153 265 307 159 821 891 970 444 697 969 360 851 344 373 671 880 245 254 938 336 152 326 255 826 624 505 212 854 912 403 656
