53 55 1100
387 305 572 872 444 126 135 633 591 298 594 891 283 65 921 481 709 345 419 127 532 334 684 1041 297 371 244 719 835 768 869 368 109 955 654 523 1081 369 913 1082 654 649 241 440 290 669 684 659 983 1046 409 370 403 664 297
985 364 402 783 816 493 168 597 616 1001 851 906 714 560 399 193 479 363 1037 1044 761 79 701 437 721 883 618 540 669 649 442 821 923 794 122 161 859 367 1057 931 385 1050 199 703 939 566 653 266 391 1083 652 671 580 771 486
1008 975 141 276 452 1031 109 45 226 719 103 958 734 986 284 340 667 575 423 1051 447 896 612 631 430 49 362 779 516 631 497 471 726 1030 988 776 323 845 1099 545 944 529 369 607 311 723 445 372 366 571 468 664 907 486 169
274 355 285 54 531 702 867 294 409 249 539 128 956 614 1019 247 681 454 56 842 741 1005 617 1089 757 710 540 1020 270 930 558 304 392 161 738 249 126 1068 546 95 500 611 1079 528 431 518 533 606 953 697 927 76 617 705 847
777 84 457 521 647 815 790 602 903 603 908 1012 836 311 181 769 855 173 343 1074 938 982 1070 704 849 916 298 554 113 840 215 981 976 582 616 1089 167 336 727 1056 1065 649 913 829 511 980 338 139 542 690 559 872 231 589 154
842 184 252 134 400 1058 94 947 293 166 588 766 236 518 842 526 1001 919 149 748 526 964 998 925 905 276 169 936 619 1089 1033 1016 541 721 76 223 414 612 49 1082 564 797 449 932 1076 800 863 753 713 794 155 613 404 239 255
59 1012 891 858 211 823 418 45 800 833 1013 312 210 586 110 454 229 660 202 61 446 128 1054 1094 703 745 413 778 914 142 760 239 651 988 231 873 1015 648 571 393 626 83 141 1011 116 130 119 1095 340 886 749 263 481 586 49
559 202 145 348 694 296 695 243 593 571 175 111 333 853 441 751 624 95 549 589 215 160 261 257 81 286 1009 754 456 943 938 937 448 432 615 237 506 801 763 459 104 110 573 424 300 798 837 1099 558 407 108 44 918 443 1096
512 641 461 432 373 412 629 1099 278 598 234 297 249 200 833 396 107 790 413 49 773 815 242 957 734 301 425 115 90 839 447 247 671 884 311 564 1035 520 591 455 323 564 299 981 1082 380 631 260 382 371 215 687 969 808 585
1025 534 736 287 168 709 1089 1092 612 637 841 311 968 114 552 200 319 745 183 43 968 367 458 807 491 395 295 418 514 780 320 481 1063 848 903 248 887 779 450 552 136 115 999 726 268 344 895 836 486 1090 73 481 1067 604 792
45 850 195 162 652 387 753 905 839 887 836 865 526 719 448 279 398 321 812 1063 228 733 330 502 559 546 376 811 541 481 407 1039 596 244 692 850 513 301 822 1043 641 107 843 156 315 367 69 421 690 504 713 207 971 85 1088
1070 1076 130 198 883 500 426 311 166 900 649 1036 321 452 702 385 80 303 508 439 970 729 247 1097 597 872 714 130 264 392 182 647 734 777 797 310 867 923 1008 732 1026 911 69 990 1087 961 110 930 754 694 1042 134 954 472 157
858 899 590 944 161 902 401 712 188 127 875 949 342 558 285 904 238 453 955 563 440 540 936 937 386 281 998 953 237 171 661 596 152 799 927 1059 220 189 77 177 606 821 87 175 1032 1029 1037 874 799 236 495 543 379 619 625
229 977 829 527 591 355 1022 898 953 805 882 468 395 1076 489 590 801 52 749 1021 158 861 1008 916 249 332 896 1003 593 611 844 316 237 301 427 354 672 469 868 744 500 837 47 621 783 994 612 279 925 405 419 265 76 238 254
323 693 972 208 631 273 735 207 584 541 748 920 116 889 105 304 375 98 108 762 51 85 662 1039 644 232 797 954 505 954 188 614 1012 308 58 821 114 823 967 356 162 607 900 90 393 729 471 626 992 985 75 44 496 218 887
331 274 94 895 162 789 172 791 779 514 594 462 1004 61 329 578 528 1015 595 933 1092 905 1035 767 1036 148 666 1011 603 621 266 469 527 253 851 570 479 364 1047 611 467 339 634 183 459 716 685 765 736 320 375 412 71 676 638
1053 1025 1008 539 1094 769 115 920 627 186 810 1087 963 773 733 1042 141 497 231 946 944 398 67 384 718 214 619 270 498 180 245 541 942 289 881 323 516 552 348 38 326 530 902 160 552 286 406 687 1059 1079 959 696 168 771 1062
341 487 859 725 482 674 189 1094 152 163 694 558 434 568 160 515 1092 210 609 838 506 397 757 148 1047 85 85 141 318 810 89 705 197 492 761 884 105 381 624 894 66 131 298 870 753 295 916 186 714 225 828 720 1072 204 361
355 37 127 918 509 372 211 677 386 780 454 750 978 319 410 997 389 916 740 150 558 1040 89 327 1013 408 363 1053 613 688 704 588 1054 194 449 59 502 66 177 1045 60 505 958 800 512 57 120 196 1019 185 375 1007 780 688 300
779 190 331 241 869 375 270 458 354 1085 658 188 418 232 938 98 321 134 530 332 349 763 829 961 185 89 1046 485 397 280 683 914 1090 762 264 587 637 969 366 362 332 1049 857 407 851 346 149 633 952 72 248 960 437 745 910
899 841 432 818 435 143 791 1072 71 449 1068 1021 365 186 945 666 776 252 932 831 903 500 713 141 272 998 853 655 1012 500 995 90 806 930 249 627 1024 147 888 796 623 298 714 89 792 696 773 1060 385 215 595 665 280 598 995
859 658 529 958 164 984 758 531 739 125 330 493 84 470 597 749 312 873 73 990 1066 180 111 396 1074 1027 198 1092 1053 136 534 570 74 768 477 302 425 1094 77 541 356 960 676 513 154 306 81 1082 277 968 967 517 1031 727 350
364 190 1056 55 484 357 305 227 168 270 527 908 641 1077 120 805 864 82 48 285 521 281 552 97 833 169 688 779 419 222 169 423 376 718 916 502 967 422 173 624 65 616 962 623 89 659 652 742 67 771 474 1040 688 775 1023
793 1037 237 345 129 877 882 53 117 739 93 1011 326 112 263 311 1072 253 805 357 676 405 776 1062 845 693 208 206 932 489 672 839 470 890 116 1027 829 147 461 163 570 982 216 67 244 937 499 515 139 1011 416 396 192 846 376
663 1044 572 642 365 1024 419 609 57 586 196 141 261 552 376 791 651 181 106 814 287 846 519 552 1028 367 282 540 100 470 57 84 447 984 195 836 718 126 283 850 339 754 606 850 118 287 391 226 152 85 344 676 69 473 647
383 252 247 800 95 824 556 246 73 955 269 590 748 992 364 579 805 596 549 863 855 994 85 1031 434 51 565 775 184 963 1025 37 1059 972 1007 264 582 936 438 61 557 150 672 448 42 303 1040 125 574 847 648 568 530 44 365
633 176 213 547 765 94 1038 1088 232 818 443 889 920 1004 151 225 232 159 127 733 56 395 179 514 812 793 663 35 869 921 456 531 926 931 958 132 65 708 377 697 680 276 69 874 1045 544 321 195 397 796 318 326 587 563 244
470 218 967 827 799 1072 214 349 593 305 1086 68 89 176 868 68 304 762 974 902 751 780 645 321 702 1063 853 64 630 902 700 610 169 640 925 903 744 257 1039 379 1034 925 705 976 805 341 901 288 999 286 879 614 563 179 886
865 121 820 1091 104 968 178 307 1078 680 510 652 548 924 658 950 348 405 256 416 559 920 1044 1074 726 932 458 552 66 351 678 152 955 381 270 117 693 571 146 326 947 667 67 810 72 993 458 983 1080 243 967 895 569 258 434
59 1027 97 477 757 977 522 724 566 537 420 954 506 491 349 369 922 457 64 913 381 969 724 824 85 654 86 773 396 95 817 61 578 472 1069 978 1068 604 216 115 275 85 449 527 945 162 270 124 664 872 399 90 846 514 1078
756 111 550 568 1031 246 725 1026 940 813 672 565 93 122 996 579 246 662 200 142 1024 570 334 344 857 291 143 212 1081 943 534 682 524 336 244 898 197 832 646 424 362 865 250 1078 338 200 883 914 97 696 128 940 344 1096 689
457 778 582 188 952 852 106 1088 907 1011 812 558 813 120 614 464 1049 408 555 903 61 587 834 839 153 490 451 306 306 523 598 704 537 1008 473 428 256 753 592 968 299 357 323 64 1074 643 304 904 228 988 558 843 991 159 867
494 715 157 612 883 168 523 545 963 388 1068 746 737 557 699 527 71 718 755 314 980 764 915 495 278 733 171 528 44 666 303 652 834 385 413 762 81 532 743 481 1026 427 518 664 945 475 155 119 469 304 591 140 402 809 453
670 215 628 816 897 816 104 833 177 506 186 235 525 262 49 143 816 250 299 685 1089 514 231 840 195 583 341 667 758 386 783 535 681 499 149 416 825 1089 284 372 941 904 446 691 627 796 773 681 847 240 911 558 1041 425 494
907 722 763 1017 759 538 320 712 676 1080 711 226 195 1074 135 827 538 803 265 794 434 201 195 208 500 818 436 265 721 395 794 335 192 724 85 834 1096 191 1031 904 1089 734 800 766 594 560 801 995 1019 525 66 411 777 550 366
79 1059 848 396 175 84 58 61 97 535 246 46 220 63 792 925 486 718 769 430 487 705 941 562 81 485 423 265 156 124 66 722 186 425 687 788 444 297 232 64 575 706 1017 628 220 590 184 174 749 1086 627 449 527 644 890
539 457 181 768 618 764 283 133 307 40 57 537 1006 180 1086 268 715 469 414 955 45 115 738 834 215 738 71 693 684 832 813 756 747 272 659 320 101 65 721 212 579 672 968 722 242 416 827 942 741 246 804 557 493 50 240
665 562 844 753 739 1003 82 1081 928 1080 751 462 742 760 269 296 128 419 199 850 951 924 425 65 373 955 83 196 198 270 860 104 264 114 848 193 906 822 1089 214 694 571 453 958 56 592 760 281 243 301 141 143 1058 768 94
616 406 493 365 553 625 914 725 1049 1077 844 1060 975 1044 416 321 209 197 340 1092 119 746 414 226 923 956 334 586 1046 261 726 495 75 797 1071 941 193 982 67 646 888 327 996 930 899 804 352 1002 77 441 568 83 872 914 514
840 1040 253 1077 595 310 357 482 368 258 276 349 1047 507 1029 170 108 94 528 820 116 913 39 741 583 180 263 901 120 122 424 727 142 57 173 97 745 626 567 579 135 319 240 698 944 58 407 1078 771 982 298 773 116 453 116
180 895 345 420 864 914 794 80 932 298 806 665 493 509 303 885 290 87 1007 811 432 360 484 842 314 157 507 98 697 259 959 645 996 370 361 895 1004 1065 41 321 555 822 505 576 980 136 966 612 1060 812 657 1011 695 536 349
987 520 168 985 680 638 78 229 123 309 757 303 642 683 770 1033 148 376 603 425 182 804 327 104 811 687 390 264 223 704 548 221 442 120 619 184 456 845 703 522 46 609 408 1023 712 284 680 350 574 476 459 406 540 649 185
654 861 205 142 538 744 127 1061 224 564 1098 383 97 502 385 520 946 306 658 172 711 140 397 92 98 681 159 760 901 617 909 82 105 270 198 446 591 897 719 251 355 786 899 1077 623 301 408 1071 240 593 158 200 467 302 423
885 868 170 163 356 439 980 52 351 574 56 473 658 68 928 920 1079 489 92 278 672 802 1009 388 414 458 309 411 689 856 808 541 963 180 830 693 354 210 674 685 1035 860 54 138 1072 209 800 191 77 51 617 853 703 534 304
1067 825 339 289 137 150 846 412 561 811 1003 312 192 587 54 840 49 749 380 791 719 222 333 266 576 375 797 608 270 126 171 982 689 281 301 185 1045 826 431 365 747 875 854 977 342 197 914 529 95 273 879 52 345 126 616
435 556 797 270 644 229 965 352 230 653 405 640 666 628 328 709 813 498 247 573 1051 240 572 747 712 1095 839 136 498 949 301 375 1063 452 949 146 364 916 703 933 353 104 157 214 644 434 819 607 138 732 354 299 274 337 198
169 768 329 938 961 1057 249 306 525 144 464 641 670 921 425 1036 918 748 1095 585 58 544 491 75 898 942 687 453 52 394 634 384 904 113 856 164 315 457 835 641 955 957 181 707 568 969 661 183 408 281 1051 565 96 919 871
499 507 545 623 579 790 660 108 105 865 257 857 936 435 826 508 1031 695 432 781 626 330 599 622 252 288 807 1042 739 295 391 625 527 208 566 680 972 76 1018 479 1080 138 696 1097 313 164 972 135 827 126 616 624 88 1060 922
736 1017 336 452 462 474 256 656 478 104 236 782 954 765 181 1042 66 73 650 892 167 957 102 153 303 243 902 898 156 867 297 798 658 736 616 827 541 83 762 340 953 777 298 436 929 117 549 434 922 604 602 97 551 89 155
948 899 110 209 380 844 192 458 521 899 166 907 388 262 655 594 155 731 526 306 698 292 1027 502 981 461 914 284 475 676 539 105 1057 540 804 517 659 1090 250 145 344 209 187 206 823 123 616 783 117 742 324 211 891 740 624
794 1073 572 753 272 788 735 511 352 191 509 698 570 918 885 70 955 394 250 653 667 345 826 402 601 123 75 693 497 58 732 826 994 942 885 655 609 85 874 374 429 68 649 658 954 380 103 201 920 927 426 480 964 152 899
734 1080 843 237 392 541 226 1060 561 221 941 254 288 1053 651 628 381 163 479 1014 778 658 686 951 82 570 267 677 505 625 911 883 161 178 615 480 433 257 1089 1087 1095 416 1058 522 924 256 224 228 248 400 272 467 780 515 566
1009 425 65 62 490 380 946 137 701 879 731 930 835 1052 85 418 129 1027 205 338 705 513 923 845 683 717 965 60 42 1000 579 105 761 343 183 276 461 861 637 707 807 537 945 209 636 231 1002 609 580 229 711 977 601 1061 639
