57 59 1200
753 1083 233 459 367 681 380 319 1012 1151 337 481 765 626 723 878 583 372 903 285 220 989 986 370 767 795 651 484 91 92 169 562 599 601 302 530 637 838 668 282 1068 199 71 1043 1002 357 915 682 157 1056 1151 584 1196 39 915 1029 337 391 566
1000 930 977 611 1074 112 335 908 1085 512 311 1151 559 425 368 728 899 604 773 488 617 763 729 341 972 1123 634 562 325 59 248 912 670 946 199 964 1162 420 356 555 195 1182 933 828 852 242 404 445 985 413 412 89 115 295 1172 80 592 378 557
1007 218 103 919 497 430 1173 457 38 273 731 848 196 350 976 1047 331 515 1057 1112 125 813 547 162 638 976 506 652 920 668 1017 921 34 108 139 92 50 769 817 701 929 94 732 300 302 405 878 1030 565 99 252 823 1169 999 407 671 79 168 1164
727 726 152 616 325 692 275 1167 238 474 1133 575 1132 1163 987 465 1008 417 320 48 1146 753 971 364 247 736 799 1009 265 197 212 372 413 976 1052 958 698 524 1096 253 118 834 779 551 285 942 879 448 1172 709 1031 365 506 327 1093 905 864 962 573
185 475 1095 218 1132 984 209 768 645 415 1042 257 459 683 752 1043 64 345 1185 914 577 398 483 882 654 126 544 472 571 571 1103 426 1078 315 621 51 42 125 1022 76 1059 1117 719 87 851 278 94 798 1092 919 621 1100 974 233 706 617 123 1104 594
124 938 816 656 396 1185 1154 976 776 935 1030 481 664 465 827 826 355 779 798 516 82 345 272 905 1157 1198 1035 443 660 956 853 200 969 365 310 972 397 915 615 935 895 139 1099 689 524 39 1027 635 795 75 428 536 953 824 59 717 709 1160 557
356 204 857 56 711 263 158 150 139 1187 82 819 1098 50 110 1028 870 48 108 554 1051 857 157 584 212 793 73 593 49 452 149 38 440 583 442 447 313 942 739 1095 182 152 966 269 130 1096 343 72 553 477 282 474 65 1124 584 457 96 172 755
906 846 858 77 574 924 734 646 210 1157 1174 741 386 180 194 713 862 534 952 560 1039 929 585 679 699 549 787 227 1111 130 888 144 1021 523 1135 1000 655 394 506 774 730 83 72 315 894 813 523 289 813 798 1116 47 690 118 254 636 708 128 176
583 219 436 919 566 851 656 332 77 1023 137 849 194 1007 172 218 223 804 729 282 1111 499 723 523 653 249 177 338 1105 126 393 498 188 1021 589 512 126 195 822 839 534 1174 513 253 210 1096 167 405 215 364 305 887 307 184 764 349 97 795 1193
335 1086 545 808 529 394 772 598 891 1008 886 932 217 233 333 299 389 45 814 508 562 780 845 285 1098 253 1123 545 442 1189 1057 310 779 90 1172 453 117 568 153 902 880 980 99 451 603 1087 43 781 720 541 1032 932 391 230 1039 739 779 141 1020
282 490 1183 594 945 1040 350 1167 825 54 559 868 1077 279 721 611 217 468 624 473 370 328 776 111 406 670 1053 828 941 898 842 845 400 85 409 119 977 101 1171 491 635 1100 568 844 92 1032 65 478 304 459 483 415 111 564 1191 1098 634 846 185
1049 722 935 109 219 682 867 521 199 1118 450 943 224 100 223 233 329 913 283 522 1019 335 1130 258 980 446 444 530 834 281 206 945 129 218 434 814 1057 337 1132 279 1131 305 879 842 293 939 200 650 533 1038 888 549 1106 1183 408 83 673 950 872
321 783 874 280 1166 890 62 891 437 421 1115 969 1133 923 112 116 350 195 856 141 1125 245 603 967 153 669 935 860 447 317 528 544 1179 1128 709 35 264 364 149 362 410 975 626 624 338 814 214 73 305 674 99 39 80 387 431 721 1024 561 351
288 1150 465 915 172 857 645 1011 679 599 1024 872 88 276 728 446 58 301 733 840 390 956 1064 677 1151 53 503 418 220 496 425 592 875 72 357 775 404 931 464 1002 988 1187 782 589 139 1197 888 341 304 215 463 192 451 599 464 325 811 362 185
1020 513 1091 891 944 101 308 384 180 656 1089 238 437 618 675 781 558 396 1083 278 225 1064 984 877 469 616 442 448 683 1125 936 960 790 377 1167 79 1162 1062 571 730 1123 1128 299 682 505 297 80 790 67 612 951 1115 794 652 488 238 863 1181 717
929 352 467 886 964 855 475 508 670 227 982 53 205 1099 917 377 58 720 785 50 496 1170 218 841 638 614 979 526 363 871 1083 1063 794 731 431 846 334 759 366 708 496 1157 302 826 1038 564 93 1122 1126 865 90 289 740 645 1109 72 776 1055 1140
851 331 484 360 466 900 116 368 822 358 287 588 174 780 231 532 578 584 215 810 447 759 84 988 1045 793 308 191 877 880 573 329 656 503 254 1070 564 886 835 446 71 883 821 380 97 298 97 753 981 784 267 610 344 197 258 1168 517 1144 1045
143 33 191 230 1017 779 967 974 659 1173 345 753 736 601 574 804 1061 886 1028 492 1054 746 1169 1176 159 789 631 226 748 1019 841 1058 1053 474 237 388 908 1116 434 491 929 95 836 790 176 292 94 145 449 85 288 127 193 42 865 327 119 1037 742
396 794 477 147 994 608 976 945 766 922 1005 1041 589 175 377 496 1032 789 751 220 422 775 101 1062 642 148 685 280 399 1028 730 265 409 1040 996 1198 1022 1042 893 116 253 843 132 171 1085 1108 714 661 673 1063 692 223 202 639 416 255 702 717 427
783 872 893 146 1033 496 1000 168 532 253 890 999 957 599 167 1066 841 1186 474 443 218 728 622 409 464 694 977 892 626 410 182 620 1134 427 1034 926 221 57 216 928 1162 1015 897 248 853 391 694 824 1187 340 728 196 280 277 1139 615 1095 225 1173
738 1129 334 101 1079 76 639 306 614 606 1165 282 534 379 948 573 310 515 1074 496 531 432 955 758 205 678 1073 556 38 1147 803 612 714 665 467 964 677 882 76 943 642 52 707 421 544 1101 845 215 1098 480 994 990 438 56 1200 300 829 1069 723
482 413 357 516 820 860 236 1072 634 1102 775 1050 504 681 1174 579 673 279 264 505 247 379 1107 126 54 167 100 714 258 798 804 740 878 134 908 1133 990 432 858 541 255 954 340 594 773 596 316 678 1174 899 437 288 710 131 437 1118 1121 800 524
802 176 262 548 698 566 535 105 309 1034 365 906 66 1003 545 81 843 95 891 976 323 604 411 604 1051 602 312 814 203 584 583 1079 991 574 1054 596 767 547 1033 947 804 929 876 1045 136 262 474 293 862 188 118 503 338 1051 681 708 321 876 163
1029 956 449 389 334 1049 676 782 1134 283 494 292 323 1139 585 165 467 534 56 719 1128 145 181 781 684 907 939 739 614 1114 85 412 995 409 294 273 88 136 875 941 1191 84 1086 895 1009 201 700 576 843 213 953 438 259 958 242 1032 1109 279 932
946 41 719 91 91 319 731 702 965 958 181 1113 37 601 372 506 132 836 942 801 1141 1077 924 49 568 1118 221 476 766 938 605 174 1102 902 551 424 951 898 921 928 1079 824 1143 359 524 316 770 348 185 1060 843 287 427 91 275 1160 1101 1024 996
729 264 516 997 369 255 164 1162 291 394 884 635 70 1008 77 1142 702 443 71 1047 811 343 395 215 640 700 66 818 999 236 786 1069 787 318 1115 968 342 268 684 225 68 1002 780 841 567 264 1109 1131 660 874 403 458 895 374 910 842 1003 126 740
1090 788 158 1004 928 240 872 454 557 243 894 310 387 978 1200 786 892 219 1175 394 1197 963 817 696 931 544 334 1160 332 200 762 633 1066 489 1068 965 451 954 45 686 205 1041 286 377 1160 807 900 991 347 1082 773 1137 756 1042 887 221 251 710 758
527 358 559 503 297 82 940 204 981 928 968 1015 346 814 169 385 910 344 522 525 203 527 508 1113 693 889 1176 1045 282 40 1081 456 715 623 712 1135 235 83 743 870 53 767 721 460 195 58 738 1154 556 780 963 949 685 751 489 1100 1004 707 607
532 968 53 1185 730 885 1136 267 152 775 228 480 100 541 1014 399 117 880 936 1091 760 156 939 698 1026 766 931 393 246 32 174 922 526 74 1087 567 326 1157 117 128 1104 235 966 1053 641 924 1092 943 1161 1002 410 881 390 250 469 1086 184 189 149
1187 660 751 964 342 957 911 374 1032 176 561 786 999 239 1008 784 119 449 1144 403 65 663 1139 249 316 226 833 880 684 1107 526 443 1128 403 623 86 736 564 125 854 127 887 517 388 509 336 207 220 56 136 142 273 981 913 1143 644 977 735 949
564 797 164 92 872 697 844 493 1179 479 155 890 806 628 308 683 1141 459 555 559 67 459 877 55 151 561 351 1039 307 585 788 430 1082 649 1187 641 611 238 968 499 603 972 538 79 799 912 669 153 250 872 905 698 1132 213 314 1098 572 976 857
131 304 763 267 820 154 873 553 995 932 560 512 999 608 478 969 532 1097 1178 668 520 814 972 160 806 608 944 534 465 634 87 487 443 416 1135 59 510 155 452 540 363 532 726 410 626 767 1197 769 1057 875 602 1111 480 791 416 474 284 119 1171
1129 370 454 992 866 1007 190 749 1020 838 918 946 774 801 523 1112 144 635 579 1025 232 846 110 249 312 312 717 523 301 212 1048 1111 428 70 202 1186 896 1175 96 158 151 1026 898 1100 941 1181 545 479 393 556 690 819 631 770 1193 222 54 778 729
645 307 886 251 210 165 405 750 1061 714 810 750 313 258 843 872 937 411 951 60 130 316 139 180 442 711 791 245 49 728 588 819 695 1091 841 1161 655 685 295 745 274 201 225 1105 423 614 472 239 1169 759 1046 823 857 275 1041 578 510 382 339
537 827 168 231 1026 824 596 1142 154 483 1004 243 964 144 275 116 257 1134 75 643 592 541 57 579 968 221 341 278 740 584 470 270 302 610 845 611 991 640 272 53 565 344 1147 67 742 1063 498 459 501 56 1098 34 1043 499 728 214 663 981 554
402 609 847 501 914 123 65 463 584 401 120 206 766 755 373 1104 1165 696 608 429 637 582 125 73 142 495 718 462 1127 1197 393 794 621 50 811 981 518 345 573 1046 782 1073 774 294 1081 203 978 645 682 978 34 475 228 171 851 178 671 173 1171
322 206 306 977 717 622 990 229 141 177 1200 160 42 956 1175 1109 368 541 614 760 544 914 683 181 1046 614 1165 196 1115 381 1028 1164 1180 562 1197 854 1051 574 606 708 436 268 407 1073 323 363 1002 186 132 116 1052 1054 251 1068 972 834 1125 60 611
936 1006 1039 493 560 212 44 87 1071 1196 1189 665 464 884 447 247 1033 249 691 834 815 138 180 596 92 348 834 588 63 800 654 182 597 466 1135 399 632 499 324 1191 677 456 1003 328 865 308 754 487 814 164 924 680 459 1002 390 487 138 1197 314
340 1047 1071 516 142 741 862 931 99 874 1167 82 310 350 248 456 1011 992 780 508 784 298 317 205 404 646 685 658 492 289 597 1133 1083 383 602 165 642 799 156 1108 96 1088 241 654 332 68 722 275 481 740 996 711 681 933 794 624 1021 809 649
303 460 169 988 787 1002 817 137 954 554 796 627 298 687 594 225 511 208 143 704 373 1035 182 308 409 587 149 357 1051 1004 939 999 327 1166 1032 1146 628 664 1108 292 923 848 51 1019 140 728 54 1160 783 139 309 88 167 88 1053 532 267 925 196
68 1031 888 357 416 880 875 904 791 279 238 256 387 896 105 492 1084 164 290 758 556 580 1188 704 820 526 881 977 893 101 712 538 705 204 90 1021 1146 227 74 672 779 757 68 94 782 1041 176 1199 414 376 406 794 407 887 867 568 202 405 541
154 549 430 84 845 610 178 90 653 383 584 180 648 574 183 1137 549 542 870 587 293 777 225 667 1144 367 479 82 1027 1092 403 725 513 677 800 104 151 369 448 1119 1101 53 1110 353 121 648 467 1166 814 809 86 498 53 342 615 714 762 1006 70
599 1019 472 367 736 909 182 161 557 416 341 927 866 947 598 247 552 266 274 561 978 575 392 202 254 696 491 466 1019 264 491 562 698 199 944 690 840 566 46 122 1114 238 789 967 378 441 185 385 626 132 706 1003 86 994 180 842 1191 628 369
537 932 824 173 1036 756 704 275 948 962 501 1127 467 104 1147 651 144 688 326 38 797 438 589 961 407 385 415 932 782 900 1059 1105 710 640 292 302 1020 1037 717 809 1069 40 737 583 388 287 526 1038 1042 219 547 404 35 653 319 936 142 1100 796
943 413 494 1133 289 111 373 771 869 490 524 966 122 357 178 754 120 372 934 704 630 629 756 375 1149 667 782 1122 365 1016 271 115 783 705 844 648 1067 749 92 1038 570 1038 297 500 174 995 999 401 273 381 1141 1032 219 1152 434 618 904 1036 162
332 58 493 337 155 635 608 311 910 773 248 716 428 245 1071 158 909 557 656 880 1189 1194 821 869 158 565 476 814 244 509 848 225 487 725 213 155 925 874 627 646 55 89 407 878 1045 798 870 1024 875 703 1188 325 262 698 149 158 506 909 513
912 990 549 637 1186 955 456 935 772 400 262 738 1154 377 509 915 105 689 285 779 74 646 989 55 925 60 1083 772 1079 485 585 87 831 351 502 1004 749 526 810 460 820 556 1062 1109 899 878 59 837 54 57 459 742 146 933 589 1169 560 928 1076
876 921 1174 1042 710 404 864 697 916 1180 602 787 445 933 362 738 275 128 45 170 691 93 212 414 1023 528 512 792 617 471 329 317 195 363 613 1104 997 614 951 166 831 996 902 522 687 621 320 1170 405 1057 207 754 565 357 250 287 1037 269 895
327 616 650 768 654 146 1078 683 732 1085 1070 574 150 419 1008 123 1097 301 356 137 735 931 208 523 651 645 1158 996 151 906 705 619 416 550 816 380 368 193 1122 287 1020 294 67 189 655 1162 614 1184 1095 1086 403 138 991 245 610 745 685 682 1177
201 924 876 531 891 573 155 802 325 1049 312 710 1193 378 824 494 554 331 58 398 333 172 713 946 1021 59 947 834 1025 416 587 310 594 152 668 860 1175 468 751 1079 835 530 863 1051 706 748 555 295 655 1008 523 577 1098 161 647 856 217 347 53
182 748 540 1009 516 853 833 450 99 40 591 506 1128 367 212 253 968 289 220 310 901 1076 40 583 215 784 268 560 1198 582 824 866 310 993 361 420 300 1068 1169 709 177 149 293 595 221 1184 1173 908 213 574 417 35 1136 431 105 981 599 278 1030
604 427 541 200 323 299 713 128 235 166 782 527 110 509 870 973 147 797 270 926 1026 700 322 403 88 977 170 573 572 313 1125 231 50 616 181 565 224 349 810 55 1056 473 1076 354 38 208 1123 433 978 673 882 360 360 851 1028 314 270 128 940
363 1061 359 531 296 1116 1100 1190 309 545 419 1166 199 521 397 997 804 115 802 101 1048 840 960 803 106 341 1186 1148 61 540 548 510 859 968 390 970 1087 464 1200 1017 162 605 422 1021 457 63 75 217 732 157 1178 899 234 172 354 585 731 451 818
706 630 428 678 391 789 428 865 514 166 39 1196 1045 595 110 93 205 435 554 667 1177 1138 686 177 198 175 1000 785 173 405 552 43 319 573 916 830 191 1089 219 110 33 515 777 183 818 719 378 33 1032 1071 818 852 779 622 204 1134 853 367 50
595 982 479 1085 1188 810 552 1133 259 143 231 75 629 865 608 909 361 184 752 778 921 694 548 223 207 1161 1096 1105 202 344 146 243 320 252 1073 410 757 156 1136 495 413 717 63 373 399 137 836 1165 604 784 781 1190 926 93 521 760 755 155 776
387 364 1159 49 307 353 263 1075 1095 856 43 269 258 70 611 1137 705 532 114 454 415 549 1058 638 710 184 791 88 422 681 696 151 299 1053 603 258 426 942 416 220 1163 1139 482 663 862 323 57 309 1111 1051 1059 768 476 927 1044 155 113 142 1115
712 993 425 440 619 1072 356 859 990 351 1022 414 583 512 1086 646 71 762 1022 950 148 911 381 196 777 1052 112 112 76 560 776 1026 1169 1169 218 787 141 1052 858 95 1070 1099 553 330 473 396 1170 177 691 63 511 946 756 976 593 1118 297 118 752
