63 65 1300
101 1031 668 1079 991 1122 1268 502 582 801 663 1100 816 178 525 803 579 508 622 1246 633 293 126 293 1067 547 852 1292 832 292 948 735 966 838 1139 854 210 579 152 912 312 896 794 549 694 656 771 1141 853 1188 723 301 267 180 514 612 607 860 1066 1262 850 212 948 271 524
1085 1116 1259 882 1029 426 657 1153 249 176 902 1246 1289 410 632 371 1159 565 951 103 1124 831 114 510 1179 506 260 603 191 651 860 113 320 477 1023 795 625 249 266 1051 796 220 104 870 668 740 273 526 1079 103 1178 483 976 978 247 810 604 628 819 235 945 222 379 1242 142
546 681 329 148 874 554 904 1256 1263 1202 617 83 789 895 484 646 1190 841 661 222 263 292 97 446 261 814 543 198 460 546 288 1132 796 962 516 625 441 429 1063 687 560 908 186 996 222 1098 423 93 529 761 540 424 245 915 1262 675 453 705 453 1150 282 463 1225 394 915
392 133 863 633 1092 431 291 108 1039 191 200 115 871 749 764 1181 792 1064 415 601 943 448 949 1239 369 1098 1100 467 1070 1283 992 1194 925 610 1009 1250 1058 150 317 891 370 1119 1191 951 425 1200 851 282 137 469 106 1254 1037 949 425 1256 713 643 1209 816 1009 313 1221 914 1085
1125 676 661 295 363 381 748 1101 1202 1176 555 196 966 433 483 261 939 427 697 471 148 406 520 1221 230 809 1248 442 854 1267 1186 362 664 880 714 159 994 694 1096 388 1264 385 230 781 1025 640 128 1203 1110 1252 901 680 897 854 102 342 429 1088 705 852 316 292 1271 574 485
809 1048 1067 519 1290 1046 428 777 124 625 154 128 674 622 739 270 1018 1115 545 204 1031 838 399 390 954 1216 780 1250 513 644 369 1138 214 648 686 942 727 315 828 189 198 567 978 103 852 741 973 815 81 1287 721 933 474 549 1064 243 330 87 477 1076 670 226 1169 1049 381
1137 205 299 294 902 937 989 263 1201 1222 102 405 1092 454 753 137 708 860 881 543 503 198 379 221 946 95 678 99 313 392 393 1024 704 194 606 1035 888 1133 791 990 495 700 285 455 1272 505 425 278 535 1226 466 1126 115 312 98 967 689 334 332 863 188 685 1226 160 177
223 752 1294 1025 1214 644 773 800 611 268 1036 188 898 1145 999 1267 240 729 315 634 878 192 1080 530 503 546 1035 127 301 892 829 1019 860 631 914 664 1168 1021 1086 517 1216 999 1229 1165 886 358 581 357 617 487 869 291 1173 812 88 192 909 768 639 236 203 619 558 354 1216
824 724 149 1173 136 350 1137 1253 426 258 1087 300 621 713 416 385 790 909 1155 663 696 990 481 1245 678 619 380 1159 995 1189 468 239 1240 144 817 1215 91 845 717 141 1189 463 1189 780 228 928 493 1029 1243 1155 597 690 784 500 1161 1038 964 963 258 834 1256 664 142 1173 789
418 600 242 1116 1019 340 1137 408 708 1244 539 457 877 724 960 455 79 730 266 1050 352 954 364 479 639 168 1218 1162 852 415 1283 1009 542 425 300 1253 271 435 811 1124 1228 1239 436 843 1286 1040 430 497 885 134 726 1219 131 829 363 1149 1214 1014 361 1125 501 1276 963 823 948
1049 723 745 699 514 350 1243 77 538 295 669 217 1105 368 764 844 512 1142 439 760 781 332 999 845 233 703 141 215 124 384 550 207 600 322 875 501 596 842 975 1201 403 133 1037 816 1285 569 498 669 1265 1166 514 173 983 178 290 740 777 1127 251 385 225 1099 744 1236 1041
1270 673 962 561 1016 694 1001 564 609 1242 720 445 729 722 892 392 1095 153 936 958 1261 1193 1023 1289 1161 1237 1257 571 1270 896 955 480 1146 594 698 86 275 170 156 645 119 1168 1101 548 252 1076 637 1022 640 330 171 472 578 683 85 241 525 1080 729 1179 1220 1182 240 862 502
906 568 1035 703 1018 784 811 935 963 1174 892 1287 528 400 1134 1257 995 860 317 712 882 924 395 360 1193 1078 1021 722 654 499 339 987 1237 834 219 861 561 295 1054 1062 1299 460 961 389 1186 561 153 1039 1066 87 242 1175 457 666 589 445 1183 231 544 159 1116 955 446 1143 639
702 387 1147 1205 1222 353 1151 268 272 488 479 414 1191 175 661 505 866 243 1251 699 1108 719 236 1245 882 381 463 856 1041 932 548 368 461 335 572 1125 165 1136 819 1010 92 617 1016 268 1019 603 603 699 695 435 837 678 182 1286 737 161 533 119 1238 786 333 920 198 1105 511
1174 757 669 848 749 713 790 420 219 844 580 533 670 762 779 548 407 1280 857 100 550 237 982 614 371 569 1274 683 139 892 1272 327 516 708 1257 1126 1209 1285 1142 770 1258 583 574 945 1051 1225 467 343 318 1245 316 437 218 900 883 723 381 447 401 531 149 778 1110 1179 682
816 1245 1069 683 1111 119 1216 584 754 1259 1090 118 1044 974 1081 125 459 759 138 598 620 1250 248 740 245 937 464 1109 652 672 437 492 922 773 111 1169 640 886 848 978 1196 253 918 597 303 804 1029 420 426 439 811 147 1171 498 1211 1060 721 975 504 487 727 1048 626 629 1024
277 1193 875 963 277 544 887 1133 1033 519 1290 959 1117 377 1138 482 230 976 381 832 1251 570 751 405 456 489 493 114 236 1150 1186 896 1137 935 554 844 242 648 1069 854 1168 1098 377 183 881 263 847 900 401 201 188 596 257 311 242 893 714 856 640 1089 954 425 758 986 1282
1012 1238 532 83 1230 1240 806 912 255 779 1156 428 840 304 171 676 1106 223 353 153 1104 540 1095 863 568 663 757 1212 1178 646 1061 98 918 878 78 470 981 461 433 691 837 720 1109 1130 432 513 1083 884 830 1034 253 153 1278 1279 601 634 479 895 549 833 175 330 1177 1214 287
875 114 330 1224 108 244 320 474 191 310 100 835 593 1285 695 730 1254 636 450 1016 211 1162 766 419 275 409 1132 106 249 710 1123 1032 1228 688 1183 1004 900 454 1074 296 693 899 1176 724 753 652 403 818 571 417 1048 356 637 1135 553 1205 797 149 719 608 704 877 1071 1201 926
1201 1064 833 898 727 715 480 1033 297 191 1085 93 964 918 410 504 1160 924 672 288 263 746 629 925 550 857 328 110 273 796 1054 725 469 1119 235 1253 952 78 894 236 1027 998 1072 1256 478 866 1161 1173 549 480 1189 442 130 261 1151 1021 191 166 484 363 950 265 670 1272 1182
235 73 846 723 231 450 773 569 279 794 930 517 330 737 784 533 1162 855 488 89 250 979 430 237 762 978 313 660 905 727 911 86 344 289 421 1155 1182 723 873 992 220 211 512 1013 1241 368 275 83 928 86 844 490 805 80 722 103 1277 600 1058 224 1082 491 1047 320 734
933 1293 1061 327 591 144 159 1199 686 354 831 789 1043 738 691 784 314 106 296 1086 763 385 949 91 1220 586 686 103 1055 844 1080 1282 294 566 323 530 364 477 198 502 141 667 1126 917 274 250 97 1157 690 1126 1080 357 1020 579 959 373 879 430 404 416 422 521 139 510 519
1153 208 815 1015 684 586 524 354 168 758 1281 1081 722 1082 606 607 862 960 634 215 1063 514 901 1024 626 1260 1017 942 1291 1212 311 250 978 592 375 815 182 989 177 1278 1052 1267 541 615 600 478 801 473 985 1119 1194 828 521 1025 720 889 1069 1157 1006 1033 897 1292 386 822 928
672 700 702 671 882 1093 973 1240 734 1209 633 609 1123 249 96 1277 897 1155 1087 762 1252 303 720 159 1196 1007 164 920 793 1085 902 136 1159 543 590 319 766 128 259 516 694 729 320 1243 1075 242 1076 543 1087 646 139 450 536 708 1006 618 503 972 855 376 777 829 175 1149 470
569 605 1256 499 90 455 463 840 397 1069 754 1101 140 340 226 184 416 701 596 540 1193 731 499 564 698 534 888 880 759 181 624 87 1220 1077 405 580 1143 342 845 698 1290 803 842 934 343 1197 338 1044 991 721 297 600 760 1187 1277 115 147 1297 160 928 986 179 701 880 266
90 264 926 1195 817 383 347 254 105 1029 884 1063 539 1077 932 1065 423 932 697 1135 157 146 247 1132 147 250 943 593 899 83 1096 1005 1238 705 351 810 1073 501 924 1222 994 154 1134 1097 410 1269 243 789 690 1190 226 493 578 238 80 786 438 519 748 482 787 115 760 831 952
526 385 752 1197 1126 111 603 1175 563 1149 1055 186 702 761 482 871 814 391 957 1039 410 702 479 428 162 812 976 988 1096 571 535 1235 352 292 370 1188 819 1047 723 240 297 1107 910 711 1029 1199 698 1039 153 133 717 366 930 1294 1041 138 589 954 143 754 1119 161 817 100 1094
367 1214 1157 328 180 460 381 1295 923 1287 936 1242 104 928 568 999 263 1068 859 633 807 1010 699 132 798 323 805 915 227 413 807 901 710 1029 229 1100 1099 861 1154 1189 1157 164 442 128 708 896 722 1223 557 210 924 608 97 1164 933 248 161 1212 420 173 784 1262 556 664 1161
152 224 179 246 813 706 285 494 183 1053 1183 715 558 1295 981 595 679 819 510 180 894 706 477 729 1090 737 1284 908 886 114 193 201 1185 230 1062 368 602 238 1105 717 950 761 333 1286 426 281 1035 150 1075 982 180 1069 535 935 638 701 441 998 1073 1063 1173 846 356 572 1246
415 385 358 679 318 701 118 207 965 1051 572 1244 1186 678 1253 198 471 933 544 333 1064 703 78 401 1140 684 1098 105 189 1010 301 882 734 395 114 564 106 1190 866 804 851 84 958 1080 740 1105 1217 409 914 586 615 1023 357 862 350 690 1211 1056 244 747 308 935 897 840 480
617 143 1109 586 1219 859 107 1005 950 138 302 796 1202 840 1294 173 435 288 1181 289 1128 1128 1164 334 858 414 319 738 806 834 1294 865 434 402 166 105 106 260 979 640 761 171 674 181 525 340 702 291 731 406 779 542 832 212 328 1043 233 834 1057 766 1064 391 159 369 1031
942 667 452 548 582 344 1148 174 750 1285 325 851 1289 690 707 1135 358 409 1002 420 895 504 356 1126 958 130 727 1136 881 851 1008 931 72 487 1252 392 227 367 1078 928 1257 245 225 1246 876 1053 732 262 714 530 443 474 1268 972 210 834 1204 462 236 326 1055 123 458 449 911
1153 1181 510 1047 738 505 950 509 415 280 329 351 426 1282 428 725 760 258 490 121 887 100 301 776 796 173 703 1069 653 1180 1126 315 821 1174 1153 1056 232 285 1256 819 400 1168 1242 1249 780 534 396 1055 1044 236 1109 855 1277 320 956 786 794 971 1202 413 351 505 1121 350 438
1280 480 132 808 210 775 798 405 775 557 845 121 1022 892 937 760 542 145 581 125 761 589 1133 740 1052 471 543 1298 257 763 1181 1112 161 90 1282 546 272 355 1247 341 447 741 704 207 113 682 1079 355 1185 140 1152 131 286 974 1125 300 619 273 288 529 1169 1072 311 492 334
952 228 626 276 180 369 1184 538 788 989 657 1127 455 1080 430 659 163 887 116 1257 768 1095 920 947 966 696 185 939 723 1181 133 864 622 795 353 612 673 1013 1290 339 1124 401 1220 279 235 852 587 214 654 1231 1094 933 871 331 647 1026 204 574 528 376 701 886 975 206 484
1206 1290 709 367 135 404 602 770 312 671 839 286 1268 648 424 1097 95 1108 1234 355 372 146 75 764 175 852 813 939 1231 435 667 902 353 733 520 491 626 498 631 118 241 1210 650 1048 540 600 1259 731 584 779 1048 147 939 692 778 717 1195 1029 1000 767 972 1128 1105 831 966
631 711 443 1038 534 1190 1059 765 833 148 356 359 648 462 234 1042 537 1079 965 708 101 299 801 180 733 279 145 664 466 995 664 1075 1119 408 1027 1013 866 755 331 155 897 809 1071 1050 1226 857 940 804 225 227 855 218 485 494 342 425 1062 645 1279 1112 610 1208 161 996 521
290 1221 760 453 490 628 196 169 690 217 149 921 975 646 715 268 824 110 193 1273 995 881 976 1300 997 796 395 647 1234 906 422 586 720 1015 678 1259 499 719 431 906 825 1070 1255 938 422 651 542 116 102 490 1155 500 826 482 1034 81 501 87 978 1117 340 1071 1264 1249 1100
190 181 1013 730 420 169 1031 447 230 332 700 973 1237 270 1031 858 634 961 887 1184 713 854 759 524 1173 144 264 418 975 352 1022 1029 1222 937 898 1299 595 1001 340 1056 612 897 1019 176 434 98 1169 334 1040 565 401 715 894 457 801 630 886 1114 1081 1136 435 1255 225 307 1011
1115 643 99 635 601 1213 669 786 186 863 659 555 443 1008 436 826 1103 594 1080 100 530 648 519 433 1215 191 1167 640 783 1051 550 381 295 650 940 981 538 211 732 850 78 1105 759 436 257 1158 874 453 211 270 424 912 686 219 995 360 416 971 577 915 872 971 342 1171 760
257 1276 213 146 1001 115 629 246 1096 658 801 1163 479 334 1073 296 74 869 818 364 402 154 997 485 879 1283 1251 378 946 923 99 907 1028 1245 803 589 851 276 962 934 1253 1161 450 477 1189 542 718 1042 937 573 1134 385 661 816 73 205 445 1297 1003 827 899 437 1035 91 289
381 131 790 1034 1261 87 1016 598 396 910 257 530 584 503 314 1043 378 152 621 1105 1089 792 937 1197 544 962 282 558 524 336 825 442 838 633 666 880 81 486 1171 1161 1184 623 1092 718 971 557 296 868 522 895 707 353 509 1234 604 813 278 901 249 683 568 609 828 427 482
944 801 368 476 360 1029 282 1275 1079 109 603 798 344 1287 273 244 780 1272 965 881 171 611 1207 825 348 1225 999 606 632 977 182 704 233 1090 955 1021 605 859 435 1047 295 1174 1235 139 1184 540 958 956 1179 315 782 911 558 89 1283 995 331 1077 1033 1196 1035 652 713 608 396
481 935 170 613 336 1026 267 1018 615 169 557 113 1242 1097 1069 764 125 679 1188 1132 1263 943 286 406 669 893 1160 559 1096 727 694 177 531 923 1034 468 549 1231 162 1294 665 130 520 95 1078 1224 1233 95 749 561 821 417 1241 705 1205 724 759 944 680 252 893 385 918 272 168
112 785 817 1153 836 1290 537 88 1125 312 197 1147 738 647 716 1224 522 1184 797 998 81 1191 1258 573 901 982 886 881 1298 1016 228 539 277 543 869 761 307 754 892 1095 122 481 116 794 944 359 306 738 400 623 1211 78 1197 1150 572 847 1124 644 241 850 1166 1280 318 165 218
725 1300 688 203 414 575 1266 873 484 952 711 460 809 1214 762 738 913 1165 1119 719 925 1058 1242 486 904 1184 840 369 230 118 625 91 781 118 1207 597 229 78 339 1119 427 1201 609 589 990 696 140 141 346 1241 410 770 592 468 1245 182 741 1008 236 676 238 316 808 697 364
419 318 816 781 488 783 83 231 310 837 1172 124 740 714 376 1161 972 118 467 459 381 562 1148 951 153 285 1234 612 452 270 1023 554 626 340 928 814 259 765 865 792 1265 1086 211 512 245 529 883 436 906 261 1152 614 582 662 440 526 851 804 575 1281 401 786 1025 176 569
933 709 918 1281 215 1070 815 696 845 453 487 1165 180 519 358 991 591 648 85 612 455 283 1113 1050 565 688 335 573 212 76 1096 314 1167 160 1078 1195 1025 497 1206 712 237 1122 743 746 989 1238 471 962 205 1132 588 668 617 960 1266 553 203 940 560 1194 1210 1035 536 106 1068
732 670 241 1104 430 619 1205 1251 439 854 129 296 1055 519 1185 967 874 776 1097 1264 1008 189 569 151 471 446 633 385 814 374 1204 912 806 466 998 644 278 424 691 695 79 686 1114 1022 1079 1286 582 336 1209 1147 1286 1046 770 516 478 184 1038 723 761 380 590 1076 198 384 988
243 828 1280 480 1291 641 536 1166 1053 732 551 160 461 710 157 1241 1142 378 450 1170 236 288 779 1000 1121 816 1076 1018 849 378 127 1272 395 1045 1181 1280 919 764 470 461 153 1137 554 1085 842 908 777 235 1274 182 1014 932 1157 183 463 105 766 952 636 1202 169 1205 646 1098 260
718 282 659 1216 945 443 1087 880 227 851 1018 582 1146 337 134 993 646 1199 201 440 586 533 330 177 434 990 955 99 1087 561 840 1084 1127 868 924 1058 77 128 252 993 571 704 288 814 726 1232 1102 373 762 456 540 743 871 337 642 106 286 278 667 677 1064 743 712 537 916
462 439 1200 79 680 1076 552 421 1139 578 88 421 1195 944 945 1282 521 409 1243 1036 1150 169 1085 512 1253 925 974 412 1085 762 1105 164 489 280 468 650 589 764 173 369 556 596 777 1179 986 207 724 1161 892 205 89 870 749 267 581 548 419 498 586 974 1210 356 470 777 909
876 858 437 987 1203 704 698 868 795 606 116 384 439 804 1180 826 451 991 337 325 125 756 1201 959 1196 213 763 991 316 291 1181 733 842 1204 785 735 822 1157 1126 454 1042 1182 212 581 893 892 711 1030 247 883 92 543 706 1158 1096 586 946 304 1263 95 457 1104 853 742 215
607 370 1009 1116 712 1187 1208 233 564 226 499 1107 412 950 354 566 968 129 182 1131 273 618 848 776 729 1290 831 368 1285 1092 703 837 1211 888 1100 897 461 562 711 301 374 648 531 784 1088 845 774 115 1034 614 1115 355 1282 1260 663 1067 269 288 391 1088 994 112 1053 739 1288
203 96 881 824 430 837 461 751 264 420 621 740 1167 283 638 1132 728 873 1178 1069 981 398 774 1264 332 286 973 235 855 311 142 927 878 567 265 1226 889 830 1025 419 818 540 316 716 1281 837 451 612 1119 81 936 1147 1240 179 1114 891 1283 985 671 796 335 962 304 866 354
1190 536 1257 237 85 881 370 224 1063 1016 852 760 471 907 313 90 839 358 478 1248 1191 1037 208 722 295 991 1013 1070 1118 1056 367 1159 1284 174 354 216 1123 274 116 253 730 798 1216 157 734 317 823 1163 454 847 975 362 1085 141 929 926 345 508 294 876 786 1194 180 761 347
600 966 1156 476 543 661 460 921 1192 492 691 869 1258 538 1052 1007 735 1163 1118 637 218 1280 346 990 479 607 1075 966 159 1195 1264 519 289 923 754 255 1153 689 966 1195 272 377 489 789 809 1286 334 689 583 573 444 1229 858 855 1225 655 250 533 673 420 425 1266 551 117 1109
619 533 720 143 1216 515 520 1182 729 342 558 314 1024 665 721 1174 520 1227 319 619 1189 810 1244 299 434 1020 577 591 519 756 1261 693 1129 223 1057 657 938 483 442 1212 1253 1251 907 145 1202 193 502 220 550 813 107 1092 658 534 772 1198 908 310 1020 1122 1281 953 1018 516 401
146 275 731 432 1193 359 660 982 288 264 803 565 149 1297 506 374 888 942 442 357 841 347 121 713 1084 702 1000 1232 1235 325 210 750 1223 512 274 472 1207 631 434 795 97 183 1039 966 326 1258 190 1164 441 932 708 356 799 423 546 1235 1177 866 688 256 253 1141 472 138 962
1148 161 1195 811 187 888 187 686 1137 121 771 692 400 439 963 283 404 1214 470 1267 469 1261 1245 639 446 391 505 197 699 540 440 1087 615 296 94 210 1046 860 440 526 977 482 618 1067 992 182 957 272 1130 764 1167 827 532 1212 910 564 662 1020 647 909 163 269 468 1137 1180
324 224 560 502 313 1061 1270 608 997 1277 219 573 1033 429 795 1028 747 271 753 901 865 632 1029 496 707 778 470 880 120 430 797 1255 144 252 1188 552 536 433 1030 1157 798 554 776 228 1079 963 895 231 738 267 106 1215 1231 978 702 757 748 806 1208 698 1171 766 412 1085 1076
792 1212 602 1036 922 194 1054 438 460 693 1160 313 240 149 710 506 217 126 128 1091 1132 1239 796 564 839 779 558 1037 468 79 1130 109 135 374 952 705 147 974 627 1048 814 623 1138 889 630 861 575 74 938 677 552 1064 834 495 626 154 1186 311 356 402 829 173 1225 626 908
275 597 664 1260 877 357 720 1186 490 1021 1181 602 954 998 1210 278 570 737 1154 896 996 1258 614 737 1107 235 111 1239 757 971 451 577 623 1110 639 213 916 940 647 567 974 174 497 536 306 460 250 1134 862 1116 361 682 560 1006 325 977 640 524 455 95 1002 635 896 941 978
