67 69 1400
1063 263 96 393 1081 829 969 1251 111 487 1375 1221 157 482 555 1195 1366 408 956 970 186 205 1188 420 389 1346 225 616 1102 1212 115 429 377 786 1082 819 963 1304 1334 933 315 327 90 526 1388 652 1071 1014 1178 1308 1120 757 537 1351 643 784 1277 352 764 898 992 712 707 720 1079 1019 831 585 250
94 975 193 145 954 1123 1358 1123 1053 1146 67 222 307 355 723 507 1265 815 326 1375 493 1301 1004 719 131 930 876 756 624 1054 1172 198 1047 128 760 1267 1382 532 134 207 1184 212 827 430 545 849 1167 1129 962 105 123 814 468 830 550 771 1098 672 254 934 306 408 124 1280 91 355 805 533 919
828 179 1030 219 1280 122 1248 871 398 1292 1153 207 1321 1186 75 1110 1378 141 1201 157 393 1157 1232 1227 586 1380 692 661 1294 516 889 1004 307 710 793 833 513 559 552 934 757 195 1218 768 927 552 1319 125 345 447 1106 1361 883 406 111 599 566 1112 1351 525 824 862 703 1281 1217 260 665 1032 1073
1184 226 88 1378 1043 187 832 886 868 216 770 489 699 894 261 835 1018 553 1256 1026 314 978 206 234 77 369 859 499 677 1040 1161 776 1144 760 67 745 979 558 757 311 297 1371 505 693 1360 190 663 1360 1281 213 1330 1094 1035 1269 1063 805 1180 286 1226 1305 1376 195 488 847 782 1316 734 1297 1386
969 233 734 866 397 88 786 459 96 373 550 921 682 162 845 230 885 704 1309 451 1033 1077 312 918 1135 1030 758 711 820 908 336 534 1195 1290 1005 870 508 907 966 677 1347 1037 417 107 140 973 1062 80 131 75 1260 869 455 902 72 596 1329 888 719 654 296 1375 450 1270 399 876 1302 382 342
1390 1381 1340 986 799 1289 613 535 777 807 170 279 1295 1083 181 238 1239 79 1189 887 670 933 1356 1283 128 1176 663 216 607 1376 498 1142 1177 462 1087 273 309 1325 822 744 465 842 898 828 479 444 746 88 249 1118 1284 1395 149 428 416 746 957 87 770 1087 1020 392 1081 155 538 595 711 1362 135
1174 1137 1325 637 1131 304 907 499 669 1025 472 722 337 288 652 273 307 1380 580 860 291 126 418 987 169 692 314 785 942 147 122 1266 1062 1237 926 777 257 1007 540 646 239 672 699 1327 1338 340 769 1153 1254 1225 361 715 674 920 511 631 188 78 143 440 207 902 1319 1356 623 1075 633 489 833
427 136 296 1384 194 427 1192 84 809 240 71 519 792 1177 526 80 315 803 499 1257 1012 434 742 1121 375 1345 399 985 123 373 759 842 391 825 825 817 1293 997 658 498 1129 200 314 1021 610 633 175 213 1045 701 1219 168 953 239 1131 1035 1369 1322 389 597 550 1004 535 715 538 876 201 920 1360
506 693 610 799 1172 839 162 1312 924 757 647 1155 167 257 1297 1054 290 517 1255 81 425 1076 1321 626 1065 972 1255 1323 1362 890 641 555 990 1225 660 1302 1396 1267 1010 309 763 574 912 843 1222 83 426 241 919 182 445 1192 883 208 1343 980 1357 772 377 1183 495 1028 595 401 322 892 914 765 1341
891 704 282 372 307 1312 787 933 417 746 961 548 1290 1395 1032 1062 541 758 1348 193 846 1116 536 458 921 634 1191 311 130 258 803 1106 1177 378 520 907 103 775 392 1264 1400 272 186 783 126 1172 410 468 161 571 1155 233 819 205 447 1321 378 770 409 859 1166 781 257 933 1004 740 1338 450 978
95 1221 561 590 1013 1079 1326 1027 1383 955 493 829 276 852 1069 191 830 132 1211 1375 1174 394 883 188 186 704 285 258 1157 1236 97 1332 847 1307 1145 1134 1305 1326 890 1371 1162 188 753 1137 1197 1161 553 90 795 1373 723 227 94 1260 228 513 713 366 510 242 1155 489 544 773 144 1011 724 348 1220
1382 1206 909 1101 282 500 1099 480 1159 715 1107 186 95 1177 585 518 896 252 1337 214 198 265 430 1001 398 1328 537 464 415 1390 213 747 1152 1343 945 1236 394 290 397 181 366 105 121 788 881 1028 263 261 1294 163 979 1079 1223 259 547 1125 1370 250 1323 985 421 797 637 861 1054 889 405 975 743
819 717 1014 79 698 732 922 782 787 171 546 473 512 305 315 1108 256 1156 1361 666 963 288 1254 1247 400 1273 951 953 362 1343 1255 279 1255 915 605 944 647 327 1360 1263 938 547 673 1140 862 811 1045 86 741 985 954 742 289 218 1183 1256 705 861 223 1399 1041 525 301 103 566 929 1150 968 1289
1338 1324 90 264 1135 98 1276 1126 451 427 540 838 353 642 905 493 694 1220 628 1197 1066 1053 888 719 1095 123 1213 1280 1288 595 930 1302 157 402 1355 1278 596 357 1052 1393 138 1151 337 226 996 570 905 256 1006 92 359 409 216 885 99 449 740 259 673 977 520 1286 885 1216 1228 633 291 790 514
304 498 767 418 525 319 470 151 876 183 1034 1074 655 759 850 896 739 158 1388 442 952 192 626 1238 1318 410 236 529 592 952 919 1223 459 1079 1198 626 976 1151 1193 812 690 1119 871 526 1033 287 996 1358 465 545 360 142 146 217 418 1146 1272 105 169 1338 1136 1369 504 1225 1334 871 983 897 546
387 483 554 1051 1368 828 954 811 549 1215 1105 651 430 383 581 731 674 1096 1279 146 841 164 141 986 223 855 610 930 139 681 319 477 1324 1158 626 1241 1187 978 409 691 550 1263 1398 544 588 312 871 218 1217 708 1011 174 852 1050 724 1321 843 586 1056 488 171 448 1282 1216 1066 1252 1025 1284 279
239 237 236 864 1278 160 301 151 100 588 1237 985 694 1135 333 973 585 494 432 126 952 905 247 780 1371 132 1318 784 103 668 611 1119 1298 161 300 456 962 1074 72 780 1383 686 695 686 963 609 1263 1316 125 905 226 782 1092 839 435 1301 711 179 217 965 857 1397 1314 535 178 1116 765 445 228
1070 915 235 1221 1079 622 1335 642 1316 1338 178 623 454 1232 250 870 1042 105 758 250 776 789 245 129 1133 475 1132 844 662 1300 680 1389 749 1213 889 1195 974 1082 934 336 1390 765 472 128 354 924 1372 705 449 1141 702 445 402 1113 405 256 1302 505 1204 1178 243 1357 326 1052 967 842 1217 807 791
252 1385 449 214 326 628 700 772 150 218 816 332 659 701 182 667 1137 213 465 916 1136 653 166 837 172 528 1133 578 420 304 827 827 264 1231 1191 1012 789 1262 164 589 1118 511 814 1299 692 354 1198 388 1005 80 950 1156 513 1152 559 394 766 1165 271 194 1306 1341 121 508 196 1173 414 1008 587
357 523 313 241 370 279 376 764 865 236 1099 233 822 1295 793 1188 650 364 983 441 847 906 341 1020 707 568 1051 1165 469 184 1096 228 1329 879 667 1382 642 1265 1347 389 289 892 1204 618 312 475 592 121 200 190 138 621 747 119 635 1240 391 977 1054 1067 1113 797 754 791 787 1094 1160 935 912
629 654 1157 1127 1189 1071 494 663 1267 412 183 1133 655 1188 673 190 1045 1358 217 155 332 740 1168 1164 263 632 1020 776 797 1352 1166 244 950 1255 985 402 494 1116 473 1044 1086 777 402 1215 228 503 838 1063 538 1130 533 1366 1220 1129 1017 662 1316 716 979 705 375 848 705 98 193 683 280 1329 775
712 1123 1032 566 549 1299 1154 804 1168 222 1319 345 742 757 1081 822 696 1280 294 1330 491 895 83 565 1290 1215 255 298 898 360 724 1344 441 712 681 318 591 720 1350 1207 1223 1131 1061 512 1066 203 799 746 219 490 815 146 449 984 779 1116 706 895 973 1092 1275 617 598 525 936 1121 1274 337 853
87 1306 1361 260 323 872 1228 563 1009 207 617 1349 216 376 999 414 1040 1270 622 1247 978 659 868 1276 1355 567 239 1034 935 1081 1007 620 815 802 1199 660 254 818 1148 616 722 184 69 1028 1229 446 1006 634 264 1301 1275 1107 561 1038 148 614 1363 1273 88 1121 441 768 765 765 1058 1392 588 265 498
278 404 603 1050 1131 589 82 1073 1055 677 1271 1269 1398 280 277 1029 479 1172 1344 1096 375 604 373 121 650 689 327 634 730 738 1212 415 1366 847 330 440 1392 1002 375 257 382 154 825 1322 102 1106 1293 467 669 817 96 416 1316 411 266 581 774 495 515 1266 1253 1292 519 479 175 1048 848 752 746
1234 1325 1230 93 1226 718 685 1322 731 482 406 862 1266 1349 509 383 568 1066 1288 666 284 879 86 1329 1317 1243 952 115 133 1134 1334 749 808 380 480 247 1310 1123 194 893 484 886 999 1371 674 739 805 399 395 416 332 1254 1050 298 1052 691 981 738 1124 660 1203 494 193 563 757 1128 193 1138 1216
960 1017 1352 1288 505 848 830 415 414 724 1034 140 1173 1331 113 749 1326 1033 1089 631 654 824 1348 1240 911 249 1291 547 1114 426 1039 563 328 136 752 995 633 255 269 505 521 1179 1068 985 569 1190 218 903 1095 136 300 378 430 245 284 1205 281 410 142 404 90 849 789 516 1156 202 1010 1056 360
640 949 760 706 577 1058 285 1217 1180 1023 747 1333 1299 207 342 135 119 1140 109 1338 1077 98 903 1276 334 128 1049 458 605 142 1182 737 1290 1365 554 1043 1316 1080 499 103 443 297 242 262 946 465 410 471 788 646 602 570 146 413 879 178 204 607 775 672 1307 1359 681 607 1108 824 813 182 1370
317 260 761 400 1046 653 530 249 421 1397 511 1047 1106 307 297 835 202 269 1106 816 594 945 484 1266 142 1296 610 284 1203 857 1033 1200 312 466 685 1092 834 1132 867 536 1196 465 1123 396 883 483 1347 1189 185 932 1238 225 440 527 1336 181 416 1356 679 1120 438 800 839 436 210 277 327 90 129
633 839 289 765 121 1136 1029 739 442 630 746 1353 1244 1220 1191 1143 718 337 411 462 461 1208 124 535 320 178 440 352 536 940 1006 1210 921 266 578 794 719 594 679 1088 806 1229 367 386 511 654 1336 516 1011 599 1224 747 1057 383 1251 729 398 1215 991 1350 346 814 395 1257 893 387 786 140 880
1332 358 324 81 390 1076 1248 304 525 154 272 1042 903 1126 266 433 1022 990 490 485 454 1105 667 324 618 1269 597 923 776 796 1354 1313 1063 1368 1320 1327 201 633 1160 284 189 169 854 420 869 1039 370 226 485 368 347 584 228 1291 381 680 1239 332 1126 266 1095 143 999 582 1377 1038 516 1080 332
381 799 1383 970 1194 687 1221 950 953 598 919 1176 1356 1067 841 797 887 758 812 431 333 1215 573 504 947 424 506 907 70 337 260 1293 900 939 1122 646 569 176 162 1102 1187 930 842 212 379 813 1204 249 551 1167 1288 1336 796 637 460 1089 394 326 925 1001 695 435 509 424 1013 1294 206 879 172
716 596 1366 136 1205 1006 333 482 896 90 1268 1104 1255 112 712 617 733 1184 432 1335 682 936 800 517 1279 607 1241 870 275 101 1119 331 589 1099 870 356 1366 96 328 904 776 228 947 106 1106 466 123 221 1238 140 375 1277 405 152 1236 1334 738 808 259 195 978 706 116 575 1150 968 745 391 1214
400 1362 840 560 1313 802 1365 496 711 85 1324 1369 274 1337 555 598 863 455 899 1159 1166 577 621 270 180 327 1384 232 1219 1041 278 72 1301 643 1184 1174 1093 1272 1256 1390 1304 1166 668 1163 261 330 825 307 1294 1231 580 373 377 385 108 216 111 255 350 1068 1095 729 799 371 105 1009 1280 1356 1124
794 489 1027 1302 971 118 382 1073 950 73 765 1010 714 365 277 356 622 608 1065 1102 782 940 289 221 777 806 984 143 589 86 657 434 142 924 66 171 935 986 1322 357 409 959 109 981 677 1264 1189 168 324 1148 813 90 851 1331 1067 508 863 1247 1400 1055 749 810 685 616 519 178 1334 1357 370
659 957 400 1100 459 401 234 388 539 1106 402 806 1155 156 341 489 1204 177 404 676 195 251 1333 858 724 270 164 183 98 68 557 531 480 241 1225 788 388 1162 163 1334 1238 1370 988 966 1011 1070 385 155 163 1086 1219 365 1271 694 1094 1081 762 571 802 116 1102 1386 1193 779 817 1336 770 916 434
1261 932 883 603 936 1251 352 247 1223 736 923 686 309 428 196 372 1303 1222 296 482 1186 842 1148 1221 366 701 477 752 1195 1043 814 539 1057 138 1336 1260 1209 410 159 901 359 677 622 788 1396 1322 68 149 226 200 394 1236 1327 1332 1077 996 254 377 93 239 1380 869 1289 147 1075 575 173 789 1295
420 460 344 1049 684 1020 615 429 586 772 90 940 961 1360 1004 741 549 1090 133 1032 1042 1192 1367 327 883 280 873 491 1308 1387 650 250 632 889 202 109 170 644 1358 526 1060 816 104 411 787 275 894 1047 85 1184 675 1340 704 1346 1176 1251 454 284 581 731 1091 897 1017 750 1047 883 100 259 908
865 835 586 898 1348 597 348 72 317 1140 640 1015 986 918 732 314 392 759 71 520 1099 643 539 1205 723 1020 1249 979 431 254 962 357 906 1327 628 1396 239 1065 707 647 598 1272 703 310 266 1158 834 1263 769 335 323 1162 583 595 156 367 732 419 739 1311 247 1380 676 422 577 818 1206 86 496
506 678 200 69 1280 705 511 1264 1363 768 461 753 580 573 1195 1148 813 563 402 1382 186 496 1319 266 1195 517 1193 380 764 984 1237 1268 670 948 862 865 451 1229 1389 275 1003 976 598 473 136 93 80 252 1171 236 159 982 1002 412 516 393 168 1008 1285 652 240 836 257 1334 311 447 284 134 1027
556 524 1398 966 1311 800 404 1352 267 1348 253 1049 1057 262 685 343 1331 226 1088 1111 748 921 1086 285 1079 1375 950 936 593 1141 1121 1299 173 485 872 1231 1202 467 1030 1119 1268 1342 640 248 899 1024 1241 563 627 674 116 247 1163 594 629 1237 1234 132 344 883 636 1216 747 1352 1350 488 653 354 823
1188 686 381 629 135 294 400 1214 193 1081 810 1379 67 1130 724 1171 659 81 301 1357 137 129 81 809 648 114 1147 387 228 757 568 1086 1331 1133 1121 760 703 1146 311 194 133 898 1108 530 509 1086 438 1014 407 421 237 536 1065 476 629 513 602 843 523 790 387 418 188 228 529 479 447 95 751
1268 1369 193 807 230 362 728 919 162 789 1094 737 136 675 893 399 607 123 1054 428 559 364 924 1372 174 1200 817 944 1182 99 1194 1132 1202 632 886 540 298 1017 981 113 1347 933 1220 320 730 1293 332 1196 469 1001 478 669 1238 1017 614 1160 539 1094 657 428 543 191 724 265 129 748 776 1344 1165
985 836 394 1342 692 1363 939 805 313 1294 490 1143 615 411 977 1203 281 1214 291 1245 691 1132 520 1375 303 814 1051 1372 1029 441 921 1327 381 375 710 824 724 319 476 888 249 670 546 1185 407 382 356 287 178 1194 122 660 484 947 1121 341 305 368 537 466 459 619 666 1375 873 1210 656 439 607
706 92 106 413 300 1028 870 154 1004 503 1340 1101 894 1155 960 471 303 483 779 527 330 1174 507 192 704 328 329 999 323 477 1391 755 306 1222 1016 577 1226 503 612 1052 1375 1307 138 654 437 879 1040 901 312 1134 462 184 506 724 396 715 419 683 641 1261 809 1235 1022 503 1304 235 1184 804 1023
683 632 1131 753 426 1222 903 144 1092 521 1356 1154 709 173 524 1237 846 504 1020 644 106 1277 705 553 637 307 1183 299 614 1026 1202 133 508 1117 1342 1224 376 1063 1125 460 577 740 508 841 1116 708 348 735 1350 839 769 1251 88 1210 341 885 289 1116 1135 1131 194 1304 1178 1034 1238 145 807 1031 114
726 1224 688 101 1091 363 624 120 1292 833 242 779 214 1038 771 1222 514 135 591 1282 949 283 1130 1086 1040 429 315 1366 517 816 1078 1124 1209 815 673 1077 770 1095 1164 344 747 363 787 821 665 663 1143 207 775 684 1151 770 869 1307 454 506 190 613 776 610 254 73 339 407 102 142 622 814 1202
634 1365 97 912 1206 343 731 950 1228 1219 267 678 544 918 386 986 297 1166 1277 972 1184 1240 1012 1178 1129 1371 573 265 1244 526 106 774 244 703 800 382 751 842 414 794 403 589 1068 248 1232 941 667 223 441 1078 1329 1196 307 1239 170 673 360 801 674 562 1281 914 1146 1267 1273 318 894 187 267
1328 1004 815 281 752 463 1363 311 306 128 549 254 486 951 940 1021 497 255 1089 484 1337 952 961 715 1346 688 1181 328 757 428 783 904 1214 1032 679 202 116 578 744 555 551 1184 78 1174 1353 1285 627 498 199 332 333 1054 919 1001 272 464 414 307 1320 1009 1056 1226 477 437 278 600 368 1264 669
900 624 278 742 978 143 891 294 83 860 369 221 448 529 1292 659 446 1071 164 1248 139 712 262 1329 629 250 182 168 871 1239 1229 969 268 1087 95 650 141 1129 429 587 1285 1254 1222 1145 1134 863 338 150 928 610 902 843 385 271 109 349 593 269 339 400 405 1131 199 1067 799 140 741 245 533
311 1236 500 1104 269 1195 668 1066 154 1002 485 700 1241 1315 976 1314 717 502 1050 510 125 1398 685 665 180 276 1176 1294 308 1086 199 659 855 90 380 362 715 1384 106 904 1193 1016 997 954 326 1085 879 1174 824 551 1019 961 1092 1059 691 926 415 736 746 1334 463 457 1383 596 393 693 393 155 245
95 1307 1375 826 109 839 655 1327 1103 1314 194 670 546 92 889 620 320 448 1279 1333 1351 309 1186 67 558 1200 145 532 1083 1205 349 1030 266 570 1185 1037 1102 831 788 1381 1387 329 756 721 688 1341 838 510 639 1106 961 322 983 969 224 605 473 842 679 933 1129 634 83 497 1124 477 1021 533 815
1197 1202 643 1251 169 385 248 269 919 292 241 515 181 196 657 1247 569 349 730 328 699 215 1060 1291 77 859 1172 1359 895 304 1241 903 820 346 778 1051 538 261 1164 1163 716 1264 806 1330 476 1019 832 1341 535 898 537 879 609 88 1102 1194 923 447 1350 1288 144 435 308 1360 245 530 962 1191 580
1289 1180 1084 1035 702 123 1169 1158 196 1400 551 945 1066 539 1256 1282 945 466 305 888 309 662 694 156 967 939 348 1174 503 889 449 1312 440 1230 1080 86 1331 1046 1173 258 1231 1380 1081 705 322 604 637 788 252 1030 670 176 844 426 811 734 1348 1388 697 299 451 262 150 283 1007 474 949 407 1396
105 514 1266 267 1268 1391 799 491 1190 1329 1325 702 813 761 655 396 389 1179 130 339 803 325 975 1174 634 912 1329 505 955 913 939 334 676 502 616 771 1193 1355 1034 422 1358 1342 529 1057 1054 295 762 80 889 120 963 188 1385 1236 1380 319 1069 978 232 856 272 1278 370 524 399 236 1195 934 260
353 625 738 927 654 748 143 879 166 1183 118 1036 1344 1055 372 139 935 1016 565 1392 1307 1147 457 582 1100 798 613 679 779 923 353 627 102 113 251 647 451 690 683 1303 1181 674 1173 361 1184 506 1185 374 428 1048 1195 610 647 420 440 592 1194 890 1026 433 67 920 602 252 318 368 296 865 467
1348 884 1395 1154 70 762 998 266 707 900 202 396 548 96 1329 1048 609 88 146 952 979 1295 670 835 759 655 656 389 164 569 940 892 999 352 779 648 1116 844 503 598 1328 356 1131 100 660 516 828 93 1048 495 734 193 806 1223 250 361 960 1299 493 539 1103 866 410 464 957 504 385 1233 1378
402 956 475 659 627 297 1308 193 1223 904 337 272 904 1393 154 681 887 298 215 662 306 303 324 944 260 1248 294 982 908 364 561 834 1357 1022 329 605 595 1064 952 443 94 283 456 604 1208 1300 238 1246 804 1362 681 707 1261 1354 1058 276 1348 849 377 621 447 837 1122 619 908 1220 880 189 1299
514 556 1119 613 1120 1257 900 613 939 684 467 601 1093 1169 965 565 129 137 841 668 959 79 538 155 395 906 863 939 328 226 304 419 453 228 1171 617 749 1170 794 476 1178 72 1050 1339 564 215 1263 1184 336 547 879 777 834 485 429 961 1189 244 352 1277 1309 760 120 288 571 909 287 473 1271
759 796 1299 360 895 1280 691 1371 405 1041 230 902 1356 366 261 249 715 1108 442 1001 130 700 1271 1380 338 679 635 534 1297 404 1230 957 126 107 571 1383 152 765 1184 531 1195 856 1386 312 553 941 307 319 689 504 242 423 1233 260 1292 1361 1108 893 675 1311 586 1362 719 105 755 723 842 445 95
607 453 1328 174 1052 392 1269 210 985 215 593 787 504 153 602 304 797 239 501 513 618 681 425 1232 663 704 764 1340 830 895 220 729 1316 1158 143 724 419 479 115 159 954 720 796 515 352 450 1151 1015 233 1283 896 455 831 1164 535 851 552 310 167 283 487 1327 853 640 723 894 785 1355 954
1352 80 894 712 333 250 762 168 135 492 1208 482 447 819 1384 377 613 1193 903 428 99 646 618 869 301 789 172 412 1120 742 1033 265 116 701 329 865 503 1293 618 268 1117 270 891 1120 1035 805 374 379 253 1001 94 189 494 543 1256 100 1214 116 1088 1031 727 1101 110 1080 780 1149 218 263 1207
1106 1310 751 445 596 912 960 1116 574 881 1338 452 620 1386 305 103 1214 231 1008 106 644 1400 893 1136 1209 1310 744 411 153 317 1165 1189 636 523 168 402 972 284 312 706 607 900 526 1231 1263 161 654 813 359 794 702 504 733 541 385 788 1344 1321 1385 894 829 463 1068 556 257 231 273 1007 872
1113 224 677 227 972 509 423 1278 884 522 613 444 568 658 496 218 283 1391 1066 799 1120 1249 180 178 166 466 682 110 714 1100 673 325 1246 1325 1004 440 185 965 1261 660 1359 858 601 449 642 972 323 653 397 1027 374 377 399 115 869 95 524 1177 305 342 282 551 545 494 1213 813 606 102 170
607 958 198 471 1099 230 112 479 1354 873 1066 905 1326 977 478 814 383 120 192 633 1176 1098 1037 717 313 1254 770 703 799 755 576 933 1350 963 995 949 1011 730 105 1339 715 261 870 753 1060 1242 1268 309 646 83 1387 1177 517 258 954 426 526 1240 174 412 718 1081 1073 1194 724 537 533 849 350
184 863 1107 250 90 370 471 1247 728 254 708 788 1302 569 1008 744 925 1284 605 940 1094 538 1121 917 1075 1154 715 211 922 442 1323 948 1118 333 1378 525 694 86 507 1390 602 795 1215 1055 1132 515 1318 726 1007 147 1333 1262 141 998 612 396 329 1138 1222 158 175 1399 596 794 411 1222 1130 386 216
850 396 1325 385 924 1324 316 1002 1308 715 825 359 425 484 811 1020 1075 174 985 962 941 147 1035 1004 805 325 125 722 838 1132 379 286 1211 509 874 1376 694 1159 133 146 914 560 981 271 765 221 197 932 1012 427 674 1364 997 888 670 849 1367 1162 913 808 500 528 833 685 441 1304 1356 1142 579
140 1028 122 695 1131 201 558 742 258 392 1314 1026 1082 689 951 415 1386 1017 1043 841 930 294 792 538 596 118 337 1032 822 247 944 407 1228 128 299 1231 1047 80 1308 863 429 652 81 721 427 504 159 566 1373 223 493 1298 205 1312 146 1053 1400 1380 899 698 609 931 398 767 347 774 111 987 927
