73 75 1500
919 879 1321 944 725 153 400 285 1211 472 188 850 1404 145 726 1464 594 1348 432 459 628 1133 988 101 979 590 1031 647 1434 777 614 1307 1040 213 722 1181 1187 545 1018 966 1088 366 1346 809 601 241 1289 1116 376 1488 1196 370 245 276 1159 978 1289 751 915 891 845 851 1054 1500 421 641 1173 373 931 129 896 1069 267 225 897
143 1113 497 1303 152 1419 288 318 1021 1462 1232 1410 615 983 1386 716 559 1295 603 1247 925 339 231 118 614 489 595 1029 1206 840 559 1274 1113 122 1410 1152 1351 402 800 1097 1395 308 191 564 514 1256 1107 430 1490 543 106 1334 957 605 661 1074 994 530 395 523 1310 286 216 1123 188 1271 1252 772 815 302 874 185 358 1369 1013
1184 1137 1146 404 493 1106 1073 97 1371 1240 1368 899 1237 118 1500 1071 489 1324 973 245 1223 1416 250 732 299 289 173 922 636 451 1313 462 799 857 1439 1248 295 577 957 859 205 1394 260 347 1061 270 481 1254 146 1198 1381 1442 658 923 296 434 471 1202 813 777 626 194 814 483 1042 154 404 1165 1072 160 140 853 1149 1442 885
643 315 759 329 1290 360 1251 651 1206 1047 1034 193 197 855 368 1228 1393 506 409 323 835 602 1282 1234 209 234 1040 836 216 709 692 467 1041 974 381 859 713 465 400 359 1232 180 711 310 1179 170 999 1447 685 664 318 1151 139 506 183 707 670 1228 1394 1173 766 904 920 1118 542 468 591 652 1455 1081 1439 1334 148 115 527
1482 221 195 646 752 868 154 1482 523 1185 967 177 1246 1409 170 1013 138 1083 812 1123 1062 383 1213 561 164 1170 1296 1204 514 223 167 178 815 103 487 771 860 398 1252 683 390 1037 309 399 990 1391 622 1270 364 1431 436 635 593 1152 752 1042 711 559 436 408 776 1346 1100 616 145 1023 806 1070 644 1344 635 906 1432 896 1317
320 1231 1424 911 564 1116 929 378 928 1031 1122 207 534 929 633 883 818 386 331 936 506 394 1389 466 203 1412 1293 1053 719 242 1217 1382 863 1434 328 487 1005 752 741 1118 302 131 374 1104 526 1365 900 996 1429 1125 784 191 815 1219 203 1473 1061 545 1477 347 665 959 925 913 464 1434 1220 249 647 585 1250 192 969 1259 899
453 220 246 452 1500 844 126 783 507 223 1005 965 762 1271 1399 1073 660 1100 1176 1375 232 749 1336 642 124 567 1347 653 291 196 353 1222 942 796 854 1470 182 1253 497 1329 422 1485 406 435 94 923 1307 445 670 451 1081 1344 225 206 890 515 402 1329 1486 923 478 897 1418 1056 743 425 1008 406 1390 588 371 317 968 839 904
558 1107 479 724 752 504 533 677 1320 246 478 514 1462 764 846 1323 1157 738 1079 1031 548 202 989 400 702 1253 693 1399 1421 437 368 614 729 1089 1127 1489 1491 1413 1199 430 1341 609 1477 1287 1358 931 745 633 1084 1298 166 1018 1000 1113 349 1355 1483 369 239 223 292 340 194 968 650 384 165 141 494 132 1463 621 1386 422 634
1084 314 1023 1087 737 343 850 407 691 1365 758 402 338 1455 1306 1087 179 421 817 1005 720 617 261 569 207 977 1171 1193 1308 300 440 1058 937 287 513 1420 279 611 781 196 420 666 1405 1483 1361 282 547 875 319 1180 1396 158 1222 510 457 1422 1322 624 661 1188 952 697 248 916 770 1243 361 411 1220 1379 1310 1436 154 165 1500
1314 480 752 417 1479 752 998 204 1500 816 479 1309 1127 246 735 1489 1008 250 1274 714 517 1169 400 842 442 384 999 399 1488 1228 510 247 245 576 1332 1380 916 1169 834 1111 307 445 619 1258 229 793 945 589 745 1448 634 129 861 962 1084 1259 557 1419 225 1198 177 1449 323 434 928 114 403 960 1438 1235 1429 587 1166 1189 571
1443 651 362 994 602 336 968 469 166 1224 1015 367 954 695 742 1127 737 514 660 104 658 223 1205 872 1472 1438 593 1137 848 1464 401 608 1471 496 1276 372 1395 610 645 1007 276 167 434 1066 1082 1329 1231 411 150 1294 123 1148 1365 474 462 250 555 368 956 1238 249 202 160 226 497 1018 523 769 1137 112 1046 613 1200 160 1444
1154 1461 1364 266 722 448 268 321 266 907 652 668 1299 278 1224 1197 1349 399 1108 228 959 340 1382 1066 1166 1217 1097 780 1102 374 141 251 121 542 241 1039 1075 423 473 1386 1426 891 298 1172 334 1213 655 851 112 129 741 1194 385 958 764 893 288 968 1077 690 1416 421 825 1489 382 353 1108 160 1477 479 1448 933 930 146 1253
808 1343 1318 988 476 175 1489 1109 280 580 778 1162 1475 1195 124 227 1433 1091 1352 119 233 198 869 1324 1099 1158 572 969 420 1189 720 1305 286 856 917 295 608 1442 968 885 1204 744 199 719 1439 335 951 1349 988 1017 956 886 709 427 1417 1239 745 1025 532 1050 234 95 148 540 1175 585 540 921 1035 1103 732 1404 1467 674 944
403 799 261 119 1131 977 945 1127 1048 1086 591 317 1045 748 847 1117 204 341 1320 954 663 958 1136 268 266 801 325 1249 1357 477 472 709 1190 917 1500 1418 981 377 1258 818 1027 593 320 875 1466 1454 338 144 821 1404 151 427 367 434 1258 1104 690 1055 380 1260 1046 962 150 608 197 1037 100 224 420 763 837 268 530 171 758
117 255 566 1215 253 1432 885 441 484 1371 904 690 1114 1381 1119 875 303 1308 513 1397 1271 1236 1065 668 1490 186 1029 1327 1363 1044 1423 1026 1106 1332 1200 1274 786 937 1134 508 299 292 1315 487 368 486 1373 1493 1458 332 1086 899 748 752 160 152 1395 1226 210 1462 1278 1246 291 1401 1342 1056 974 678 598 700 1300 156 135 272 100
243 552 390 1089 648 478 1100 189 558 1194 115 277 195 1139 427 1019 247 605 539 101 1217 100 905 1187 941 1274 687 507 737 327 762 1073 507 1491 664 203 1051 920 1132 780 781 411 701 1214 1465 882 160 671 858 861 1158 940 242 995 435 1145 308 378 181 637 136 1254 1054 127 361 1117 564 1446 936 1468 246 1006 143 669 753
290 508 172 509 748 384 262 393 774 809 238 1139 1375 1196 984 1294 406 1295 187 1336 667 1257 421 727 118 1459 845 565 235 999 936 253 399 301 1052 355 154 1131 1160 491 1051 442 1195 131 774 1341 1130 1195 239 216 1486 917 1322 722 1316 424 1358 706 1031 877 433 1418 415 638 547 424 691 846 1471 1449 1165 1252 1426 243 556
692 149 194 140 278 1225 1428 1489 1411 1220 747 679 1029 1103 1095 503 863 524 101 1368 860 1124 166 202 1239 1422 681 974 713 807 408 1080 311 806 620 1081 1363 565 1475 1131 1094 1038 1169 178 783 1233 1251 632 735 1017 573 1346 962 690 1416 1096 242 1459 895 443 98 895 484 618 517 649 1202 574 633 1394 1232 732 186 184 326
671 714 94 1315 372 191 428 339 593 1321 635 860 1058 1356 1076 203 710 1360 551 845 997 584 937 791 1079 237 141 242 653 521 1383 692 1124 848 924 488 848 544 229 1367 1000 947 161 567 308 160 231 889 698 792 345 204 1232 682 1261 1328 1102 239 583 280 247 1286 92 820 1099 496 581 498 768 1144 298 981 111 1318 1294
1302 873 858 466 917 578 723 464 884 1132 429 340 1155 401 709 836 1463 1399 1152 398 905 364 385 482 399 325 501 1337 1364 980 1098 1058 399 1316 814 284 292 1156 1001 383 728 188 370 897 1019 739 319 400 1159 759 1091 854 400 368 566 942 362 436 477 684 1102 1264 1418 349 933 601 1106 783 698 623 1155 204 504 783 863
844 1213 941 924 487 746 1375 513 189 1125 633 372 841 1031 687 644 1450 458 954 636 1415 1499 1272 1209 1464 224 913 1408 1089 366 1114 1420 1448 1250 1479 1211 517 623 1421 768 1136 254 590 1278 1131 1020 1426 423 890 330 640 1307 1206 438 313 1168 199 406 693 946 637 1295 137 644 212 952 929 957 242 1300 881 559 930 507 599
1261 1330 825 581 1172 658 113 1476 393 152 1474 707 149 994 234 603 1090 1336 1166 753 196 1137 1422 566 634 1131 900 141 565 126 322 533 1089 211 324 1073 917 1105 196 627 141 1476 1030 601 310 951 736 834 1041 1422 1141 1311 464 959 561 852 721 758 1192 1429 226 138 501 864 1211 1112 551 945 1397 298 548 1132 1035 251 912
1000 145 489 393 371 1090 1205 1078 600 1355 450 1097 1404 1381 506 152 297 1286 1437 1430 535 1038 266 516 1102 1013 995 329 271 1471 339 216 489 779 165 1496 207 92 970 221 264 1176 1210 1112 1393 654 722 451 139 745 443 948 820 1397 239 1468 1112 472 820 411 838 213 631 239 550 724 1398 610 1213 484 255 379 1301 899 1113
726 190 812 249 967 159 1084 1443 341 775 992 722 500 584 1009 1435 1212 1274 589 679 616 931 1481 437 926 1316 1500 1393 286 521 292 663 1381 945 993 1480 322 1375 728 1133 118 1429 1027 693 446 611 528 1103 280 261 691 735 729 1459 169 1110 957 1141 1365 336 558 1170 1390 467 1281 327 1032 1441 786 1337 764 576 1058 183 1305
482 385 556 1003 1042 345 1272 1405 991 787 950 435 303 931 503 1098 1465 468 860 797 1307 672 879 1129 1033 835 1175 1044 612 1393 1360 914 393 1235 905 716 876 213 284 480 1253 711 1078 824 714 622 826 350 1369 1171 1180 1288 1288 754 107 448 1461 1149 688 935 845 345 706 396 1069 1205 1136 247 1415 699 1244 947 617 891 416
773 230 797 271 879 481 747 580 204 745 219 1356 614 725 418 1447 1352 984 226 528 987 636 704 802 711 789 790 934 934 578 1461 427 612 416 1446 378 942 256 1251 1091 1383 193 119 477 1166 1030 220 1233 631 1275 797 914 1474 1061 614 183 610 1495 463 598 1030 510 1254 484 155 520 1057 830 904 1079 1302 915 775 607 1094
1292 1292 1377 148 1046 426 655 1406 1468 290 749 835 356 713 209 656 996 426 450 945 1444 108 617 159 464 808 96 352 1150 498 320 1233 452 185 1068 1273 1239 1184 1416 947 985 828 210 1379 307 260 425 839 311 451 1457 269 338 664 233 1321 1176 346 1147 380 115 744 1310 666 124 586 1153 1270 1157 1070 319 1436 230 1210 1306
953 146 396 146 393 1188 310 670 801 234 1135 802 1060 509 990 1330 326 1119 830 418 1203 1304 1019 525 1423 1268 1269 1342 1259 210 256 598 468 1103 1426 327 737 1201 302 509 720 1096 320 1081 714 1159 1037 865 254 1185 966 259 1056 996 702 512 1357 671 1369 837 516 757 333 948 582 225 1368 329 1104 293 1417 520 1453 833 727
1373 519 98 566 1387 368 198 1203 1493 478 999 304 1007 1489 637 805 604 626 1223 637 605 649 953 181 1388 1358 380 1151 1271 1360 209 485 1074 979 1186 382 1299 581 245 721 329 1041 890 1192 1159 246 1100 262 450 457 147 1454 250 1179 1171 126 686 912 799 873 489 672 753 708 1127 738 425 218 1431 230 604 637 884 1080 123
871 1140 1403 268 600 1045 922 859 588 1228 298 535 851 96 1252 761 1273 1154 1467 1251 1310 1204 154 1103 1257 138 1179 299 865 1054 971 489 1085 1097 1110 1334 750 378 741 1294 1161 1357 1186 1268 407 257 1283 1127 918 220 1339 165 244 791 904 1435 792 660 157 851 1492 1368 1360 1196 763 1119 1261 525 900 806 679 1392 1350 1209 412
326 917 866 1260 1226 874 946 1169 1311 618 201 1067 597 382 218 1340 1006 679 1084 346 282 618 946 1002 788 359 958 359 1297 429 977 649 1095 118 380 1025 1309 1495 565 176 809 436 1294 1450 96 153 924 589 665 1020 285 884 1298 319 258 1357 561 1102 1371 1085 704 1181 138 1138 1005 1199 545 1014 821 1407 876 466 459 329 106
1396 959 273 1360 1245 1144 331 278 926 1314 952 480 1326 450 1044 952 924 233 1483 569 503 705 506 97 196 128 979 802 1113 1085 1497 907 155 220 196 735 396 1377 1221 1459 1149 1178 1482 523 739 1462 766 518 310 381 270 258 295 1280 1275 370 632 886 262 1011 1257 1060 1444 1060 427 1152 467 1089 874 699 836 825 1127 1254 916
1043 184 94 332 337 343 474 1072 1395 1122 1037 557 742 785 758 362 376 872 1324 1024 1245 1317 183 555 535 343 977 754 820 1030 735 365 1227 750 973 699 454 950 1124 382 1196 1208 1141 557 1416 795 467 299 1253 1410 365 936 873 789 698 661 308 1128 579 1315 489 973 788 948 1322 1110 709 177 1416 591 1051 1059 1407 980 1424
111 998 1437 1297 835 1384 927 286 640 217 618 291 306 570 1071 1485 934 1145 617 1080 647 108 437 1227 99 367 1176 980 1020 1295 286 707 391 692 1296 544 1366 1307 728 738 166 1097 718 331 754 1458 579 1130 327 1424 1338 1123 960 567 1483 300 923 985 1346 107 323 99 814 1033 612 1152 277 330 935 813 817 760 759 522 587
656 133 595 528 1251 1467 822 1243 1389 932 707 1142 1016 1181 1054 406 1010 1129 180 494 293 191 1042 684 884 1049 716 944 840 333 952 714 981 1492 1214 816 1491 858 708 838 815 1028 284 972 216 1346 627 354 541 1415 697 147 281 128 1295 865 542 1491 1446 606 458 1233 1118 1495 898 880 167 402 524 488 1218 539 676 671 764
866 379 327 981 1398 1391 1262 1144 1421 1100 941 525 1208 1057 965 593 92 218 342 579 421 924 1363 1329 1493 239 418 855 707 1434 704 408 823 1279 382 1399 113 856 758 958 1123 793 466 1352 1324 519 1039 993 521 761 1068 1163 1282 1128 1462 780 771 473 1244 1442 1249 1297 565 637 589 925 1159 1304 751 694 724 273 1443 626 645
213 731 1157 795 1202 267 1397 670 970 1059 370 1115 214 658 739 224 1399 247 123 1473 351 1065 251 345 982 464 1131 1263 933 1497 167 414 367 301 1177 409 468 91 1349 428 117 697 1266 243 268 941 1193 299 1149 731 281 1184 427 1247 1490 922 421 1215 177 503 754 1220 509 1121 1010 297 94 429 1109 478 1271 421 223 133 145
773 644 344 424 1241 606 629 1055 1272 1479 1456 485 1495 1221 795 1447 921 1448 473 1316 1075 336 1084 834 1462 1317 398 498 839 564 1336 110 486 436 734 1060 450 991 652 1100 1283 957 496 1010 571 1014 785 1187 473 1380 1479 1223 1490 728 442 1024 375 1229 781 613 862 560 1192 667 932 697 131 969 1210 1368 535 1022 255 110 316
851 1411 374 1338 808 664 359 1038 1152 755 104 1137 521 519 1412 387 1211 1116 1213 990 181 394 357 1124 615 1209 1003 476 976 608 558 351 689 959 403 1336 219 1467 1023 478 356 1166 96 474 137 926 312 769 551 171 912 387 1189 896 1171 279 538 306 385 1175 698 412 423 371 261 821 281 849 684 1323 742 743 331 146 1129
451 990 835 641 963 898 1228 348 586 502 112 1400 100 661 892 205 325 1244 1154 1340 1172 100 1237 1489 1171 556 1369 760 984 872 465 1345 1108 929 1129 174 1392 724 515 1431 838 835 871 357 969 1048 124 280 674 432 298 399 1394 844 1436 764 552 229 520 233 688 1195 348 465 527 889 473 556 683 343 1346 1362 1215 260 275
906 1444 1114 1193 957 1242 581 1214 659 1061 1108 723 1013 201 728 354 781 330 950 225 1233 1484 1063 913 299 1307 1260 752 1021 196 986 905 608 1137 742 1371 1022 139 412 1120 637 500 1384 900 1122 780 170 265 168 1085 614 893 1292 1291 1158 870 739 1122 136 392 1490 263 936 666 1293 1374 284 788 511 1251 323 325 1311 377 828
1027 1193 1318 1202 534 392 562 376 764 222 906 857 1096 1092 1466 751 231 159 1221 404 1206 214 1324 162 1055 321 150 1347 386 165 968 1193 562 1175 298 1432 1358 641 575 207 1112 991 737 1492 812 252 836 1388 993 1306 229 670 184 264 494 906 1009 867 313 919 1006 1012 1448 1488 776 1225 207 1231 315 833 421 509 103 379 972
106 1248 1351 163 1093 266 568 1236 832 411 120 104 336 245 965 1128 969 353 1353 963 1187 1244 946 852 877 1222 532 1142 383 535 1007 889 1062 1377 1170 1401 822 662 503 1318 255 709 236 659 604 894 684 1402 883 699 102 407 1249 534 147 807 919 1447 1083 1266 1134 328 756 626 536 413 399 121 518 1290 629 872 1032 139 1435
1198 756 536 1350 115 1036 656 411 616 1364 1478 1302 1205 802 1019 656 1065 993 625 131 101 1333 986 1144 1374 1318 977 1065 755 1335 1141 1368 737 1390 1053 1277 251 666 1202 164 992 931 303 1058 1259 929 1287 611 1476 430 510 568 778 532 294 934 684 563 717 657 955 1339 1482 875 363 356 865 758 707 327 375 758 551 182 678
494 285 562 1349 1266 918 1036 191 855 757 1477 719 481 1282 648 861 227 514 116 902 1165 451 1248 1247 1304 881 1240 1004 1176 744 467 319 863 590 1366 899 493 641 1002 1325 1360 371 1099 984 869 705 1226 388 767 382 153 785 1321 957 361 1419 1452 309 274 1242 373 1226 458 1241 802 1081 1408 1244 721 751 723 695 199 129 1188
768 1058 729 646 122 1020 1324 1422 1348 471 767 782 676 996 796 236 167 854 221 312 586 892 1166 1122 786 560 1367 1388 434 250 1004 984 1366 411 1300 180 208 586 342 987 912 536 147 1476 449 258 748 1389 600 904 480 290 124 836 752 199 1306 358 1139 789 1306 1379 963 1407 441 724 930 850 502 1041 933 410 854 658 1441
795 148 1143 839 398 325 586 505 1449 616 182 245 1023 960 838 1149 1376 971 1204 932 143 125 653 240 1290 936 953 1463 473 661 1399 245 1422 958 486 475 881 1231 332 1230 1446 1131 419 1240 1367 924 631 1409 1120 669 1052 204 782 293 996 116 604 1121 504 1480 133 777 836 1309 841 274 928 1331 404 854 1268 385 829 1136 1110
194 1011 878 111 822 914 272 1015 1391 1188 1420 1114 409 458 1069 1459 709 1075 1489 268 184 1229 116 370 271 1391 477 664 592 614 862 256 1472 724 1063 746 1087 1401 772 665 923 939 1040 772 548 1217 180 510 1434 1385 178 967 1176 642 452 420 657 901 208 1108 581 842 1299 255 1449 140 192 142 698 837 747 1193 640 210 430
1477 302 500 1038 846 840 1194 425 1068 834 388 238 764 356 1175 758 1291 795 972 1023 171 1261 1292 1439 829 223 1484 1307 778 1475 527 1466 880 98 983 667 585 1163 536 774 487 599 473 604 571 187 1255 580 640 242 898 419 1044 740 123 1175 1481 1253 1453 782 264 1322 870 1313 180 1031 498 1077 837 914 803 694 879 803 650
263 951 427 419 1187 1404 365 257 309 183 942 1339 558 1138 1488 369 1443 342 1066 487 1240 219 665 851 455 422 1233 836 940 1127 1430 415 819 1450 1486 344 1148 204 451 567 830 1102 600 376 301 618 340 780 329 461 647 667 1346 444 731 1138 568 139 548 434 1096 807 272 785 376 375 740 882 318 1077 1171 959 428 801 1049
1070 630 1436 1064 1444 1235 1328 868 512 556 667 481 1247 763 957 1326 1111 624 228 1457 386 656 829 287 385 202 1022 1042 669 1486 352 940 480 927 561 1254 175 951 312 899 443 819 708 876 813 1153 1198 897 1470 1317 390 634 1135 239 1497 270 294 409 225 328 92 795 637 148 524 486 1293 576 1219 211 953 1495 1184 130 1119
398 988 152 1160 598 1108 296 569 1485 104 925 548 612 583 100 1336 642 776 492 286 784 212 213 616 1488 473 1195 637 695 877 189 1376 648 898 806 263 855 215 517 735 659 110 723 583 1370 776 1096 332 1477 147 1349 921 1231 1313 565 112 1480 265 523 103 941 788 155 637 1106 138 562 1279 1187 699 264 179 1432 1257 1187
150 1010 1387 903 600 856 295 1392 826 371 922 106 288 470 573 491 1014 1273 1042 434 886 834 146 1170 466 202 869 151 1379 1415 543 1489 95 231 744 1457 950 1371 1318 97 951 405 1347 1143 1330 1172 400 1339 584 182 626 300 1296 638 1416 554 285 1202 1041 312 101 1019 744 480 751 232 1311 380 921 997 931 159 1007 857 1305
585 977 1329 1311 565 855 526 568 1323 689 1302 292 218 189 1339 425 1477 249 1313 482 1313 886 941 1270 769 1108 831 820 482 910 663 141 168 483 1473 1114 257 1187 1437 393 398 386 1092 1347 297 884 325 959 1436 820 165 1302 137 848 691 1167 1409 1065 1260 1009 1058 749 709 976 780 419 1035 178 846 98 415 984 654 1355 1070
1138 1001 793 866 986 312 423 1056 631 905 829 1460 1132 1288 1404 1202 942 1232 97 1293 1240 371 1007 825 357 310 864 1096 309 838 1393 863 192 123 637 1217 887 239 1250 723 553 242 146 1498 157 712 1370 272 1184 1472 1187 1084 1449 669 738 226 466 243 972 1291 151 654 797 1450 1241 1493 1346 135 1314 407 1238 466 806 449 779
602 681 881 1229 485 309 877 1150 335 981 1145 1258 1049 1161 506 536 329 790 732 558 1328 1159 201 1201 1102 732 211 1187 841 872 359 1371 841 139 807 242 687 144 717 830 1172 1255 1151 1075 821 1074 1365 237 887 321 893 990 378 762 880 1475 696 334 725 1182 608 664 293 377 1242 464 757 1183 1072 163 929 552 1306 92 1322
804 947 1440 701 927 112 646 471 644 194 284 142 138 546 1255 411 1316 962 928 248 1048 1334 1400 1233 149 767 999 1126 486 1046 1220 435 377 1363 381 1349 484 1324 762 1137 210 574 1438 639 248 1409 313 786 1003 1302 1431 983 118 1144 144 518 292 966 898 278 253 151 906 291 98 210 719 947 1187 897 295 1294 1433 1294 1134
836 1202 640 955 787 712 644 1001 156 853 479 1209 641 544 1072 1029 244 762 617 237 469 604 917 793 1397 1290 1021 549 958 794 334 253 319 1159 1007 899 638 236 436 993 411 1053 367 596 687 567 101 215 1157 961 1073 1332 426 118 133 456 776 629 840 1364 1102 1462 927 1155 845 219 1227 266 1124 1468 331 448 1254 494 891
900 1028 1078 913 528 403 694 1008 542 544 1423 1204 1046 1463 657 1413 358 810 294 971 1397 1396 96 841 492 128 1398 1008 937 1218 171 900 1481 1226 1396 345 1327 687 729 377 164 395 629 1092 500 241 1225 754 1091 448 151 470 736 1026 220 1301 1191 1368 202 989 956 285 923 1119 561 1407 1205 487 1360 559 564 358 1353 476 895
242 369 1339 981 919 1033 263 1409 780 808 599 552 330 836 711 159 544 1244 247 257 1394 1218 526 561 224 1249 741 624 1219 261 1161 838 1205 899 607 877 203 417 1098 1311 1135 140 1383 1259 1067 986 582 415 243 149 153 438 1320 479 595 575 876 642 586 96 874 1400 606 456 114 677 980 626 253 1481 494 283 711 1268 1178
909 466 330 140 807 995 1406 140 1119 1022 1239 321 1317 559 1062 209 469 592 415 346 150 160 1178 880 147 1410 1494 1147 858 432 478 1004 1093 1255 968 1203 135 830 1448 421 715 1453 379 1470 1459 869 239 848 619 335 264 1109 297 1294 1200 540 938 1012 1137 1074 662 833 122 547 758 1028 1080 555 385 935 1404 559 990 1249 1371
410 1447 923 598 963 282 241 307 682 952 1349 662 230 118 761 1037 1314 1194 1344 929 581 823 1382 1210 164 1093 1063 1067 847 1099 954 910 754 329 138 1493 498 808 225 178 231 772 1276 312 1020 970 1452 680 1048 459 324 515 547 250 189 1125 432 1084 1268 1418 1327 725 1250 914 756 339 1088 252 124 574 701 501 477 1239 234
1332 119 628 839 510 382 332 1021 509 284 1023 768 897 951 1318 1221 332 634 1495 503 751 1326 179 650 996 262 946 453 1446 1292 1385 897 1143 805 297 354 228 347 603 1022 839 1083 386 908 473 142 309 567 741 335 653 1082 1466 111 1411 267 905 287 1364 537 313 694 940 930 418 764 305 1208 493 116 1395 1036 1215 1492 699
1388 464 170 1492 1386 372 590 201 944 873 1316 298 1356 1136 1061 1115 734 1354 1489 721 106 1347 211 463 886 1184 1197 417 698 1059 457 1317 1358 1031 617 939 422 600 586 579 1327 919 208 874 1411 1181 668 1426 1331 1357 724 147 633 950 810 755 551 1043 1432 987 308 1342 147 1113 106 867 945 1413 1116 1464 1323 1350 1188 318 1471
139 1406 1324 443 1238 979 563 275 1462 102 186 1485 683 782 849 348 468 827 1338 1032 1227 598 674 132 1460 491 651 333 149 996 870 487 1097 555 912 1404 746 601 1215 122 560 1000 1204 1197 246 564 968 819 460 1098 1151 808 909 305 409 931 1043 855 870 825 781 671 419 283 762 833 1132 740 1037 1260 588 123 422 1197 951
718 371 755 1312 1075 800 1313 594 1470 266 701 984 666 851 232 710 447 1262 1357 620 223 747 649 1180 303 1276 291 1139 374 861 1359 706 895 385 1337 326 1288 285 1278 1032 465 1022 1305 767 1483 178 160 964 1475 136 1482 577 270 212 521 328 1266 795 1490 682 487 285 1046 1496 158 872 992 595 490 1260 1498 1445 1315 844 364
886 134 779 711 1121 950 384 1420 716 264 1146 907 770 1008 905 1422 1167 674 1340 515 552 156 487 1389 1467 738 1128 651 1247 1221 784 854 245 977 551 1244 779 902 205 238 1044 1332 957 144 943 1176 956 1020 949 1021 1404 324 523 482 190 1160 788 819 481 1287 1041 639 295 253 1236 876 580 700 1014 257 138 358 1150 1296 600
1099 1124 1361 864 303 1143 772 680 286 951 1131 1472 122 1266 1133 640 1315 1500 1474 1131 404 160 1128 550 486 918 439 169 1486 533 1398 1041 619 1337 146 1079 122 643 1178 1152 914 1160 761 1080 1086 962 222 442 385 951 396 1028 834 635 808 1201 543 732 126 854 1047 1419 987 432 801 304 1103 813 1497 1106 911 220 1249 544 530
884 1329 305 371 176 943 969 147 346 1207 1272 639 137 1148 1135 170 459 796 704 1417 115 899 721 834 1251 279 1278 974 244 310 375 1310 1186 1483 1436 924 825 102 1141 1017 1424 641 988 860 1292 422 92 1463 1290 1252 466 383 1078 832 1162 895 572 948 1259 481 773 1320 1311 505 1053 1234 409 1102 926 225 1488 1276 773 848 1392
539 879 1378 264 1429 1305 944 958 1450 812 132 275 461 1390 1042 698 912 641 757 936 512 805 1131 593 1086 429 145 366 279 388 863 172 717 1438 680 158 1437 368 669 247 1380 320 1127 713 1201 851 1451 1282 445 137 1074 121 946 1293 813 1436 538 1065 733 828 1325 335 219 920 938 1327 571 517 435 318 317 1221 1036 651 810
1339 636 534 1075 416 643 241 1159 1219 1140 398 1466 162 1163 344 1464 360 1069 167 721 816 589 288 450 748 594 350 603 751 436 1414 737 399 550 782 721 329 521 896 923 1413 1186 395 877 986 281 375 1028 99 1152 1377 1133 125 736 1282 742 1087 978 1270 645 531 1283 1216 310 1193 1036 1421 1337 735 346 643 942 812 169 950
545 984 1448 92 946 926 115 715 718 1156 520 198 438 1156 1053 879 749 1478 531 1454 1005 413 1175 351 142 897 984 1210 718 1367 392 851 1353 1046 1049 571 1272 974 401 773 976 489 764 1063 1287 1369 1047 1410 1361 1272 322 1436 403 130 814 956 854 709 360 106 1466 910 370 1188 851 560 986 403 264 618 305 773 1122 643 721
505 102 1201 180 1039 1330 322 1266 1203 1342 1115 198 103 249 1419 503 122 510 197 390 403 922 1313 216 353 1434 1024 1338 506 1199 149 969 109 1402 558 1252 1330 330 1075 671 1487 959 1065 695 830 225 1003 501 915 1472 1463 128 1374 804 1500 1117 798 1220 1010 138 1342 1026 1020 1238 1106 869 176 1141 474 307 1335 1032 935 1322 603
