77 79 1600
352 659 956 272 447 546 767 1171 1351 628 568 1255 1011 435 973 1020 1254 861 263 123 1234 90 1586 1290 642 134 816 1282 988 1359 362 195 1097 313 903 1177 1334 846 161 1105 1219 956 553 1217 1190 509 102 1029 1134 407 1377 314 360 956 1539 224 1482 295 676 1107 1318 555 1499 73 1574 620 1145 431 1093 1464 862 945 1264 296 170 1339 1243 499 92
1250 117 1281 961 722 1087 1559 1319 584 623 1319 120 539 732 580 537 1247 330 267 806 1155 1382 747 619 923 1540 605 1475 392 470 515 1100 1107 425 1336 1588 1139 1107 505 1075 1051 979 693 1444 1483 852 643 160 1033 1462 1063 1541 1095 1403 1148 695 820 117 1490 245 1188 1453 1268 381 428 1012 859 61 521 1135 1439 1217 1391 228 993 1177 1325 1451 298
837 1599 582 236 950 673 1417 1523 822 818 1557 369 946 1167 555 1408 1188 385 479 1035 936 580 721 223 1483 238 315 216 518 1239 533 377 1075 898 1246 785 277 1095 516 210 313 1079 994 862 1341 1125 243 1039 792 1442 321 263 777 908 723 1185 505 1502 1032 1446 1059 787 1094 940 1358 792 922 1302 1503 339 388 340 883 453 1336 470 435 422 534
863 921 960 140 236 1333 517 1262 1376 1113 261 1131 1219 509 667 1025 674 639 298 1341 677 838 676 1380 1187 748 594 1373 241 626 918 276 633 1515 465 1146 1401 1151 63 1118 585 1101 377 976 1585 1331 822 816 1259 529 377 972 1087 1393 1145 1561 656 1213 732 1504 1262 681 386 913 448 983 1034 176 911 884 1163 299 308 665 388 1430 447 821 615
1325 780 1537 679 1435 1503 1361 1320 1167 1182 81 1189 404 469 1044 892 1436 1425 392 384 554 578 634 915 124 412 1119 173 1206 1047 1032 800 533 997 1097 1434 230 1530 788 1304 806 750 1068 464 586 572 72 589 783 235 818 1337 116 713 643 888 1431 1361 709 444 200 1365 131 264 983 501 163 276 1517 1075 1393 621 858 1191 883 1053 186 1409 1304
814 1340 1156 694 1563 534 557 1459 1215 122 1564 82 349 776 1390 1298 1507 973 1561 1490 1151 287 1364 157 1551 1391 1426 861 980 1175 1148 888 609 648 252 1539 757 899 929 684 1446 1114 1309 151 124 1177 1150 65 1145 537 196 315 962 590 157 1467 62 1560 1398 1234 1153 723 822 1269 580 555 1200 1373 731 804 1150 1108 811 454 195 1151 1093 1261 1140
1597 90 85 723 265 780 640 304 1207 354 1150 964 274 1088 688 390 406 834 1140 144 192 1132 1197 1007 1207 780 980 987 246 1476 270 1041 585 898 1079 1209 356 971 866 1182 1129 1427 317 148 198 105 1035 537 1187 1070 205 1267 1081 218 274 757 1131 963 1278 712 340 325 173 316 1526 670 991 319 1581 162 912 418 1326 417 273 1281 1261 1008 432
619 905 1094 796 794 1399 668 1095 696 486 1071 566 247 1010 1544 1214 1550 238 800 747 1249 1431 209 1349 1405 485 469 206 276 1331 1529 699 287 495 385 1286 764 739 1374 631 1159 551 1092 1082 1492 127 201 629 779 123 1249 786 90 914 120 170 310 682 637 359 1084 425 661 1332 90 345 667 675 990 668 776 976 299 1375 690 1502 782 1475 1265
345 410 1209 286 1491 119 1046 1531 488 1035 622 82 1349 554 618 1390 1386 1043 295 944 1415 512 538 1482 784 71 489 917 448 1209 719 182 140 68 66 1329 367 1015 884 67 437 1364 856 1321 912 1177 403 1378 1358 695 322 924 853 77 1077 773 68 676 181 1389 675 1586 118 1446 1400 1384 1360 204 1450 1259 347 1506 1049 1090 532 1497 664 310 1186
227 1560 998 709 1103 1586 773 542 779 451 385 1079 286 946 209 1084 1567 1394 298 395 709 1020 182 1587 1253 778 901 1331 681 453 953 621 855 1264 1119 337 713 422 349 104 957 979 1019 184 1112 398 1273 162 371 1397 1348 481 162 604 965 349 164 371 668 1304 1019 1354 969 132 848 242 1550 189 1058 1385 401 259 740 1194 929 1219 459 1191 931
747 1164 791 552 1560 602 135 111 1452 440 819 732 179 566 1137 1214 1321 424 989 173 1129 1150 315 1580 400 646 1141 1332 773 499 1064 1235 83 1500 310 558 1483 1264 602 881 656 1347 1219 788 1501 989 1448 1173 1438 458 87 1321 393 278 1380 87 182 61 936 1516 1044 857 1211 1068 899 1130 1447 291 635 378 1395 971 574 419 1595 145 1505 1410 1484
670 818 1545 602 1416 1086 228 307 162 553 567 83 1236 179 1003 798 338 454 894 890 1367 391 1579 994 1496 745 210 502 118 243 796 384 809 234 1435 1227 854 887 497 1153 1336 74 1074 810 289 135 1198 1590 1518 1492 496 447 821 723 395 221 661 1145 602 78 952 299 871 998 808 893 1359 725 327 264 1286 218 1341 136 1148 540 1162 1298 439
675 832 861 1583 458 93 1483 414 778 517 219 594 1417 535 458 127 384 1170 75 985 1014 310 1106 501 162 1330 1283 79 962 824 595 1333 817 403 638 1418 1334 1349 436 452 1407 889 610 702 1496 474 239 240 1279 765 972 213 316 891 816 948 1365 1511 560 1578 500 302 822 431 1216 1584 766 742 1336 1058 101 286 1046 401 778 1418 871 278 839
338 459 601 453 631 1120 1087 1298 1598 642 463 494 521 302 837 463 551 1015 1274 942 276 1192 1211 1339 1334 1231 1096 1588 129 170 94 1365 510 976 488 185 980 1110 1494 829 158 1598 871 541 316 476 629 1219 592 415 1334 869 288 846 1010 1381 1357 364 822 230 361 521 1223 1489 1374 606 399 561 1514 1122 523 900 174 81 966 1277 1523 517 569
734 670 672 284 1371 1450 1598 299 1359 1299 979 1020 1095 137 471 1496 1191 1431 576 225 183 926 524 1247 231 1273 1551 861 635 1598 1535 906 1150 1432 1018 491 628 475 199 759 917 413 1366 1586 276 1394 1037 1182 1272 826 519 875 317 537 1579 1301 1442 1475 460 152 62 1481 88 387 557 552 1485 299 1021 637 63 346 92 705 1551 531 211 566 227
589 1299 661 1123 780 1379 957 1148 74 1302 1044 871 142 1271 1232 253 881 1114 1025 336 1301 745 569 908 1247 767 1381 1507 1084 519 226 741 492 1404 606 624 1358 883 379 527 329 1078 776 1490 935 1104 204 1129 103 926 903 400 1237 1512 676 131 1243 770 891 1149 1336 572 698 1587 167 1172 175 710 1545 803 736 1084 424 1319 715 1475 152 608 1487
1206 430 627 1423 258 1522 1107 1509 1104 633 462 1045 1451 1088 435 143 1416 900 322 102 1044 618 1323 1027 67 1404 911 70 103 1485 832 1562 154 513 1419 159 1083 661 829 343 1538 786 337 674 247 1336 607 375 1093 504 1534 282 380 673 665 1167 1383 851 593 1231 1042 665 1298 1250 970 841 1302 696 62 578 874 1020 758 285 90 1110 622 419 1168
1047 954 774 780 971 920 1493 571 1222 1313 321 806 963 1487 781 849 1173 818 1002 1063 562 482 1140 1018 83 557 151 1342 280 1412 1381 411 420 895 887 757 733 193 1063 393 1059 573 297 1020 754 1059 469 133 821 614 879 258 470 954 159 1046 896 401 588 723 1010 113 848 655 1177 456 322 104 631 118 786 345 266 635 876 582 401 607 928
235 84 62 1253 975 978 719 1348 750 638 1542 899 300 1179 753 657 636 1101 360 733 1106 1407 765 1123 225 631 1247 1081 260 230 65 874 1561 1056 649 975 1503 100 929 803 784 1515 258 685 910 483 715 767 1579 1290 1577 992 622 1424 432 905 692 410 260 1517 531 1103 1537 904 1022 500 1540 650 1293 570 284 519 958 230 339 1125 872 518 836
1555 267 1275 1209 1297 952 947 616 1529 1559 1343 1504 1032 894 903 229 242 1263 1144 175 321 1045 1466 79 1549 1087 1164 175 104 182 933 184 1520 1448 1420 369 1025 1196 86 189 1479 1104 98 1177 309 473 441 783 1531 750 1244 226 1101 911 855 444 664 312 1399 620 1277 1112 194 167 864 1495 1209 1525 883 1019 342 363 1118 1553 1447 1284 929 324 1063
89 1424 1034 1512 817 206 496 845 1021 1393 1543 1076 1491 1497 595 554 1281 1243 294 102 1312 756 1504 923 1182 979 90 1582 993 319 272 708 1565 1532 596 156 1315 195 1508 995 543 1016 858 139 451 991 62 1545 1313 1403 652 187 1232 319 1220 886 921 821 1178 180 227 568 277 672 1132 556 319 1348 990 1189 485 543 1194 1600 1185 220 970 1312 825
324 905 853 1358 876 459 1506 1521 1357 1309 573 905 655 268 1151 177 1243 813 187 923 1536 1320 951 1121 1396 737 1361 154 532 854 288 1253 309 383 1500 1470 1129 1494 989 737 1346 510 758 1099 1524 926 729 806 845 1038 62 1340 1080 350 794 1511 346 1246 909 1567 261 380 662 277 834 276 709 479 1422 1433 529 240 1075 1252 701 945 1108 546 1253
1591 830 637 413 511 572 1243 529 316 365 1055 505 676 797 1436 343 1329 1333 1483 895 1393 239 1379 1070 596 1046 1159 1434 746 97 368 352 1413 1542 183 1383 463 1009 393 437 1122 593 1269 156 1295 166 250 1042 1134 1092 914 616 1325 1089 286 687 971 1433 450 136 814 273 847 914 570 777 620 1061 1264 281 1106 837 639 1131 112 1315 662 138 137
64 743 1466 1579 996 646 438 1368 405 408 294 831 999 358 1423 717 646 612 1483 868 98 339 877 347 978 931 1069 1228 305 385 1600 551 1168 404 1263 275 248 420 208 1070 347 1596 1264 1552 1285 132 1086 320 1405 315 1409 1330 1283 851 898 628 148 1117 1572 1444 1056 1478 540 1186 199 74 934 158 1116 608 1437 100 1362 86 383 698 815 903 544
501 1406 558 1485 1500 1155 1096 130 597 1182 881 145 786 1508 519 877 955 1425 1127 781 564 95 321 95 1377 145 122 811 61 696 360 624 1064 618 817 524 1240 1471 747 135 258 369 899 982 1016 1054 251 777 554 85 458 95 1029 1550 1075 1108 1135 705 353 1192 264 830 397 1018 1201 1016 876 951 615 819 767 908 1226 368 188 1113 1447 538 603
1459 1434 528 1424 1352 776 944 203 1510 212 1102 845 446 592 1461 689 1394 431 253 1084 1528 489 1462 588 453 570 628 979 1176 1078 543 142 611 1357 1581 935 288 1026 498 348 276 461 803 693 933 702 606 921 540 488 813 1495 1553 385 957 763 685 906 380 336 1233 223 882 780 517 121 829 826 872 1575 1487 1510 294 214 1457 1090 1097 192 1241
1040 1156 1206 171 252 1537 629 963 311 1102 730 437 936 1447 1104 1534 1101 358 1107 1371 1101 330 1307 908 618 1176 1211 387 718 1026 402 1205 1174 442 1382 463 932 728 1315 229 1340 63 578 967 1397 1401 1271 1280 1066 400 495 188 961 615 1274 545 766 286 388 434 532 1341 1506 902 1031 623 311 1215 837 1557 260 922 662 780 629 465 906 101 1122
608 1242 888 269 888 853 1559 931 553 441 696 912 1397 340 1224 538 222 1012 1501 871 448 910 1258 956 1187 1514 1137 881 1576 492 846 1173 1029 493 502 260 1386 250 447 1220 573 1212 834 292 893 259 136 896 1187 1268 1317 1388 165 436 246 1363 619 1151 534 972 1079 1325 1052 174 1316 88 979 117 322 470 141 1483 1268 469 644 728 1454 1396 294
614 685 675 1112 1120 435 374 1437 924 951 174 1000 359 1271 516 463 323 408 1302 521 1356 741 319 531 1264 819 227 1158 1584 775 803 252 580 993 1370 1300 933 1373 1136 579 997 319 729 1029 1221 551 790 1067 942 237 799 390 1117 679 1389 495 481 825 114 305 584 528 1145 640 260 190 1560 1591 655 905 1046 540 1168 962 98 1062 80 612 1241
1448 1037 253 1412 280 376 1035 1386 1415 105 1515 1479 1035 1171 714 173 1505 1541 633 145 555 616 80 961 785 1398 413 1557 1088 542 789 420 294 1357 1354 1360 977 781 1038 124 1010 1051 1060 457 1485 530 433 1423 1030 522 226 398 78 103 1525 760 1480 906 1419 860 1069 556 1315 88 762 625 416 839 160 371 128 202 184 672 1053 1064 1480 709 1049
440 757 948 1404 978 907 871 208 888 74 1338 1165 617 519 366 494 779 806 1019 816 738 533 255 864 1449 800 1140 1286 1165 1502 748 884 1030 789 1459 1040 125 1114 385 123 1239 452 88 682 364 892 460 605 1192 1139 293 621 1268 411 1441 798 64 1320 1235 778 855 1585 1299 701 296 222 211 537 707 543 1401 935 1163 440 657 315 71 1226 1398
1573 335 782 84 637 681 484 561 1031 1195 907 365 258 666 624 1289 1298 263 224 1035 356 1409 1409 158 559 1000 367 329 64 1260 1387 731 453 1545 825 1116 293 1173 1415 1591 907 1058 1481 105 365 1139 1254 404 863 1129 271 1549 441 922 858 1098 1137 1224 666 1208 780 411 365 1132 758 765 498 549 475 157 1020 1306 1177 1054 446 864 368 169 785
110 1390 1001 627 423 647 171 202 1031 661 1081 504 722 1003 598 203 1581 1163 235 1272 535 695 700 1455 919 154 66 103 598 303 1392 264 1092 460 92 292 894 1426 259 1155 94 672 635 948 178 299 287 1381 1558 385 536 786 1457 1233 231 917 430 637 1051 1314 1143 373 1180 715 342 1003 460 339 665 63 586 1474 1403 1210 1112 692 229 1049 1457
1275 871 1372 415 722 736 568 1405 228 511 1019 1368 428 1027 266 106 1598 1511 255 795 1514 466 170 304 1287 618 814 1482 71 104 248 621 1001 855 1379 1324 1067 1296 172 982 617 622 844 225 1341 261 695 1145 1237 625 968 93 222 1395 1078 1226 1382 487 461 592 637 1452 1214 886 967 780 527 487 1485 273 318 1206 208 466 123 730 354 1198 1172
1378 1268 1222 457 136 672 134 748 551 1412 1005 310 1363 1138 568 1447 1176 1129 584 343 1597 1488 1335 590 394 866 1361 1560 1252 1313 230 520 288 651 327 1126 1050 1014 1005 1416 535 1259 1301 1418 1118 1282 959 1268 423 1419 1392 1456 97 264 649 227 805 237 1185 1485 466 1584 965 728 875 1402 1196 544 871 1218 577 692 1047 529 831 1117 1253 1137 600
653 220 462 207 1281 380 1469 916 862 1199 995 287 1567 520 1029 1223 1127 1099 1322 740 1195 1277 498 665 895 166 1024 407 114 220 363 1348 429 626 108 695 955 1413 1163 416 702 773 1422 370 1297 107 474 992 1390 1581 1521 565 298 1434 1428 379 999 856 334 1341 441 288 520 211 225 597 902 858 797 332 302 1309 1204 270 1320 388 629 705 846
203 1529 1152 1549 1233 590 1498 523 1421 321 1214 898 824 1091 1464 792 1157 692 638 285 313 740 313 202 223 911 1126 208 1075 243 169 1381 273 1295 448 672 301 910 391 563 1504 1424 1139 255 1426 1096 556 1580 1081 427 1260 719 1144 928 477 1344 1429 1104 338 61 844 176 848 990 1278 780 970 1044 445 567 83 411 1364 1053 711 1227 225 1067 1525
734 1445 161 1443 710 1315 260 507 802 1017 151 896 1465 319 931 184 1087 1014 1358 717 1027 1076 876 1481 405 569 739 275 449 1218 1401 82 148 1255 111 1288 276 1514 929 395 806 321 95 1355 187 1564 1514 544 1391 984 1402 1205 1187 396 970 154 1584 426 815 182 265 516 822 203 1132 748 833 646 271 704 1230 954 350 1478 1352 100 1383 727 966
241 870 670 827 879 951 1467 277 1473 900 649 1352 536 343 721 233 1381 1596 616 1082 1173 1350 574 1040 651 76 664 316 1433 345 187 341 1230 309 1462 1167 842 834 1266 60 1088 1450 1141 892 539 165 1439 911 1262 335 1262 1238 382 770 809 1088 1558 742 1582 586 304 1533 1325 1285 731 1411 594 333 618 1522 1330 1461 688 169 324 328 924 1414 1205
67 274 509 1072 972 1079 1535 1224 1426 517 1252 414 1502 871 97 1535 1241 1044 104 494 1215 797 959 254 1568 764 1359 503 1153 1458 1330 1461 921 89 864 1385 340 1234 959 527 1012 1421 372 775 958 795 1019 132 1539 483 274 1533 540 408 710 274 63 649 499 1443 1142 1434 1417 1352 801 1514 667 440 239 1050 471 1246 1565 1397 794 1241 1323 564 933
866 827 432 1256 892 1271 1146 114 270 1225 1254 905 533 841 311 708 680 1043 178 862 775 653 637 657 1265 1115 694 1154 1348 1145 579 243 1562 1589 604 1410 473 841 683 1428 1322 1023 196 1154 995 564 114 1578 82 1514 1160 306 153 1509 703 996 668 156 283 397 1164 1139 296 1072 877 1076 1351 89 1173 1246 113 499 722 973 863 813 426 1000 126
252 855 1471 341 385 378 285 329 977 371 797 237 1366 433 1111 1050 1188 949 549 1352 716 1341 1346 1121 1311 615 695 522 1554 463 813 228 1088 761 670 484 1514 1390 1415 1415 94 410 169 67 1054 715 1235 838 1447 644 912 612 263 284 629 1374 412 895 309 1529 994 621 150 468 1184 1478 1591 1486 474 1009 724 1324 505 1226 270 354 1208 1022 92
1503 489 84 917 1570 1487 1349 66 1098 1375 1007 862 549 820 519 901 1233 1408 1148 1482 887 775 1524 824 924 1038 1265 1198 1545 804 1582 398 1550 1155 1167 927 375 1375 1402 575 1289 1191 1056 823 446 1060 311 448 855 410 117 1598 202 756 1389 79 741 783 492 474 365 1178 931 1561 250 133 888 267 1086 1159 1346 618 288 1224 436 1384 1471 1023 1108
824 1343 616 1100 872 132 1289 1305 561 609 1238 388 310 1022 1323 106 452 124 277 1094 302 104 1352 393 144 711 707 61 1585 409 1180 362 413 1537 1121 1313 1560 1588 731 793 521 1560 399 1551 82 1003 366 1357 988 96 261 531 242 1141 804 82 585 721 1447 1073 1394 1100 171 1361 1135 1301 1286 343 942 1587 1081 75 1492 1287 204 795 1034 405 1079
625 1298 541 1416 1426 911 676 902 691 1348 1475 1580 1258 1534 835 708 653 1089 237 1334 664 1418 1120 1567 165 1442 901 891 211 1145 1587 383 115 564 891 891 1363 1239 1133 511 1487 931 104 535 1283 1007 882 1448 794 545 1116 1497 275 1268 1476 1126 1237 251 144 223 755 436 362 1065 1450 994 492 1573 810 1508 186 1033 1415 1280 1353 827 423 851 1010
926 1364 569 284 1587 1600 811 391 113 749 395 205 1277 1390 111 1565 745 625 806 821 626 811 964 336 1351 805 780 209 1044 1268 211 1455 1323 79 462 845 313 195 440 88 560 1479 1469 222 120 1058 1190 833 1544 330 1238 1305 1382 1102 1573 622 1341 522 411 1069 638 1333 1127 96 761 407 324 85 1438 1517 363 607 188 837 106 783 700 214 145
1542 1525 1132 823 850 1022 968 928 546 332 850 668 969 610 506 1090 758 326 1556 454 501 1291 1500 432 918 1472 1126 1522 675 1070 402 1219 519 428 622 945 1356 1353 1207 1568 764 1295 210 453 1048 1539 875 318 1145 810 615 1098 1000 998 505 570 1566 180 1246 525 1423 1256 62 346 536 269 434 1136 700 1540 372 1231 177 495 376 1260 1075 250 312
1237 540 660 1106 218 395 413 1265 947 62 344 1057 679 783 613 262 116 1327 805 79 700 862 1009 328 1231 377 490 833 338 1585 418 1286 1556 1347 1112 1183 1283 1181 1364 582 517 540 1257 267 1299 1470 294 1363 1226 693 559 1397 852 225 910 689 305 343 1070 1342 439 1315 1107 335 767 707 202 384 1289 712 381 1570 449 1016 806 484 363 1492 353
875 1535 1529 1272 1200 102 1278 431 1305 1453 208 1047 226 239 452 1133 992 401 420 722 1007 940 448 422 1411 699 1515 1380 1368 837 567 165 223 773 1461 1483 1281 920 260 990 1314 903 571 907 960 409 637 1117 1033 96 1469 725 1431 1567 906 687 1459 1038 989 882 287 158 972 226 1064 450 381 1408 626 1275 168 253 946 430 277 1020 282 199 1025
1002 1119 842 859 795 823 255 290 382 388 1312 1081 604 189 325 282 185 152 611 1046 1571 1408 446 1085 511 1515 1456 1545 1205 507 167 258 312 1200 880 81 110 853 1304 1163 1377 1472 751 824 1118 363 204 170 981 637 944 776 665 171 739 100 557 123 167 220 1419 119 1246 1077 120 1206 1090 412 812 1068 1258 270 1355 1370 200 145 653 627 1253
259 1166 1449 1381 866 341 580 636 457 1586 1117 524 570 1069 957 804 1092 1505 1039 1139 515 984 1120 369 254 1089 1338 147 809 652 1335 942 763 585 386 1070 1541 1275 669 1474 863 1294 1121 827 486 1411 1203 344 903 679 837 85 1319 815 509 1485 1448 246 1068 212 599 471 1401 1301 1382 885 1206 514 1096 944 120 341 195 1578 927 303 981 329 936
888 1277 963 455 990 1568 1484 379 553 1271 726 1340 770 248 459 703 542 189 1070 1231 1402 948 1151 1539 1113 576 576 191 1334 710 892 257 746 1355 1236 1521 403 473 971 438 1422 992 246 1370 731 700 1099 931 843 472 580 408 618 1184 928 1480 765 279 631 1197 638 1194 315 308 399 1301 386 334 420 1479 1584 1098 1296 1191 1576 350 785 542 103
631 558 1238 1516 885 422 221 1412 962 667 1251 1436 729 740 1340 999 714 1383 762 645 444 129 113 208 1591 1259 1247 910 528 1269 1226 624 1018 641 1236 1366 1450 1350 879 1222 680 1445 305 301 339 1328 353 431 1459 557 838 918 326 1086 1012 278 998 1054 1565 1036 620 622 1421 816 1016 1558 665 1560 1123 1357 285 1082 324 1276 1008 445 956 194 1156
343 1264 887 830 116 1512 298 211 234 897 1483 492 129 859 1038 1547 86 936 642 66 1144 440 1125 483 1596 285 932 253 732 146 249 383 1319 63 1343 806 924 1319 1006 1059 1305 1434 636 1593 137 1023 415 1208 1479 84 472 1259 1137 341 1148 1507 1281 887 445 320 1319 758 286 1463 488 293 1270 1001 301 373 534 356 1518 631 1170 643 1220 185 1519
902 653 947 922 1355 1027 1314 1567 1286 1440 506 730 832 401 997 1565 1538 417 1159 212 452 691 135 726 417 577 1238 893 603 1579 302 168 1172 671 813 522 458 1423 316 369 619 606 958 852 1498 374 1009 1482 612 474 1540 1593 1442 610 501 1446 518 1575 117 381 837 533 396 810 628 286 1011 573 1237 1144 865 236 1196 954 143 931 909 1419 492
329 696 1447 847 908 1120 551 1600 233 1516 723 1082 1521 876 1346 837 1123 746 1464 319 179 1480 815 1410 154 385 1032 1370 859 822 1327 1341 438 335 325 1422 1471 1166 157 198 860 971 1129 1204 1270 592 275 172 394 1076 580 274 1212 170 1494 376 724 387 1064 93 216 1192 294 123 1560 81 1420 1516 888 91 792 996 755 930 306 482 977 1311 1026
1373 1062 91 471 1148 1551 1080 1599 353 1506 190 1155 1541 1177 1032 1177 656 1124 953 622 597 1504 768 1005 287 70 1002 521 562 1247 1014 1414 971 1448 502 607 666 1246 878 666 1259 592 1389 432 1123 1500 122 1107 143 310 75 293 1489 1242 248 1319 70 313 1091 414 111 1351 680 1224 780 800 178 763 846 1143 763 205 1016 510 829 555 81 851 1489
988 812 626 1372 1388 531 1052 1227 726 1464 1095 456 1585 1153 500 83 1110 1475 406 798 423 478 323 735 198 178 351 1297 1097 1477 383 1486 1476 931 744 936 808 74 968 839 195 263 1418 365 1579 768 245 279 875 884 769 740 1348 848 634 107 204 1240 136 574 225 1457 336 568 840 1140 519 374 808 1455 1400 318 1384 618 352 159 1155 1188 1483
1553 760 63 1526 648 1069 954 1043 71 220 86 1069 1527 607 1067 465 1072 863 1199 308 1079 1384 1071 302 1240 1088 1353 122 502 270 1413 1290 421 156 1412 1530 95 1362 67 464 618 249 704 662 1333 1284 341 1328 453 1370 844 967 1230 872 214 1051 302 980 1524 116 813 811 548 1306 754 603 1576 130 1517 631 1498 403 625 731 1154 863 288 1003 105
1283 700 1507 1327 1200 760 141 280 634 1128 522 591 477 1409 782 195 1403 432 1081 253 689 1057 241 109 1201 1019 830 328 867 267 360 774 347 632 1545 797 1323 1181 1050 118 1461 493 1149 1070 311 422 291 523 1140 1441 1179 200 478 120 580 1387 1002 1185 319 858 800 534 944 472 1388 94 217 1568 1295 1220 119 1074 1090 989 1482 833 1188 214 439
1549 706 627 1176 213 776 405 630 1000 1574 163 1457 476 600 395 1397 1363 1485 210 889 1313 1322 245 81 1522 1390 758 1431 1492 561 112 493 1423 1345 482 932 1461 968 317 113 880 1376 668 525 1338 1392 1587 1358 1523 316 1331 772 761 1250 318 1407 1220 237 501 63 443 574 334 457 1227 737 331 1600 1578 938 952 1108 411 353 280 226 1384 179 845
1024 416 151 214 594 614 1000 1568 941 1574 1183 837 383 106 362 285 472 1031 1126 93 1515 402 814 365 271 365 618 1368 1476 499 627 1099 905 946 1239 370 1092 698 735 406 1568 1010 1135 1008 1473 1166 419 1120 813 1013 79 285 305 140 624 588 1239 1190 888 1336 1263 765 310 1557 1216 1417 1120 1288 613 1240 265 977 147 1314 454 598 624 1373 879
1212 952 768 414 223 943 1007 1495 614 1111 103 770 1519 92 1163 1241 1468 85 66 614 1255 337 1331 580 1312 1118 1293 813 900 1552 253 155 1368 69 1280 1381 930 1532 801 1377 587 460 154 1095 942 1554 650 1568 1232 141 1563 1340 268 1024 725 949 333 1358 287 918 894 1138 384 495 1325 1417 813 1493 691 868 117 1112 434 164 480 926 1449 1121 124
1223 1032 1067 1445 499 203 1047 261 1568 768 701 820 361 839 461 132 454 858 427 302 1001 1465 151 211 933 1236 985 578 556 602 178 1147 894 237 887 145 1395 1563 497 71 1421 938 1518 644 1504 480 1037 1599 1058 212 796 1045 1215 1189 162 1459 1143 1032 995 218 1589 500 1484 206 1084 1078 1270 1533 1116 145 1271 947 164 571 1262 1551 317 328 1311
1135 749 355 195 421 733 1219 832 877 152 1411 1396 390 1381 1009 279 1209 402 352 939 91 1314 896 1508 577 1288 1146 779 389 846 636 845 1223 1380 926 796 1219 752 1538 1162 333 802 237 1134 1244 312 542 195 167 1464 370 894 1354 761 805 468 133 402 676 1048 1126 1345 1567 70 387 1283 750 715 1453 444 502 1527 987 278 289 573 214 501 1442
1365 86 798 1517 304 1549 1252 1135 71 1447 1571 1149 705 990 1382 1230 103 635 1086 658 1029 784 1149 572 1199 1151 456 1480 639 739 249 1346 1020 437 908 881 868 690 764 923 450 167 972 227 1431 393 899 297 1390 443 377 839 297 688 387 184 1426 397 204 253 1286 1059 1136 881 421 668 433 893 658 432 125 1084 1316 1586 1448 409 337 708 1319
1575 446 659 783 236 1408 350 925 765 1497 69 858 365 1233 1057 494 160 1435 203 911 261 1391 1423 535 480 1534 874 1290 1149 1516 757 73 513 812 395 241 1514 712 1452 428 576 1563 1488 1173 735 877 1151 219 1430 1574 1094 440 815 1581 1079 1598 532 830 1308 829 1088 1238 1438 1126 426 1414 1135 951 1472 1543 908 696 697 928 644 406 1436 749 64
438 1376 1438 322 1129 912 311 684 1149 610 910 1093 898 1301 961 1525 942 351 335 1259 993 888 953 1036 1249 1434 445 351 537 1467 149 1244 969 102 952 317 965 667 986 258 222 250 1090 375 861 680 481 1440 1405 603 1564 236 1343 147 492 242 951 1298 289 1427 282 297 909 544 286 275 1587 664 1518 1598 480 353 1159 1295 1120 1504 1010 811 1268
1449 1518 299 119 160 1080 963 994 1224 1433 1103 644 478 1081 86 1490 250 318 540 459 668 918 1245 1532 769 88 1138 762 1071 168 236 1596 386 230 1547 435 452 213 1152 946 1056 337 294 419 1355 1537 381 231 787 541 136 1025 975 1306 97 1286 898 1211 163 211 947 1169 619 1412 266 370 462 624 81 1046 965 941 421 977 878 1353 185 155 1199
1513 459 374 184 844 415 1558 822 275 921 1227 461 784 330 755 329 117 301 599 344 91 1497 1507 695 1278 279 882 156 574 774 731 1055 1294 71 723 859 308 1554 878 1335 278 436 287 272 724 359 791 1538 70 919 1240 898 471 1226 1564 674 1453 838 431 1071 951 741 973 902 1320 101 1150 282 502 778 254 1305 304 1545 1140 1513 1363 866 132
1153 259 428 160 1056 1184 131 401 161 671 186 122 576 1166 1446 1313 447 1075 879 480 677 977 177 317 1551 607 1402 1002 1220 278 547 532 314 836 748 902 173 1230 419 97 424 1522 879 905 1010 1026 461 1571 1151 1461 611 816 671 609 709 660 282 641 521 969 704 1467 1582 1417 1059 378 567 367 342 1158 1368 1265 376 576 529 1198 1374 340 638
954 1006 184 263 872 1457 507 1337 1375 1049 249 1484 368 334 985 651 493 841 164 901 1131 743 412 945 825 681 1125 788 1410 1008 214 613 967 1123 387 218 243 630 674 1001 830 345 868 1505 1297 217 621 142 154 1351 1183 1074 410 1579 1094 1286 1501 74 180 760 104 1387 1159 1222 706 1542 1331 279 436 1431 1122 157 373 1118 817 1151 1430 546 209
623 645 1407 1221 1370 1352 1426 698 739 1212 1524 1477 938 1087 392 103 626 707 1233 871 784 252 1535 331 1461 911 623 1548 410 612 397 444 926 1425 1237 173 638 1316 997 1087 280 604 1194 76 1060 410 434 1083 1579 637 313 1363 1060 659 499 298 1129 1030 92 1398 1598 343 1153 1174 288 660 1282 460 1336 260 916 454 1545 819 1449 586 1571 915 1442
186 654 922 229 252 539 172 1126 1058 229 240 1483 722 1146 1466 174 1572 315 776 1166 452 1154 1590 434 249 1270 850 929 1162 196 1192 1287 353 816 1372 1179 1449 1581 761 1513 1116 1345 778 373 952 641 151 893 389 881 510 296 1048 106 787 684 394 1043 1301 109 952 1093 1573 406 82 127 1188 495 190 918 1256 1208 950 878 1187 1197 492 1340 1492
1178 1005 1576 1322 345 632 454 290 313 1073 889 623 106 97 144 540 1371 363 1505 754 854 1087 434 690 610 1051 250 1369 725 107 160 1374 604 1505 686 296 800 976 624 89 962 1109 806 1106 363 1268 176 964 249 824 1424 953 780 1361 577 435 204 1056 1118 1550 133 868 281 1273 372 236 1517 1003 762 1593 862 114 247 1130 87 660 109 429 1212
1468 804 243 1214 519 804 1447 1216 523 213 787 239 663 894 475 1479 469 566 1458 1195 1101 1082 335 1087 242 999 1516 909 350 151 953 302 193 725 918 638 906 386 121 525 1358 346 1439 1187 1476 1184 445 1583 1265 497 884 1439 968 513 1092 639 977 231 944 119 1312 226 786 73 527 520 104 1404 735 1252 488 977 1319 650 880 928 413 758 1573
747 179 1185 821 1549 373 1527 622 1358 1227 1282 1349 272 562 109 1095 605 498 609 542 1259 494 716 227 1385 955 914 1179 1448 558 953 344 1200 85 911 505 117 268 1587 1548 568 956 560 1167 822 235 729 97 114 301 894 1471 325 915 1010 234 663 1186 1266 1330 777 1558 64 392 1511 1580 91 720 587 1420 1278 1071 1173 1183 375 1494 768 1428 1258
