83 85 1700
518 1009 502 692 677 414 1080 1032 905 1456 1144 588 108 1249 184 1473 942 1387 402 91 1687 754 932 491 751 1588 349 1513 1665 762 397 1500 395 432 371 928 1682 1128 877 1081 1637 1523 1523 1065 1518 848 1322 915 440 756 891 646 1131 106 1449 174 1062 1548 126 940 1607 1134 1064 224 1480 454 1036 1658 119 1546 364 1354 1299 809 816 582 97 723 333 407 848 1490 1455 1060 301
746 407 136 1415 222 419 693 581 1698 541 1243 1571 1644 1276 1250 916 1000 1286 212 102 196 999 946 96 170 553 1098 85 529 1384 92 136 637 1584 205 1626 573 235 824 1144 752 1453 430 1673 425 1037 1378 1614 1570 1592 875 1172 426 1224 746 747 342 187 252 170 1634 1139 1289 1153 1675 1699 767 1312 1119 939 385 390 822 701 444 75 1228 1295 1233 518 1113 1370 452 467 466
327 538 564 1139 1505 883 998 566 721 233 1669 793 1537 398 926 386 324 1438 1367 661 1179 944 1390 634 782 1239 849 533 765 1061 1160 324 1136 1069 605 757 1205 1226 1521 1100 860 1148 1059 1529 162 1349 133 459 175 152 177 1323 205 78 837 710 743 673 1549 1553 430 1675 1331 1051 1424 1645 1358 1032 636 968 492 1377 1681 1478 1246 1271 257 1240 1656 465 1665 453 1547 531 942
1149 407 1456 328 631 846 487 780 194 1382 1036 1322 132 962 763 176 208 765 730 1214 933 465 1044 1156 922 758 1313 917 523 437 1276 1274 1346 703 1688 1196 772 1583 699 1252 716 1515 300 205 960 397 610 1296 1237 1141 574 1633 1045 834 1656 1066 176 505 658 857 216 434 251 1369 796 501 822 1286 1091 848 1181 1047 1373 844 1243 401 1039 1553 1012 191 975 218 993 1533 1459
931 1324 1517 232 1248 1493 1284 1060 106 606 1308 332 1192 1093 1191 1327 1679 711 169 414 1397 635 219 288 860 116 87 314 698 592 243 824 399 1309 1282 1102 1652 295 799 1659 414 972 193 605 114 443 748 374 172 1552 1350 1245 1444 1331 773 741 554 448 1006 407 1080 1394 1225 1241 1274 1618 231 1431 1074 513 1101 956 122 503 1192 1347 632 228 820 279 1488 1452 1599 717 1578
702 641 1213 815 312 213 452 1295 678 1404 1592 278 1001 964 1612 1637 560 1206 900 534 1102 1007 328 725 326 326 1650 137 1647 952 1132 410 129 1206 1006 1109 1205 1114 353 479 772 1252 1096 1570 1401 656 522 1410 1077 1600 813 757 746 107 625 839 915 250 538 141 1673 98 1647 804 701 1612 649 329 105 1539 1611 686 1338 1225 495 732 95 545 562 1524 1078 85 207 1252 308
1543 832 925 550 76 1340 1394 1440 971 1240 1566 1138 543 1602 1396 743 418 1102 1247 116 727 1169 487 1554 1631 1287 539 1511 826 268 1318 1186 123 995 142 1345 1205 193 254 1235 80 1226 1010 1204 674 179 580 256 743 857 1297 336 632 1127 170 1435 381 438 1116 1549 559 739 1614 1446 798 89 564 825 129 389 368 1424 1113 1110 213 1407 960 1333 1295 1049 230 1390 659 191 761
496 1512 1402 1622 1062 971 962 308 1555 447 1456 422 320 208 1412 591 373 1551 669 848 958 943 780 1379 1609 1489 1009 954 221 587 1439 626 781 633 975 755 95 1477 1156 489 1504 596 1218 1250 746 1343 1231 836 409 1417 1423 570 802 1657 1619 1450 1596 468 1215 750 1507 1398 1541 614 1005 1534 345 1098 815 842 723 1206 752 712 1408 257 986 849 1381 131 950 1608 1469 589 791
1204 1630 1270 1630 1269 1493 331 1368 1279 929 504 1570 679 1412 394 242 780 1376 1366 247 655 998 263 628 1631 144 400 1009 375 300 828 1634 1644 157 778 1048 279 113 1658 1523 888 336 1100 99 779 1117 451 994 1326 384 1638 388 1051 821 292 1153 764 851 1475 1420 1483 752 383 599 539 548 636 418 1323 616 817 1585 683 795 1118 785 421 330 1210 176 88 1689 1346 1019 470
305 169 749 1351 609 656 94 116 1290 1077 257 292 967 1198 1235 833 96 1374 96 1665 528 145 1485 1028 1338 1486 639 558 1237 1280 1436 177 1031 1115 1575 1252 1570 1455 1506 530 162 1089 183 883 1512 134 1186 1346 622 277 904 1373 579 281 244 195 277 152 163 687 1647 1477 1566 866 956 110 715 797 1149 104 684 1514 1180 1026 1549 1648 950 1476 517 84 1520 1506 1003 1300 1106
1530 490 1171 333 1334 496 1196 946 1514 1234 735 187 275 411 1010 320 384 854 1439 79 967 1047 1132 1463 200 850 1407 419 354 1211 957 789 329 798 115 913 913 1280 528 726 1695 897 819 692 786 1539 1229 213 578 832 921 535 160 378 939 492 605 883 1102 1698 1662 976 549 1427 1697 1266 1064 615 316 1235 1376 952 383 904 1439 1255 288 196 1484 331 1471 816 302 367 877
1360 105 675 1492 991 1054 473 1138 1349 81 522 706 999 370 1377 586 678 896 259 1563 315 859 1035 1340 1047 1309 626 429 1632 840 738 1153 1476 432 1537 760 398 507 1429 483 529 246 624 1312 624 1078 175 455 191 641 696 901 1344 1522 752 1669 422 1225 1350 138 891 1441 1405 267 1144 1444 1276 1036 154 206 1618 715 1574 1392 877 635 1404 1368 884 1087 620 1372 1354 1018 313
109 1651 842 253 961 984 1344 1284 738 428 229 1491 394 1356 932 1053 1369 1139 986 1286 1296 874 1563 936 1366 1377 146 1445 92 1325 1112 1597 1331 162 263 511 1677 233 1073 801 1095 1575 588 1683 560 427 1270 1407 340 909 804 287 795 656 1190 862 1521 648 1141 481 1463 153 1108 268 729 949 1695 246 183 1293 340 1030 1636 1580 359 112 1166 261 1373 1205 309 1480 1369 500 1269
1607 1487 939 522 285 78 702 1200 796 767 1080 97 748 142 104 1244 284 1331 340 324 1257 1140 1515 1239 1592 850 327 1078 665 1124 1150 639 811 1593 1559 1088 1661 883 598 1046 1472 135 968 212 80 1192 703 678 1337 733 552 1221 1055 732 808 198 269 1072 772 248 1396 1536 1575 924 253 489 1227 622 1485 276 262 322 403 1023 468 1578 731 412 1588 184 1176 1152 564 1594 315
1298 144 673 448 434 1613 930 1498 130 1231 238 439 1141 566 407 1435 819 197 1112 1303 1076 306 572 415 252 640 666 1271 1025 1093 809 383 1056 1490 944 1693 577 1670 1068 1242 1611 1467 1092 692 1018 390 1597 598 1280 725 115 1218 297 955 1449 1521 105 1342 1497 1617 259 1268 1073 907 955 854 870 458 459 397 1002 685 804 783 312 343 686 70 1073 1108 1231 1394 1241 905 159
406 1077 141 1207 1660 366 878 1269 705 1054 130 965 585 705 1655 507 553 947 257 1349 613 900 651 996 651 483 580 1633 1424 197 1126 1231 1587 498 1045 1590 268 399 1280 820 543 1524 1267 821 184 503 414 1582 192 1436 322 1603 1617 173 1400 1155 403 311 118 845 151 1236 1461 507 941 481 778 1422 1146 1408 164 1596 629 1495 1680 1207 1044 1305 469 1263 821 1248 428 727 863
1476 747 1242 898 767 756 98 1030 260 1346 459 1629 926 859 636 1421 1670 209 1076 1149 744 144 642 1416 246 814 829 876 75 1244 612 726 691 856 435 637 1346 792 1427 515 531 816 129 772 1166 215 113 409 452 840 580 550 112 704 1563 1296 194 300 1686 760 150 699 1132 580 1652 337 864 1574 1118 378 107 363 1554 1541 921 276 112 670 1390 808 823 151 1119 1176 1350
811 1423 943 404 153 637 1067 174 359 1183 1698 880 1366 936 1106 1402 1083 221 1264 559 451 516 1054 552 1605 1021 536 612 1134 1464 224 895 218 1593 881 825 1458 841 655 944 238 1057 426 776 1523 1124 1566 1611 400 573 167 508 1152 587 205 107 405 1254 1039 710 854 1264 271 990 240 1278 415 1354 559 1294 645 1504 280 1550 1675 1611 323 250 732 443 353 770 1551 753 1178
1159 797 724 1501 395 763 624 977 1191 820 194 788 635 154 501 921 682 422 1660 1102 257 542 1385 546 983 1318 916 76 1667 1113 1485 1326 912 607 219 1250 963 1681 1440 654 1457 1418 945 220 918 1116 138 825 197 1341 649 1324 1653 689 564 235 934 1481 438 1005 171 304 620 1066 288 1009 880 1128 198 841 338 375 1520 317 514 681 1364 139 1194 779 275 199 400 533 340
999 901 1140 73 1201 741 803 521 537 767 168 1646 603 867 1355 1182 597 1565 1227 232 853 347 984 234 1586 840 1150 1043 1699 493 1065 1359 771 92 126 876 646 1501 917 190 84 1669 1372 657 995 1476 302 1425 155 1310 1039 878 1659 1320 169 299 895 203 1270 92 1534 234 737 1210 752 231 883 616 175 1531 1389 717 888 1383 307 687 1164 1062 424 1016 469 1047 910 1094 76
330 912 234 1476 207 476 1228 189 1177 1302 458 472 1137 874 853 337 852 1008 1330 1451 143 1649 642 1614 1412 545 1292 1127 275 1049 1025 1344 373 1078 114 629 985 1520 681 1450 1192 882 1064 1354 206 687 612 241 251 1604 871 984 1097 1332 1046 1557 1520 1646 1277 644 1403 1377 652 217 468 238 514 661 395 782 1041 1584 693 1239 745 193 1158 1502 89 963 90 640 614 147 370
1374 1516 393 1589 1524 796 322 715 484 386 686 547 120 147 882 840 1470 882 1494 1155 1394 1584 128 101 1246 802 360 165 698 1302 1644 1454 1128 916 1124 1252 1464 922 689 1111 819 776 998 1600 899 302 718 373 565 1286 1090 370 1489 381 1597 950 1257 1437 1373 1181 881 1512 141 522 99 1210 1602 908 1350 414 312 997 1129 871 778 937 1049 107 1491 110 97 1244 174 154 1146
1116 407 600 1694 371 903 1498 1110 773 204 219 1062 1678 465 679 1141 761 1581 1690 760 1487 286 1523 1201 973 1375 372 469 622 515 273 960 861 342 1530 940 561 491 978 944 1193 436 178 713 1143 1136 1604 1322 994 479 897 989 904 1453 1008 430 961 589 839 901 608 666 1258 713 899 850 831 1240 505 830 1436 757 1087 743 273 649 1230 702 738 677 1534 1258 133 1319 1394
1360 1220 1451 271 948 842 768 1338 1443 1584 118 348 1500 136 1282 168 429 1298 413 1646 1592 626 988 1029 1485 946 1331 196 280 562 219 467 689 300 385 640 1421 256 1081 1153 1627 791 746 1057 192 290 502 390 363 1537 446 1156 450 1159 813 952 954 70 1186 639 843 1074 908 664 309 269 104 1055 943 532 183 606 637 960 1280 782 284 1342 1454 1257 1595 922 1616 1374 1426
1298 698 506 176 1318 1191 1539 1025 1546 381 1395 1284 1243 740 409 490 554 1021 88 1342 341 188 1493 205 1218 469 915 390 619 1355 1151 292 1012 1514 520 560 1097 890 594 1241 1507 829 873 117 1137 728 1217 1158 1673 617 717 1610 1506 1649 1659 432 606 555 1495 1207 1668 728 882 201 218 878 1066 1627 1621 498 1346 245 882 1333 409 1365 262 209 1161 895 295 1035 1372 1578 1419
1322 405 1256 1185 127 1413 986 538 1030 1466 716 1007 265 1463 272 1272 1348 282 315 1172 1275 558 430 138 1629 207 1469 1379 1086 327 1126 1364 282 1511 419 577 1017 104 1303 241 372 305 330 230 1154 570 102 976 699 1655 732 1606 1673 1270 616 1568 692 901 1062 1526 1509 436 622 573 1313 1107 374 1098 316 1291 1110 1295 502 790 912 763 139 1531 1209 1089 485 588 893 324 435
1590 969 1372 1483 661 1675 1439 85 242 621 378 905 128 574 565 457 1419 882 385 1615 296 1038 1135 931 509 1205 1545 1534 1606 460 456 1109 402 279 1140 458 819 682 1473 1122 1090 390 650 664 164 1036 1639 320 1366 1282 1634 873 853 1328 1454 725 769 711 1264 1342 544 692 631 131 726 1382 1152 524 693 168 1043 1225 751 567 99 943 640 1298 1293 1012 1254 201 585 409 695
1181 737 1613 522 980 671 1190 417 295 765 1206 1419 1668 76 1556 402 1296 551 262 839 798 124 245 596 125 603 681 896 463 74 1248 639 1300 1067 1391 336 1530 809 511 740 910 274 1668 1174 1240 463 541 1310 1639 347 184 879 620 74 861 1504 992 294 445 683 1670 1028 1084 671 1466 322 973 470 435 665 1039 346 1474 900 486 1190 1280 1176 772 691 1110 880 1167 1567 205
211 264 894 1414 302 536 845 504 250 1248 246 1278 777 94 1614 1004 142 1031 651 893 920 342 133 192 216 1471 328 1071 1360 426 1064 1103 224 1198 953 207 1697 1043 559 507 346 1518 211 896 1100 269 1476 358 352 749 609 116 934 513 1252 132 348 1639 1322 1518 1245 517 484 603 719 1592 963 1639 1643 872 472 368 535 122 142 449 351 1390 1163 255 1686 830 570 1692 1046
722 664 1368 1693 359 682 1377 1421 742 332 486 245 1085 412 457 1406 420 327 601 356 703 1304 328 949 535 1621 1608 707 211 1685 573 863 1143 255 1246 540 794 1558 1023 354 700 1695 1685 1678 1470 630 1310 418 677 890 572 1152 311 722 1041 963 1606 70 181 1264 1466 1457 1319 686 1513 1450 858 762 849 1673 1097 907 1629 603 280 204 1060 1377 809 437 1010 838 1026 1470 1412
1118 246 1376 1545 840 229 408 723 1306 745 614 679 1662 1191 920 286 1182 870 256 174 485 549 969 324 1432 572 942 790 1209 1413 919 1509 378 611 600 110 1420 1456 851 1011 785 676 1435 758 954 160 338 1171 1339 1512 122 1583 1051 585 1430 1588 822 1147 920 132 1242 187 317 1448 1641 1508 109 1220 181 343 135 544 100 1570 330 905 415 1060 1030 312 1087 1044 1437 1178 958
299 254 585 81 1419 490 494 910 293 1395 1114 1283 1240 437 1383 71 235 1313 877 850 888 1694 280 677 554 1181 1561 762 867 1224 1250 333 1576 431 1578 1580 390 611 369 1057 418 422 175 1377 1337 140 521 1358 1107 640 973 397 950 1419 1606 129 686 184 696 1057 1309 903 688 177 1296 971 1049 1375 587 114 185 735 920 1397 305 348 335 93 195 591 455 1512 916 757 1376
1426 1382 1156 1612 1311 544 947 888 1401 608 738 1575 314 159 327 202 303 818 1060 717 636 1625 832 442 974 780 379 414 823 1605 1340 1603 914 1303 785 1160 1037 449 355 1649 923 648 172 1602 1223 588 248 365 648 1073 1649 401 1001 1520 1375 422 890 1028 950 1679 681 611 1170 1632 665 1141 483 1499 1640 1616 1639 1005 885 450 1071 609 850 984 489 984 1015 503 771 1196 927
416 139 1234 563 1474 440 388 1289 772 220 1430 369 1265 957 537 1422 1027 98 196 280 1590 230 1577 819 72 1647 750 1070 441 1427 959 506 1044 1276 541 519 1619 1123 1174 650 111 1193 1226 1003 714 678 1269 1521 192 434 1463 423 904 360 559 254 1404 227 1433 1614 449 820 1000 1630 875 1436 1013 341 672 1403 554 1087 1478 1368 1369 1413 162 773 206 730 996 1626 1680 799 419
453 1064 1122 1340 357 474 878 685 885 1334 1620 1316 296 1139 599 73 561 132 798 383 156 986 992 439 130 719 383 953 340 356 98 686 523 1451 1558 475 888 173 1487 1164 725 536 1377 439 1596 561 1370 1115 978 1700 821 129 295 953 709 1041 291 1480 1540 625 1014 1119 1410 928 1610 273 459 222 1472 1462 680 1014 913 486 1528 104 535 1406 601 650 721 862 1621 1427 131
629 594 1620 562 1200 988 1093 879 746 509 369 735 1460 1345 294 1079 497 1428 409 1266 138 206 470 1122 584 193 722 807 1571 1170 1509 1037 1121 1664 644 1123 561 130 110 1084 1613 973 168 838 827 194 631 1409 518 1310 564 993 268 160 144 606 307 1699 1456 1352 1148 277 1391 296 983 1178 1186 362 581 1135 695 1204 1024 550 153 1285 1055 1017 1547 369 1324 527 472 329 360
160 1666 151 1570 987 604 380 808 960 391 1181 1552 940 536 507 542 709 1204 1470 1441 1385 157 538 1306 284 1510 222 1493 411 1656 383 1420 1372 686 831 292 101 376 351 1664 964 1611 1538 132 1518 589 1550 213 1660 1551 1283 843 380 462 1199 1526 420 1289 625 1203 1506 451 176 1682 1278 1683 818 964 293 313 1189 419 1019 1412 1499 73 166 574 1392 1033 1037 693 1437 440 1504
1354 812 1553 166 101 999 1193 447 313 1530 1051 1683 1056 1455 328 688 111 878 196 990 88 1109 539 1353 1504 588 1373 360 631 267 76 522 1643 1061 1564 955 356 1565 388 1676 1295 325 1252 561 178 1627 1327 1103 1252 1243 1192 172 1126 914 811 1046 987 867 88 579 479 470 1636 263 588 946 148 92 93 383 1540 691 488 431 1235 1689 651 1316 937 1004 327 831 681 848 84
1377 138 941 637 1274 523 148 1209 1091 450 1430 859 1085 1122 836 843 1499 839 350 325 72 1327 1605 1187 1453 1440 1143 1048 402 872 877 904 200 1592 314 1631 545 430 210 757 1687 119 1116 96 1191 342 1131 802 1611 1120 198 1465 1461 859 1466 429 658 1529 1036 610 107 1051 1106 1082 1522 1687 1651 997 217 569 155 402 1573 1543 219 1573 520 376 1465 1658 292 1030 1658 122 271
685 1264 807 430 455 1627 1105 1271 396 330 416 203 464 1306 809 778 408 1173 1649 868 695 1216 266 686 571 125 727 1327 373 1356 525 616 367 1017 1419 1434 700 106 329 1496 351 1072 1453 651 1343 330 1219 773 1086 1514 1485 1086 190 751 1092 1360 909 1205 300 1294 1289 1502 1268 217 1289 1504 1590 546 562 875 975 745 476 691 1182 1551 1630 758 1640 1401 1115 1228 90 1132 1422
1200 1261 1312 970 1554 816 988 998 400 361 343 130 863 1167 775 1123 1168 850 1634 963 1017 974 1057 231 423 1197 1476 236 243 1280 1008 1009 1477 1398 778 1117 1160 274 962 240 604 1302 763 432 661 1414 749 912 1432 1620 1429 417 1232 1240 1681 1358 75 943 1134 456 1176 1093 333 578 1336 501 576 1605 480 1496 647 172 1055 1517 1680 887 1155 852 485 1688 727 1691 1681 744 100
835 215 1033 113 604 938 709 885 243 861 538 1515 1134 1063 1249 1325 859 866 1620 1536 1251 1354 375 848 1198 952 582 1324 1255 1554 1078 852 330 1368 588 1332 206 1442 117 702 1594 997 69 1412 481 1265 508 834 1530 1639 131 1226 1186 1497 699 1229 488 1429 957 1511 1440 807 1386 592 668 815 568 1465 1065 1410 809 814 1090 1571 1577 430 1094 649 1021 1185 1619 814 1020 642 276
1621 1359 1375 402 304 104 207 279 843 906 134 1640 1532 1310 482 894 1287 1046 968 608 84 1127 424 681 824 1582 352 1251 336 829 1338 1551 1290 1403 117 495 518 879 1115 1294 829 573 1184 1584 765 1220 1094 1609 175 1032 1609 211 532 1048 486 666 366 1308 1172 1589 752 1216 748 733 1658 1557 653 1437 1431 1675 494 918 84 682 76 1159 1473 652 497 538 637 77 1136 432 1650
284 713 646 1269 1082 297 1154 1353 1380 724 1203 1513 1642 1332 1697 854 500 1243 1612 1492 476 303 155 466 1057 1045 446 1685 293 1257 939 620 503 579 758 783 731 1091 1304 1213 1468 709 660 683 1170 542 658 382 1203 298 1636 1568 519 209 1499 1304 1576 165 337 1447 72 454 1123 1523 1066 412 791 1207 1260 586 1049 224 1393 1306 1049 1227 675 275 688 1688 285 1085 382 682 769
256 432 1105 963 591 501 1166 315 962 995 363 947 509 1672 395 1431 1043 312 1326 86 706 706 759 1421 1228 178 1634 381 623 1642 252 428 1244 76 768 259 425 288 611 1312 1645 440 1677 1553 1283 123 1098 884 1504 521 1010 843 1670 437 1494 950 877 1398 715 482 1089 409 1102 1352 606 1353 1126 1602 1003 180 1627 1265 371 1588 1626 494 150 526 1478 580 1201 312 1334 1680 1140
256 1206 1237 1634 1596 1287 1566 177 667 506 1530 856 906 1607 368 809 315 1173 736 1279 1109 307 1080 1312 391 1329 576 1336 1306 875 1415 477 1608 1228 242 169 420 743 1262 443 1163 782 1604 250 148 86 595 1555 1370 1552 1457 837 292 1157 1634 1082 1181 897 617 1520 999 367 1445 413 105 1270 209 758 354 261 1557 1594 1628 103 128 1684 1256 1488 1045 772 416 1659 1441 597 1041
1315 987 483 602 432 882 72 1358 471 1156 1353 501 1194 1146 301 1389 949 1684 1524 1001 1092 1572 383 945 1027 90 258 549 838 1059 375 1428 968 849 1251 606 633 1681 395 515 744 879 704 827 1459 821 490 1459 1031 637 319 842 300 1199 1254 102 523 1655 1330 812 219 518 619 1033 1118 465 339 1021 573 644 1187 781 373 119 1031 1433 749 1290 235 1194 585 1624 1592 729 1250
634 1680 827 391 972 1423 1234 1084 311 189 1237 1070 628 901 1031 1256 1316 1337 335 1149 1404 416 397 1166 739 1459 503 1550 795 619 1228 650 897 425 1384 1569 897 308 1351 123 1062 1397 478 207 1000 568 656 579 261 1556 644 1232 1541 1655 194 512 1639 192 209 902 142 1244 334 846 469 146 658 1367 640 1136 1683 702 863 74 777 1549 716 1389 1055 1484 1590 964 378 788 1551
1581 1021 1194 815 811 565 1032 829 1199 587 778 640 134 667 1030 1399 499 476 1450 312 690 619 187 152 1081 1256 690 503 947 903 1695 287 255 804 1174 1303 1061 1698 1151 523 1447 769 1320 456 1647 933 251 1316 447 225 1145 1178 1235 885 1080 636 737 1278 1445 1380 1155 194 1609 964 1265 231 493 345 657 646 545 950 1434 353 236 141 1241 407 577 671 1361 1299 796 1362 1518
699 1403 889 232 196 1217 1619 1278 1589 1079 1224 161 981 534 1394 1283 993 509 1678 1020 95 484 642 556 735 230 696 629 306 971 1421 1687 1137 1527 1321 744 299 151 1124 158 1332 1035 1436 1058 676 1498 478 1404 712 933 1441 178 108 134 818 1271 1211 1361 750 645 924 1355 1304 301 1666 566 1068 898 1154 915 1119 980 434 1294 995 181 1336 770 1172 1452 173 155 517 632 1193
966 406 811 560 1011 1148 954 107 1486 1687 1151 888 1270 662 1065 350 1141 1627 1336 523 1460 981 1582 1371 339 215 272 952 1632 1174 1254 840 1654 606 1234 200 1639 1075 1218 538 1355 1602 1544 1577 1282 100 1582 1208 393 882 1676 878 1508 1206 384 1365 1014 1599 454 796 1043 697 1030 492 873 1424 196 1124 741 1556 1065 1293 1250 512 757 1047 543 1666 88 177 1501 1399 1455 652 1495
1391 1314 1554 788 703 1076 144 374 286 697 797 1160 922 285 1683 1081 565 684 508 1171 829 1668 1231 411 734 415 921 1371 1679 168 1099 368 132 1358 1678 625 305 365 1680 795 758 1402 724 1497 1448 1166 1436 609 1027 233 714 82 1101 375 1266 987 299 728 84 1655 1245 763 1565 270 679 582 537 309 1240 1037 1590 1486 764 848 1265 1318 1332 1064 1004 1059 1627 132 684 217 895
283 167 1263 1045 496 486 1047 793 1485 681 453 861 1392 1476 72 1515 70 1271 515 1390 564 1433 502 225 1506 435 688 519 1214 1664 1141 509 1134 825 1500 1197 1377 745 319 118 918 1401 1587 639 1269 672 1633 900 561 659 922 1408 414 1527 271 138 1096 545 1390 1698 871 1139 500 76 188 817 847 225 1589 467 1586 182 800 1213 411 1667 925 1666 491 1227 1498 1497 1083 838 820
903 812 991 260 393 537 473 167 844 1429 311 1124 559 166 327 1686 686 1032 1494 94 1636 1164 1062 147 1124 449 756 130 802 1231 649 397 1536 686 317 1095 988 183 1552 431 387 248 133 1288 1235 841 1243 563 1352 1374 393 1216 649 893 894 322 1447 721 403 421 954 195 1276 1431 1643 386 1568 1588 247 1566 365 1477 1550 545 822 1623 194 777 695 195 432 881 1064 245 558
1173 331 1175 1130 673 180 298 797 293 696 1285 576 557 1359 660 1304 518 111 122 1318 1023 1418 1636 740 1663 323 149 1629 1091 414 1462 873 842 79 1358 1580 1603 1566 545 1423 659 1392 1141 157 368 149 1422 788 216 489 1452 481 386 356 722 566 80 1677 1447 287 435 1266 1473 979 596 1500 975 1633 1700 98 1398 536 656 275 522 81 919 1346 356 543 505 75 1033 1112 1052
504 546 205 1583 288 628 452 1051 794 1528 1322 1058 679 987 1411 788 786 758 1498 1652 1580 992 1030 349 1229 807 804 1309 172 1068 934 698 712 1181 1103 1573 1238 573 926 1676 756 246 1334 1453 1173 98 93 921 1363 575 577 1684 1004 524 1264 1547 214 1266 792 1443 217 766 1028 563 856 1260 875 869 475 1465 1351 1492 374 1331 173 1672 1116 1131 1552 599 585 1355 1479 943 233
1358 471 1474 1371 567 1085 1287 151 1377 1388 1598 351 1090 1308 519 384 486 872 1468 1675 224 1320 1393 1070 205 565 698 1641 237 813 1181 274 217 517 213 789 990 1247 1444 1311 708 1361 750 1121 1610 360 1350 444 1312 1403 1241 1185 1008 718 369 1217 524 1350 172 294 1223 1441 1118 1304 1353 1433 71 324 1600 420 1412 1090 241 98 1350 1071 245 312 118 195 1209 801 308 1346 1432
708 658 908 217 658 202 152 644 170 1476 1483 385 535 1436 1227 314 734 471 944 91 403 357 1207 1427 1389 1665 1460 1266 1173 538 732 771 986 837 888 1089 1565 345 805 954 1685 1576 1554 1648 124 546 878 1468 1378 1537 462 341 287 1554 1335 1331 1175 974 490 909 869 398 278 415 975 1640 775 166 1167 311 1235 645 171 520 94 1587 1121 1506 1093 99 1564 1380 1520 1635 1415
725 1245 173 90 81 1305 1312 1002 1621 899 462 860 466 1586 1263 1398 255 1450 919 805 1494 1525 1358 1129 859 1152 1070 1118 1442 563 1174 507 475 1308 1031 1398 1244 571 945 117 161 686 757 407 1469 538 304 1476 195 998 647 1226 939 1284 1195 225 1532 174 1280 1079 577 329 1610 1205 303 1437 795 822 132 947 1510 1303 1466 823 294 147 1314 249 1485 122 594 1637 78 581 568
1242 1152 805 524 971 1377 281 831 647 526 572 1491 937 252 336 1088 1443 1412 482 167 1449 928 334 1052 1619 961 455 437 70 1280 262 389 663 1696 469 1215 1446 1605 1589 1363 1407 955 1404 581 285 1567 1344 382 242 1399 936 534 904 108 212 770 1452 341 1685 495 401 284 1388 1087 1393 146 474 762 1567 1360 1066 1262 1375 1155 812 1087 536 569 974 1033 1220 406 710 765 1372
660 527 634 770 907 899 208 1381 1318 802 1495 1630 463 98 1515 1285 81 437 1625 561 981 304 1638 956 246 973 1101 1642 1040 167 693 1613 412 864 1039 204 1237 616 800 561 646 1597 969 373 346 1237 1086 1133 509 854 514 224 849 892 1012 1682 1553 739 796 909 1135 1253 599 966 349 829 976 1045 174 1676 385 668 1244 1255 282 1279 1317 250 501 1184 979 1565 1107 345 995
1165 70 615 1483 731 706 1446 269 1265 624 237 753 352 1142 1228 1423 862 791 1301 1535 1581 1022 354 1160 1008 1087 755 1352 508 291 970 585 995 1160 1427 1370 690 905 105 1696 858 1650 962 1653 1013 836 975 944 541 141 563 1612 400 1152 1524 1630 507 1062 632 341 536 1404 1310 530 946 702 802 1553 83 951 918 481 1233 1009 658 1637 117 1506 1459 1042 1548 1012 398 132 1492
791 1361 1334 1330 427 403 1451 374 152 1384 79 1083 1648 1347 1075 477 1372 1447 405 1609 1226 1574 1115 1071 977 205 1616 1700 204 511 977 1540 1617 1092 775 523 969 1123 512 1291 477 821 525 1127 427 1646 360 1683 400 1101 177 562 234 162 1129 1523 1151 580 459 246 598 149 1700 1553 1086 820 129 1453 1661 1312 1556 1168 1654 350 161 1338 592 1461 316 1012 797 1122 399 769 1159
273 690 627 306 527 815 832 1377 1216 1672 191 1184 264 574 1510 1481 812 795 1469 1554 1503 659 1632 659 90 556 102 954 1629 455 1297 462 703 1219 1265 651 272 1301 1271 538 111 455 286 1305 388 1478 1142 1339 1674 1008 123 1241 385 546 1425 1224 527 591 1648 824 578 1476 273 242 829 477 1155 919 1585 648 511 1127 491 916 1286 774 1031 547 1492 519 747 568 1306 818 722
94 1124 1404 1007 268 1107 883 136 1448 517 524 1347 119 559 510 365 818 415 1597 1099 1513 1325 773 458 938 1573 384 944 854 1363 173 520 284 1676 471 196 1401 1666 202 601 250 500 453 566 210 797 390 280 1219 124 258 968 747 194 1379 559 1032 1533 821 1012 618 1554 1496 660 287 862 963 1341 957 901 751 1147 1288 269 658 935 1302 992 1451 760 932 1696 1057 742 719
1560 669 1351 1106 879 238 723 138 491 84 1344 871 419 1270 560 835 714 426 861 1561 417 438 1329 283 1176 517 1148 1227 169 1129 164 1646 514 656 689 1255 1437 458 1023 1659 1261 1549 608 251 1289 1122 1221 308 655 460 963 1592 1189 1174 1498 1495 815 715 1436 81 1055 1464 150 1411 1215 169 197 800 89 342 467 1389 1485 457 554 1503 805 550 1638 172 1336 392 807 242 256
841 734 724 284 506 1089 777 1515 1429 712 907 728 1377 74 217 784 538 419 1659 1180 943 1267 1444 549 1516 851 1562 1316 132 698 343 134 977 541 765 1171 507 516 336 1176 394 1698 1215 441 155 580 691 599 360 148 539 1575 1143 371 119 1311 1392 409 762 1402 1596 110 1135 616 159 628 1339 1229 970 1526 493 360 108 276 493 1024 1052 553 259 712 613 840 1331 1695 1050
1631 1397 272 816 1697 919 496 109 1248 788 1003 230 96 878 608 1331 1388 134 965 246 1456 351 1094 248 1114 1673 323 1215 849 411 1479 440 1605 1106 194 579 155 475 192 1156 1186 851 97 370 259 819 667 815 694 334 539 1232 1340 811 1664 821 1074 235 951 310 295 1314 148 1390 917 1419 380 289 848 1326 1071 515 913 1356 950 1246 635 121 268 501 543 1693 1326 81 463
896 211 1182 489 1005 360 1087 765 1535 1690 1166 1583 472 971 1341 1116 663 323 714 591 821 928 416 1472 749 1409 360 165 627 1513 635 87 1008 1354 1603 216 1002 859 662 1609 1283 628 371 1382 819 1169 238 1548 909 651 1397 439 1587 166 780 1074 262 181 444 1222 1672 1610 663 1164 253 1132 800 729 917 552 1048 1276 1547 1293 1469 1117 975 121 311 1680 1119 1222 652 1036 919
79 497 1589 1302 260 587 1583 1626 444 901 631 1341 1690 1129 1523 1561 313 1297 1309 245 478 774 613 907 931 298 739 687 482 1394 1240 1391 996 1144 256 1513 1639 1442 1696 659 943 1203 1337 350 893 131 374 745 516 614 427 1565 1079 1202 942 551 1163 721 458 1270 908 832 414 946 1412 1185 1269 802 328 182 1478 545 202 1128 637 514 1377 319 459 991 451 136 591 692 230
1006 866 697 1147 623 183 714 1437 702 947 904 516 871 506 454 1260 881 312 205 1640 835 166 220 1498 1614 1452 788 1132 1004 1230 710 1318 145 92 325 572 981 581 909 144 1635 1286 923 410 901 947 906 1087 1316 1496 604 1361 486 958 1009 677 313 717 1556 1002 1548 1019 297 488 587 1210 162 259 1146 1566 378 1203 1075 827 1221 625 347 518 560 485 1119 85 897 1494 399
321 1644 1320 1535 1166 384 829 250 100 1436 1319 1116 1082 1200 238 914 661 1243 1547 1441 1694 650 641 215 1133 84 1047 1486 1428 649 1600 1189 1038 1230 1410 399 728 703 1326 342 677 1553 300 891 788 1579 1673 240 125 921 948 929 439 994 330 1664 987 189 678 876 994 1173 1188 513 986 542 583 701 1247 129 488 907 1531 1527 1502 780 1166 1040 1677 711 1013 433 1577 632 1087
1484 999 1258 781 143 1462 1085 1288 933 159 925 100 399 575 1422 921 696 1003 1036 686 501 271 249 300 1365 423 953 809 691 139 534 753 1320 1528 313 608 1036 165 878 1310 1473 1480 387 1567 473 1217 142 383 546 1505 1304 306 1660 1024 622 1228 1043 108 1674 1432 1316 925 849 617 112 157 744 252 1035 695 874 1016 1636 947 424 701 479 1474 1188 1655 611 1615 1255 759 1264
1081 1519 669 606 1249 176 487 633 1281 87 1327 701 1299 1354 75 1608 162 142 1011 234 88 934 1252 322 185 962 747 898 311 585 1364 1100 307 123 152 555 308 586 456 276 798 546 1514 1300 420 1099 278 1156 1630 1242 330 1382 86 487 580 246 1255 689 1582 1085 817 773 832 1367 1555 1255 667 318 1258 956 1140 432 575 1340 166 532 352 573 1492 191 773 582 1629 1157 1181
1215 1076 535 752 634 880 76 1119 192 824 821 140 769 602 776 757 973 1587 148 548 178 1373 103 314 818 1221 755 850 1173 950 646 1487 214 665 181 107 992 1057 1192 1673 774 469 189 889 976 1217 1588 153 183 826 1624 676 1375 1574 648 513 1397 513 332 1436 1362 1364 1197 401 218 226 1629 178 408 1029 456 657 1197 1697 90 1239 855 1462 902 1489 655 99 727 1384 1314
87 1140 364 250 403 1343 1536 1353 1110 1017 1273 555 1660 840 1405 1312 513 85 354 587 1088 147 1172 1687 1386 538 1415 1053 1673 335 1048 1649 144 814 565 803 874 168 624 1429 266 498 433 560 1369 638 244 1168 1661 1078 1360 1633 545 1508 689 1570 356 651 834 1677 830 104 732 850 1628 950 1022 1597 1597 1388 1607 616 602 1340 91 312 1526 924 592 1083 1641 1437 1556 1691 623
471 1598 311 319 181 1632 161 402 1364 934 875 330 1163 1145 1177 1490 1617 1334 1283 1279 1055 330 1378 579 1639 1027 608 1391 909 1586 792 380 786 836 1208 1060 999 310 523 686 891 1430 650 997 1185 1036 168 493 1067 1276 1281 1072 238 589 585 968 1136 1044 1152 1610 1285 1450 303 493 613 995 1262 198 1237 877 702 332 838 1578 955 1469 1308 742 831 1203 1479 111 1651 1338 1528
1147 102 226 1517 1196 1239 539 766 655 264 731 526 839 959 1197 1515 175 424 1538 1474 1350 873 682 1645 856 1130 863 185 1577 549 976 1154 153 323 1210 179 1467 1102 778 1672 1323 719 409 1139 1672 1018 314 1679 926 1197 1592 292 593 157 1638 1236 1623 519 708 1377 99 1253 126 503 157 758 1424 938 1123 1053 983 1248 1671 825 1347 143 1118 750 1430 1396 315 1275 1626 1352 1402
122 280 573 1010 235 1513 694 946 592 1515 1227 1430 477 1176 1572 343 148 1058 267 903 1082 1643 1500 973 1176 1220 890 1555 1284 977 747 705 530 323 857 941 333 183 1375 959 667 807 1682 1676 926 168 198 663 783 1559 1395 841 656 421 314 832 284 866 357 691 79 1340 99 1088 1668 1094 1180 1653 1020 1321 1066 709 392 1294 489 174 1628 460 1349 1122 838 1176 891 1180 796
794 926 1206 1329 575 107 1279 1412 394 478 1305 492 1682 1491 668 880 470 1461 792 689 245 92 1643 1223 539 1595 337 1385 882 319 972 976 670 304 550 973 167 861 1338 1329 549 623 1171 1002 645 1412 1681 425 1018 1031 787 634 1514 1122 517 1466 1398 1252 804 905 1415 1064 401 970 761 352 1347 1145 562 343 1654 1070 1532 650 79 311 603 1418 1220 619 411 218 1335 1602 1455
1213 669 1006 310 531 148 776 903 176 197 1004 581 1235 765 890 218 990 735 248 1127 1162 1450 1246 383 1513 1545 651 821 986 876 154 781 1674 139 719 318 277 1357 1415 353 1346 1186 1305 1111 492 295 663 472 1055 1341 410 1258 1023 1608 1668 1391 476 1306 159 405 897 542 939 1154 370 1512 1041 447 934 470 1542 238 79 1324 773 1093 447 562 1445 1683 92 547 141 1462 1215
1055 1152 1240 913 140 268 1459 959 748 1121 443 620 1392 1673 1041 464 1262 100 201 741 1633 1426 147 649 287 1033 710 1626 1601 1145 1111 984 1650 1423 270 354 1637 1368 1074 448 1484 909 727 966 1372 390 208 1469 1601 1303 985 847 708 986 398 541 732 712 256 848 587 830 310 356 1122 877 1256 1488 884 1479 182 754 394 886 440 1698 326 312 1527 662 562 1139 1019 104 1397
737 548 201 517 366 713 1514 949 1353 1518 587 1375 1549 1546 741 627 1296 1185 196 928 381 300 1589 1377 1449 409 1024 208 1015 128 1299 1156 1675 1657 934 1694 250 160 973 1038 578 658 1641 928 656 1364 1183 1189 1221 687 694 1070 137 639 121 776 702 998 1278 1443 634 124 1552 1542 348 767 1418 1592 257 1036 249 1234 1263 755 704 397 391 1590 1401 618 477 1507 650 1648 1565
