87 89 1800
512 1116 626 50 269 1458 1302 566 341 225 1630 579 1237 527 1199 1428 1640 1687 111 93 359 1199 1702 1060 50 1079 1396 1212 558 1217 667 338 1064 418 1785 1097 776 510 113 1682 1489 956 1435 681 390 1728 147 518 1625 1625 175 1065 1595 409 1019 1292 1169 1290 1696 486 1349 1508 1524 1792 1033 1239 266 1291 539 1643 309 904 891 1218 1552 1033 452 52 1694 1322 1527 398 1135 1101 107 549 699 1518 660
625 1157 1506 1611 298 230 1088 743 1658 1033 122 632 111 1128 1685 1023 161 415 1294 1368 1754 1663 588 736 1780 1127 692 222 211 220 465 1258 484 1517 1485 314 1493 1077 231 260 106 1794 844 1107 1505 1650 906 1218 805 1164 384 499 720 507 658 769 1743 1580 1355 941 1439 660 837 1284 1501 772 419 879 632 1023 1550 1431 1766 667 1476 1045 662 1439 62 689 270 311 641 291 1175 135 325 634 273
1448 356 446 161 1678 381 844 1289 351 598 1404 1203 44 165 1059 160 958 923 606 1142 1025 964 1415 1305 53 1768 1386 107 60 1731 1614 103 727 134 876 1032 1798 1601 906 1331 336 1671 292 232 702 450 121 343 476 377 539 1026 787 1247 1248 122 111 629 721 345 761 446 1212 311 945 1128 175 1464 370 779 707 95 89 311 534 1569 272 1478 1581 58 463 1422 623 1212 1582 131 1788 322 1251
731 315 1485 315 1148 475 1600 665 793 248 566 884 72 978 1184 1140 118 1564 700 1005 881 274 1699 1445 269 1227 143 1724 1447 1143 240 1127 1476 1509 811 653 330 675 387 619 1126 1050 1388 133 203 1700 1034 299 300 721 1203 504 1392 1175 489 206 1674 1403 1325 637 1189 1307 810 830 266 812 1164 669 1202 1356 1740 185 996 1224 231 1790 1227 1610 1075 1035 600 83 50 1347 1568 1764 1430 1113 378
1775 1661 476 454 644 586 590 1574 1576 678 1495 1183 674 1315 1543 1422 1612 505 583 151 1086 1621 481 1784 271 548 1318 426 1507 598 1768 304 1651 872 359 1434 1404 864 65 67 565 1288 1717 257 1305 248 251 1074 1746 1266 1778 203 1368 314 676 1001 100 1643 1072 1453 1021 966 465 1757 781 371 864 240 1711 1050 1568 509 1530 859 1524 137 537 955 572 135 475 1359 919 926 207 712 204 1555 445
1096 1602 1565 1293 1218 1529 160 487 95 310 623 1679 1045 1424 246 1488 1685 464 1732 178 295 1269 1571 1100 199 1205 709 364 676 1429 888 1008 610 865 531 1436 539 555 1382 285 1044 237 1233 955 1104 1784 185 927 1215 809 1281 158 1390 1659 1217 332 512 1389 1142 478 1732 234 1468 671 409 1301 197 1076 859 437 1136 623 145 269 835 1174 225 420 988 1270 350 1653 1107 293 1461 198 571 111 1297
1482 1397 47 345 1069 1025 1150 801 1192 1749 71 1581 611 308 149 371 1147 761 1603 639 298 1458 1500 1539 1592 1745 1258 478 1168 1031 1554 366 1683 1103 357 1144 632 562 453 1738 426 1556 1329 1479 146 807 690 1752 1065 68 124 580 1278 156 1679 625 1169 44 874 1154 958 1501 1580 1721 1697 213 1796 953 1450 980 552 864 981 1095 318 809 1054 783 657 1225 454 378 900 250 108 1449 1046 422 1551
346 213 1427 661 1280 1559 1634 927 1673 626 614 1039 691 978 252 679 1031 202 1589 481 1314 1007 304 84 1526 451 349 1124 816 1674 1775 727 1546 234 224 510 686 1691 953 1648 449 517 196 982 1518 1708 644 700 249 365 1411 621 1471 404 295 1345 295 1437 951 1400 1012 173 682 1315 1245 1628 339 1777 1207 719 318 565 270 1503 756 391 405 1259 1594 314 973 1195 1388 69 231 204 683 548 326
634 727 812 198 1263 1233 361 1020 477 571 380 429 220 1429 914 1176 1106 336 1030 1082 495 546 1031 1107 84 105 856 1106 1574 1232 535 940 463 1091 770 296 1319 912 174 376 754 1052 803 1251 1093 1772 1483 152 250 355 1702 925 1215 1422 544 1410 67 654 1760 968 359 521 967 795 1470 1566 351 245 1164 1145 1788 690 1041 165 1046 1694 528 384 1049 411 862 195 1617 436 529 904 686 710 1181
80 1621 106 1005 1070 720 1402 1691 1049 1288 644 1577 902 1785 1267 437 794 1135 797 169 875 1610 1620 1237 1004 1661 1290 1615 1374 112 1178 1441 77 1301 466 103 552 414 441 803 546 1718 578 1386 1337 890 749 659 416 1154 1511 1122 1376 510 250 1164 278 1225 273 81 1000 348 809 1771 1569 1579 1357 738 1213 1008 840 1245 931 185 446 992 514 163 1611 1693 1012 1454 1408 641 588 72 1533 1093 1631
1522 1105 134 1258 864 940 1709 1194 762 376 388 945 1548 76 65 546 915 1381 1378 439 1143 1661 382 1543 1178 844 88 1641 216 1594 1068 529 1146 866 1642 1169 485 346 676 1362 590 638 1760 1088 1070 1368 1716 1751 1653 1046 316 663 1212 1418 1605 834 1004 76 1123 1063 74 1315 1794 948 857 1171 911 811 910 655 221 688 1309 520 337 530 1194 92 1741 859 410 1009 1293 1794 1456 1228 1334 949 890
240 84 589 1015 629 1320 330 843 1149 1090 691 1782 440 1287 184 835 689 1471 1464 1771 878 1474 1714 1167 345 719 1210 1340 140 64 441 1349 757 155 622 106 708 1238 1256 432 1581 496 1108 339 985 402 585 1497 302 1535 1236 108 1297 229 357 989 278 579 1639 1788 1183 1686 1734 1399 1296 1445 1360 801 649 1611 1384 1751 128 283 1660 65 1156 1156 98 1539 807 1494 1767 1023 994 229 852 1159 175
1052 187 54 1305 1674 84 610 1568 1627 542 492 647 768 141 939 1378 782 127 1410 766 1601 1085 99 669 856 767 1024 1203 1041 726 972 1060 1004 1558 903 941 1292 1793 717 408 1064 484 1691 1358 928 190 1574 887 1008 1600 1784 1364 1427 214 242 359 1475 375 960 733 1626 253 131 196 870 1462 792 1479 1053 1211 984 65 74 902 357 873 673 539 120 1288 565 1193 695 661 1334 699 944 390 1500
419 1183 618 825 1329 1141 656 1526 816 1788 1744 716 852 1079 932 1667 958 454 138 85 698 481 185 481 843 1643 1620 778 1328 320 399 646 375 619 1084 100 441 1640 1752 1415 820 1795 1166 1048 558 1715 1399 508 96 1148 1686 1661 1796 1694 355 1739 668 1578 629 1343 259 1046 1679 342 290 435 1061 939 335 942 1571 1032 1486 323 126 1571 1447 1130 389 1762 1212 820 845 1096 1167 958 1595 1614 431
814 1428 349 158 438 151 557 1758 1499 574 1687 742 1161 1473 1465 370 736 1083 1059 698 1485 1367 982 1721 1356 1070 1631 302 519 1698 219 610 632 698 903 1794 229 280 91 1672 663 1725 1059 1256 1792 1595 727 1708 1110 703 1538 913 712 520 1195 95 193 862 1750 415 783 1241 991 1331 1669 221 1212 527 1579 669 436 1212 1512 681 679 68 1127 705 649 1660 494 1243 909 757 1297 1603 599 1143 669
1084 800 189 806 1334 780 264 750 972 1121 861 637 1434 1137 515 1081 1102 786 504 254 352 1255 674 174 1273 1596 661 863 1093 862 1310 1180 527 1667 74 685 450 1030 924 597 1508 358 276 649 1322 1691 1121 1525 1201 1499 1752 1796 229 1260 402 1138 460 1755 283 1590 153 1561 1470 605 1468 582 240 1562 623 1728 73 752 846 781 612 1605 250 1406 504 202 145 1552 958 1750 1541 941 1655 1482 56
548 1541 1425 335 1735 189 1184 740 540 1355 833 618 565 320 602 81 1249 201 1658 771 669 1056 82 1221 1320 554 818 755 1658 537 1395 1140 536 796 1608 554 90 1585 852 1401 1685 926 1089 367 807 406 1774 279 357 121 1126 700 165 469 611 370 568 297 596 635 428 1593 1549 1739 1769 1449 1045 1528 1194 926 419 1206 1504 615 1321 681 1525 1541 467 1209 244 681 879 632 44 1642 1567 1659 1048
1077 209 184 131 658 700 340 1295 1350 667 217 636 1569 1661 622 883 1663 787 659 964 1071 1513 1201 1516 1417 292 430 123 1214 1453 829 389 131 947 1333 1556 878 968 534 1178 602 1322 508 846 756 929 1700 1225 188 1685 279 350 1548 168 806 169 118 1686 836 170 57 375 1114 1373 961 1770 1617 1438 1189 805 464 479 1565 260 286 56 1573 961 557 1277 675 717 1176 1700 680 470 1180 91 57
1248 387 1526 446 677 791 127 1656 1268 864 1453 460 898 1129 391 1045 412 703 1586 355 1315 168 447 582 1531 736 1219 747 1515 136 410 506 987 116 206 1711 1523 1626 810 170 1608 1052 350 1358 1146 963 863 1130 336 565 1041 1042 270 456 764 751 519 886 1321 1433 491 245 1264 951 934 464 196 582 1432 1065 1070 719 1073 539 1325 725 172 619 459 112 406 193 870 965 594 1661 1255 1251 391
1060 1349 1231 336 1513 913 1517 400 1774 1139 1391 1163 1161 1316 352 399 467 1625 956 1084 90 1775 297 1263 1565 447 765 1525 1112 1320 1381 255 1081 1088 185 320 257 869 291 1496 1751 1020 596 1176 285 572 129 1076 611 693 1501 1072 809 1382 974 1217 650 1353 1506 882 607 242 307 755 818 134 1647 1319 289 916 501 345 1028 1003 990 163 1271 771 343 1774 645 1303 968 53 177 861 515 599 840
333 1309 478 1140 1334 82 57 874 429 1383 536 610 573 596 509 626 1576 515 1302 1653 1190 516 302 632 762 1417 1309 551 62 1453 295 155 489 968 707 790 616 88 1522 774 66 81 928 48 367 648 684 200 1277 568 584 1042 500 669 1278 536 483 1184 1566 746 332 1401 471 1151 580 1704 191 1476 1656 349 127 922 606 1391 1784 774 849 449 118 428 355 1704 881 1412 133 684 1712 1347 1052
299 281 1652 1774 715 1070 378 1568 1155 284 300 239 1733 1174 1131 540 455 970 149 407 1557 80 1397 1752 261 901 270 773 167 149 924 1111 1466 272 614 714 253 194 685 854 271 424 1226 1310 966 1723 1461 1683 1142 1616 144 1605 610 146 1684 698 1307 1449 1005 1226 486 1448 1182 378 1418 830 570 537 733 992 1793 1411 424 531 525 418 1036 369 259 1021 1346 789 1292 348 1142 152 1032 1023 764
926 1558 1792 1609 1455 1395 1406 971 951 1549 1338 1473 136 1567 1527 1168 1497 1327 514 1279 898 901 768 1638 678 1705 1067 153 1612 700 1728 546 954 824 1043 483 714 883 651 592 107 1505 357 1162 466 1287 425 1211 540 681 282 1529 1596 120 1681 1401 436 1080 65 271 686 722 1767 1578 1383 550 802 318 670 971 287 684 1769 1245 337 601 737 864 652 1593 1270 884 46 707 666 1727 319 931 1307
211 902 1107 1461 1520 392 715 155 1189 1652 1305 927 635 685 1583 1587 282 529 1092 601 601 70 117 1231 1667 1137 765 872 354 718 464 1011 211 1260 1499 1544 395 1453 1639 328 1119 1030 966 863 998 1390 1029 965 348 557 1406 118 699 357 1065 698 1467 126 352 108 590 961 1148 1122 1530 1583 787 710 451 451 789 1782 591 896 1612 408 59 1758 211 1152 1734 1685 179 534 137 754 1335 1058 1429
355 517 195 1017 1186 65 174 1563 928 1053 899 1669 999 449 1507 666 210 1125 389 1623 1733 1234 1487 1188 1400 1185 476 1021 944 1421 1789 1548 409 759 1603 1242 1000 974 701 1051 1260 1221 943 1536 1734 1427 831 1741 697 277 429 463 436 1502 521 1685 95 1030 249 1494 1056 1465 943 1501 1001 95 713 627 794 1173 295 562 136 219 225 323 758 1585 1710 1795 446 195 558 674 313 1090 942 263 929
191 1055 1704 1661 421 81 306 479 147 81 1459 1062 144 1180 491 407 849 1421 1081 1113 969 1648 881 168 743 1214 1469 246 1768 358 819 1033 908 642 576 749 1185 1733 1588 1570 1274 1543 1633 203 1311 154 82 1785 1134 1213 1489 522 542 1168 150 1232 1018 361 692 689 1582 519 1172 303 1628 1661 1430 1048 1171 609 1629 1117 1307 314 844 88 858 256 512 201 576 844 739 666 76 1617 1213 1230 614
520 236 145 1396 1749 870 275 1295 430 1231 803 1736 199 197 486 1604 950 159 638 813 365 1315 1038 443 206 948 646 896 819 1362 1152 1238 1106 1262 1713 1376 215 411 1734 1600 1049 708 1237 164 178 1671 1415 214 115 1321 461 604 822 584 1115 1722 1356 1598 1272 1237 446 738 603 452 818 1169 143 212 1209 126 71 1213 1775 489 358 1547 703 692 885 469 298 1047 367 719 1467 882 794 138 1632
948 286 391 895 439 1460 816 1151 774 547 191 589 313 474 1554 148 1100 1403 1629 162 172 397 1415 248 737 1611 314 574 1226 1300 554 1658 1162 1636 1596 160 1533 209 744 498 792 323 363 457 1591 348 1512 1638 580 385 590 651 1582 68 204 1514 1546 1250 1364 1680 463 1489 1159 711 787 432 1480 577 1255 741 1400 48 1206 194 841 1636 1523 1128 1108 594 235 160 1568 250 1582 1162 251 776 1015
792 359 1772 783 1227 149 377 520 1512 1251 1589 964 918 293 274 1754 1328 1040 1282 528 472 720 421 150 1781 1445 890 1446 1170 1316 542 1223 432 1394 1055 687 1384 714 258 323 241 782 96 578 247 71 301 949 63 164 1033 1733 704 587 1069 1432 835 62 835 369 1609 1268 704 1759 1441 56 355 407 1443 779 363 691 1220 1496 996 1744 503 853 295 1211 1482 873 1251 1697 371 813 360 306 876
568 1707 550 1491 232 1702 842 895 655 1326 1618 280 868 622 1242 68 115 880 520 1446 1501 830 711 908 341 1656 955 1416 1366 818 1685 773 777 336 350 197 442 1361 1377 811 899 974 1326 1293 1516 245 371 515 672 334 603 1591 594 1273 1669 795 322 1033 996 1660 1444 1225 960 326 540 432 990 1775 1607 1573 606 910 677 1277 370 1711 96 1735 1012 828 739 913 1367 461 870 1258 786 1015 601
549 1522 908 743 280 308 418 1403 1398 1266 98 562 1122 598 90 939 691 53 55 874 479 1214 983 1196 1139 889 1465 637 967 429 617 265 585 1428 750 1705 1732 1318 1102 1332 869 1418 1715 748 324 1278 1210 668 1520 1015 1473 952 431 1320 627 467 500 1716 1497 1728 1627 616 361 98 733 1197 1390 1362 457 60 632 967 824 1659 262 1608 46 221 1663 1178 1276 1331 591 1443 819 793 1747 284 725
1091 849 1543 1356 1754 1449 1797 1065 648 523 1250 529 1293 585 1375 983 271 295 1674 1565 1792 1189 1670 835 663 1198 1423 1283 266 871 1681 1630 727 186 1009 438 491 257 1088 1498 554 998 521 1790 254 1225 1798 1258 1271 979 607 1291 974 952 792 1550 404 1056 1099 1233 127 876 1479 1118 406 53 282 198 1676 1758 1155 674 1024 274 930 1607 234 1503 149 426 1474 92 815 192 664 947 500 1594 1140
833 1669 633 663 1424 438 1091 1005 244 507 1247 1757 188 334 1717 1363 329 1355 639 1400 812 1165 1753 1037 76 420 278 141 343 1418 890 1526 1429 676 347 1428 1642 871 901 1472 1560 1566 1087 453 286 1047 1202 212 1125 1522 1220 301 114 92 1315 581 723 434 451 1468 1147 1715 1454 681 251 802 1788 1243 1445 877 1507 1709 1800 183 654 1535 1325 91 823 1317 1524 1795 1452 1544 326 271 311 64 90
465 654 209 1657 1107 1632 1700 988 1077 869 1076 847 246 1465 461 1528 608 1292 517 142 738 1485 91 1248 994 479 211 905 1319 1543 1519 1248 1743 116 963 619 373 1517 476 1790 252 1089 670 1287 812 1425 313 1047 1685 113 1313 903 147 1694 1060 1663 335 100 1197 1263 1029 1261 1044 115 88 231 1343 247 1352 272 395 203 109 1570 160 640 336 1393 1280 684 1485 400 1488 701 1177 288 564 498 124
910 1632 1257 992 200 474 1285 1732 1677 474 1296 398 76 1154 51 251 1351 70 742 1501 1710 1107 505 336 1350 606 1217 222 1372 1168 640 1306 396 1429 1676 1124 211 203 932 1590 899 1389 326 203 1539 1789 255 1556 516 823 848 1799 317 734 459 678 809 1160 1555 1628 596 1751 1196 397 600 890 1506 986 1722 1230 1018 346 1151 131 1373 999 1747 1021 1377 473 677 985 1289 125 274 441 374 1298 1671
757 1259 249 488 529 1300 319 1092 1485 1302 710 1001 1358 365 800 1595 1147 127 1056 1784 1692 979 1612 1609 1271 1717 1219 971 1461 1089 360 349 1546 322 1283 1173 1309 315 832 1218 288 303 220 1684 1242 67 482 1660 137 389 1458 1308 1197 1636 1151 1736 1027 960 823 375 848 293 1653 1189 1424 443 1705 1356 1473 1777 1070 238 676 1709 500 364 733 464 652 1326 712 985 203 1095 277 1163 1670 1792 766
1317 1647 596 267 346 1800 929 438 1234 531 856 1604 664 521 215 791 374 568 371 777 1638 1450 346 620 1327 352 495 624 140 199 383 1249 745 285 1684 435 1095 167 90 925 1768 862 459 498 1402 929 1227 1271 1511 1136 1505 389 179 1616 152 1517 1765 897 608 385 154 805 1450 1521 1163 1423 656 1550 1492 771 868 340 1420 954 799 928 488 876 1512 552 227 316 389 806 1203 385 1456 660 1332
478 480 418 913 243 1678 1509 925 259 916 610 1150 316 736 43 641 1734 110 79 1334 77 350 193 375 940 1791 699 922 1352 1231 140 1265 63 268 920 744 409 1675 1673 1082 1208 930 988 542 789 1584 803 327 1184 1598 1015 202 990 944 45 1465 215 266 1595 701 1235 1641 1021 995 412 609 647 876 1446 209 470 731 318 1401 1730 1293 1502 432 1388 1184 1718 306 718 1393 1790 999 833 1697 65
910 1331 1155 1599 1741 897 254 1587 720 718 1157 192 1730 1676 196 1732 489 1223 123 1144 763 324 357 413 892 153 932 516 1163 306 347 941 361 1724 387 502 1631 635 486 560 931 180 46 1159 1671 1015 1712 595 980 562 1794 660 1049 327 563 43 1606 742 981 976 100 748 505 348 1504 901 533 1630 57 1001 1678 1762 784 442 670 1547 169 792 581 141 1359 815 400 713 948 211 1593 1419 1034
1346 213 304 1522 685 89 220 815 969 1075 1011 960 268 1521 133 1424 207 617 812 650 682 72 1152 589 1612 1587 706 1015 593 653 1772 1123 162 1187 1403 1536 936 1321 1307 379 1470 1522 302 1022 1251 1523 1590 962 51 388 1791 1674 744 380 49 1488 1283 973 543 1092 1210 1795 514 787 491 1561 1133 666 1585 1101 1122 1496 159 1753 1655 1483 755 121 1294 871 1357 216 1274 1085 453 1511 855 462 380
1577 479 935 1211 233 1492 540 186 144 367 1108 1347 293 1264 668 1019 897 1671 619 1251 344 247 1343 207 221 1192 1285 793 1033 990 1778 552 1518 634 711 624 1537 333 744 1080 754 969 195 1721 202 1369 788 827 354 1109 485 1592 1026 371 516 668 1036 948 443 892 1599 1669 902 249 697 1625 1628 1134 1177 120 485 826 698 514 1574 1222 821 1496 934 974 632 1569 174 533 668 1128 670 1504 1275
1708 654 1393 540 672 1302 140 1636 1544 1785 322 339 212 1574 279 1165 592 1147 1005 1317 1641 808 1553 505 513 1578 1224 1383 652 267 1162 703 1335 1538 590 763 1335 1018 867 975 1226 1450 1777 651 1031 1518 1533 983 899 1618 1633 812 958 937 585 875 537 455 460 167 1650 1279 455 579 92 241 682 487 1022 327 1000 367 248 1439 1612 1797 1664 208 457 473 1485 972 1670 630 929 1207 846 772 445
781 1047 1781 224 736 513 287 352 714 110 1114 1039 1112 834 855 930 1711 334 1020 501 118 560 1597 1140 1607 1333 1272 926 856 1279 720 1437 397 1197 102 1058 300 1169 1486 1326 431 873 1752 1504 951 1622 1464 819 384 110 649 998 830 1027 292 911 709 1234 309 401 1709 1434 1267 287 1214 631 634 1739 1337 471 296 478 1276 1068 52 425 1418 434 1733 1331 767 1104 1207 1272 993 1507 1165 1562 1492
125 254 1481 1573 1671 945 172 132 1224 1659 918 560 792 1024 897 1048 1227 649 1021 1051 1202 1574 865 1796 1131 1126 360 1007 841 551 1476 199 1297 689 1442 1476 69 1681 1108 1779 106 1414 404 292 42 470 677 897 201 1003 324 46 1115 655 291 563 1687 156 60 745 1114 236 284 1782 1005 277 377 381 530 1429 1136 727 989 1197 826 966 946 1676 299 270 230 1708 449 937 1600 623 1567 944 1603
290 1480 700 1405 1705 1738 1078 480 1770 911 579 723 605 1001 1165 323 796 144 1262 532 1771 1303 1208 793 1530 1086 669 1070 1149 809 1613 578 1154 1777 1171 1182 1471 605 856 98 469 1451 1224 859 927 1582 1396 1341 231 1182 520 278 334 346 839 1318 944 347 156 1598 204 973 1547 590 1143 1794 1282 1350 714 267 566 761 246 820 1444 1492 1058 675 1526 1021 1219 1562 642 277 1414 1487 1083 1154 187
302 1232 318 1637 604 221 998 802 567 1708 1049 585 1456 1428 896 1212 1456 645 1122 468 1233 891 124 738 472 1075 1450 875 1146 554 57 1782 1221 1024 751 1461 1786 349 592 431 1586 1299 1509 797 144 229 955 1766 189 565 1752 500 1449 1573 1719 308 1058 1199 68 662 1245 757 1707 982 155 601 992 789 1072 500 814 373 1751 1583 1417 1667 973 163 1448 61 202 1607 1571 1548 379 1513 1620 77 1640
190 1525 1569 217 176 1545 601 1143 827 596 564 165 232 635 94 1430 1138 573 1440 1295 771 904 1039 481 1085 1152 464 622 127 829 585 1614 1652 1149 69 381 534 1187 1453 1000 107 373 576 655 90 701 85 1295 1220 1015 90 243 1461 507 898 1578 1379 1403 956 363 1483 1249 659 674 483 514 128 423 1170 405 738 502 789 203 1422 985 1120 1431 246 846 1259 1600 300 1330 234 378 862 343 655
51 164 1330 1209 1328 494 1498 1774 1670 265 1794 650 1140 1459 236 1007 1082 791 116 80 773 723 1639 1605 1667 576 1550 864 270 789 609 530 1358 821 840 1343 1536 332 1788 639 119 1221 551 290 1099 1596 740 445 1600 204 1529 622 739 1704 1038 783 401 1501 1300 1716 1612 1072 113 1783 494 356 240 123 503 800 812 1407 1119 682 156 142 792 295 609 481 1177 1156 288 991 92 112 1632 137 346
747 1343 382 474 101 59 973 634 812 760 1563 782 528 822 536 986 801 1072 1250 1767 608 1124 1651 977 184 1397 419 1662 1065 404 169 1646 1577 1695 1353 368 949 198 1631 302 1523 1121 258 207 436 851 1449 1158 188 616 1003 76 211 643 911 1379 197 175 1028 1654 159 1321 193 633 1320 637 827 1066 1173 229 1661 116 670 1048 438 388 709 1502 1598 668 1288 138 171 475 57 213 1551 358 1048
1389 1145 200 1537 639 1563 657 1137 1319 631 1130 1600 1424 1439 1664 904 1273 1066 1732 800 1571 619 1277 1733 1360 1780 1098 1628 1326 746 1502 1786 1245 1350 1496 451 1456 1563 767 1039 520 1329 658 221 1490 356 615 1330 653 828 412 551 1427 822 444 884 613 910 1123 1525 1279 244 1209 1431 1740 332 91 842 773 1275 981 1354 1787 327 1420 1179 193 128 642 739 806 1297 1168 337 753 448 1381 1304 506
315 1400 1521 693 1733 1144 444 1235 1284 365 1135 817 1717 673 1747 394 309 322 219 136 1777 1257 775 355 885 988 1414 171 899 1382 1376 1774 711 165 264 1758 781 915 384 856 863 1342 922 745 817 187 1713 144 1291 1078 650 848 205 550 1785 47 895 931 300 1378 144 958 581 1516 430 842 1578 221 1686 1244 1022 1612 230 695 1308 1279 446 980 1697 80 1535 429 899 545 802 1731 429 1640 1223
1195 440 1242 1074 1736 475 720 1040 234 249 283 378 940 691 1366 413 658 273 73 650 698 994 1520 295 1778 1684 280 591 1601 1496 1497 998 628 1525 1716 115 549 827 1380 1725 968 1023 1460 739 909 1067 256 1667 353 1606 1131 1127 489 973 737 58 1416 1086 1404 1661 1796 1302 1138 1114 1021 258 1189 521 961 1725 1367 1534 1298 1371 687 820 919 1404 1675 596 1705 1329 599 1651 82 1075 570 438 1459
1238 583 132 566 1408 64 1552 426 1260 743 204 1254 1472 46 991 516 1545 125 713 443 1423 249 210 1771 1127 1613 1158 318 711 1695 769 281 1145 691 847 506 1303 192 1174 1305 401 147 878 1316 1080 181 632 1351 1696 1602 446 1191 1158 261 1481 1045 829 1209 1399 129 736 174 249 1303 348 407 776 683 591 152 814 911 831 1370 1307 243 1388 903 219 1031 608 1770 1107 1202 618 1230 605 425 1776
1649 401 537 1486 1722 332 835 1659 1100 1465 503 807 849 1310 1544 1595 1062 685 1131 817 1713 996 852 1117 1588 1184 1390 1396 804 1164 1221 1205 225 770 799 98 1386 578 1009 123 1213 246 482 577 676 976 637 1003 814 387 376 1131 1505 205 1250 536 353 859 1243 765 516 350 507 1381 88 1529 1141 1695 639 267 708 1234 1245 1275 351 1238 301 1503 1308 1760 1044 1581 274 1039 670 1700 820 1358 1036
740 98 118 1782 839 551 321 51 860 367 822 55 1079 489 963 1650 978 810 1072 765 296 191 709 227 731 1067 203 1237 60 959 553 306 1227 163 1658 627 1799 1639 91 1127 887 296 644 1362 1389 830 1578 300 358 1425 580 1231 535 729 989 792 1615 592 1774 1602 623 1079 411 897 1532 1099 527 1112 1629 1580 754 1258 788 1184 1270 1384 211 221 462 296 1331 830 93 601 477 374 223 1467 1549
1172 1554 1167 578 1778 587 857 1784 1292 1752 640 837 983 1641 98 1781 1515 247 1466 1556 1080 174 397 1112 530 402 195 1270 502 83 931 1157 1462 1224 341 353 1526 635 927 1411 584 1255 1277 1067 867 223 484 1014 1380 856 1712 1143 1099 780 441 224 754 1494 438 900 1282 872 1680 1489 596 1661 1171 871 612 498 532 1395 712 205 1315 307 410 905 1199 557 715 1568 1474 460 139 1611 77 1371 942
934 1001 733 1391 402 1525 1774 1070 686 314 1163 225 1779 1444 402 1212 232 1318 1543 956 180 1328 1293 1059 191 1600 85 1349 1265 664 1289 1504 267 1583 1509 691 1026 333 396 585 590 71 611 837 705 952 1390 486 1525 1096 733 106 985 397 1012 1408 1248 83 1235 767 1123 346 652 1082 1355 351 1296 576 1480 1443 318 62 119 868 1490 1080 927 1081 361 1422 731 1469 1225 165 737 1406 1449 744 446
1541 207 109 1197 1372 1688 411 1391 773 1053 1724 889 1603 923 1680 728 1255 1788 1752 576 1275 1269 1479 722 1378 954 186 271 1255 1249 636 984 702 687 1012 274 381 1284 708 280 147 476 581 1796 1381 749 775 185 789 481 1666 1345 788 825 356 1315 772 602 405 321 312 748 394 1741 1460 1092 246 1049 509 904 1277 1759 1706 742 398 1225 807 1790 341 237 1155 1684 190 1166 1221 461 1113 398 1238
859 834 742 373 1692 788 1423 412 194 1387 207 553 1169 1268 259 1243 1768 340 883 209 554 194 844 1673 93 612 1242 324 767 114 1106 1220 867 1261 1435 938 1264 675 465 1215 1269 1530 99 241 247 311 1075 1120 450 959 476 1631 1011 1260 1015 1402 1800 723 1697 583 367 745 983 1436 410 1532 787 681 1569 1153 255 230 569 1063 726 1162 1513 130 1176 1536 440 1111 101 382 1790 165 1001 549 1719
1257 511 1272 213 329 426 1219 1384 1127 747 482 501 914 252 1367 464 922 579 1539 1593 680 240 322 120 1184 1656 517 1313 1533 736 184 540 1453 343 348 415 187 930 416 1399 74 627 1662 1795 1237 1010 118 940 552 1708 822 1200 496 1432 1100 1746 215 252 135 820 556 1249 1404 428 1105 732 363 1653 1341 1424 1006 321 1203 1396 714 679 1141 518 648 580 583 644 1150 1470 350 715 833 403 43
326 518 1342 1698 516 1526 531 411 478 798 1373 163 667 1331 762 1356 1532 481 473 1598 745 1728 1488 1418 1342 1101 1576 860 910 1493 321 1790 305 1289 334 332 492 142 1618 614 1799 1576 473 1027 1395 744 559 1151 1172 591 283 1318 1238 744 1341 989 133 1312 626 1365 518 933 1098 588 132 1734 311 1735 1057 98 1443 1606 272 1798 278 486 407 866 1416 148 842 1260 909 474 740 239 1340 1148 628
1738 403 1543 402 1032 293 767 1551 1587 1336 1118 448 1241 359 804 1287 516 288 1484 729 1303 265 1683 1457 757 1041 1476 213 1512 645 152 82 1655 865 1058 1745 386 1730 1790 153 44 381 1059 594 416 1754 186 709 112 289 265 1701 416 1564 1347 952 1799 1698 1306 1570 961 1310 181 1272 784 642 1671 282 1130 939 159 1344 1730 752 610 1146 606 1560 376 1337 1652 633 588 872 1089 71 555 1800 1784
1440 942 300 631 465 306 1600 902 544 348 1146 1133 978 302 1641 821 1397 282 317 1302 501 651 1718 1370 1468 292 1389 814 1730 989 958 313 380 1207 1488 199 1650 1277 125 859 687 298 1487 881 1112 1294 976 1707 77 578 931 1100 780 839 791 98 1606 1071 1582 338 1661 239 1190 311 815 1015 1546 1473 1090 732 447 1074 975 1207 818 400 1737 1493 160 577 740 1703 1489 870 945 542 275 724 1557
311 879 433 119 312 1009 1633 825 1370 578 236 1416 236 650 650 618 701 730 1066 1355 1422 1174 460 876 967 955 1365 1169 1527 1157 1448 986 175 1419 1607 1374 884 443 425 678 387 1048 1575 976 637 1739 259 1641 1039 1660 764 1071 256 1114 46 645 658 514 826 365 207 1441 1408 1253 625 527 104 770 137 690 457 1698 1155 1734 1036 1495 943 965 1652 1712 175 1339 1268 381 1238 980 372 637 664
54 259 679 1069 644 817 1752 1757 1267 347 1671 321 307 522 855 848 609 935 413 1693 113 1114 1461 693 494 84 119 840 553 1015 251 1205 414 1677 119 1339 1066 1458 54 343 1252 1225 763 1701 149 1617 960 1122 891 99 308 955 1508 1283 1166 238 1296 509 1123 238 1757 1507 1560 737 1773 1699 69 1679 269 282 1682 810 321 383 1772 1580 331 1175 1734 1234 841 607 740 717 1318 1091 551 454 1737
936 1707 1018 1635 556 1792 1564 621 977 1147 1403 207 593 417 891 1017 1113 1746 1674 1364 1080 301 142 451 906 500 640 397 1673 1380 1703 270 1399 1170 386 1278 975 1624 74 307 1026 1440 863 488 231 874 556 587 681 1113 101 138 145 750 944 1791 1081 1122 1138 1749 1090 1347 46 451 56 1701 888 411 601 1526 1783 1127 993 1291 1456 477 997 81 1379 741 1654 165 1295 967 1775 1199 531 991 1590
1125 438 1097 241 1310 178 391 78 1696 56 905 1233 636 1012 958 1032 276 836 71 1618 622 1264 137 917 817 183 1669 396 1316 1695 1677 525 1773 1040 612 956 1574 879 1054 1634 46 1251 527 1106 420 1208 876 1670 224 91 49 1266 378 352 778 166 1329 1383 937 302 561 528 1396 357 679 228 1091 873 475 1261 206 771 1415 1698 1438 1148 234 1170 804 431 1561 1351 1723 682 1025 1515 978 692 1443
1271 1519 1448 1356 1761 547 1189 1715 827 211 1588 1418 920 1491 160 273 445 1061 483 639 1646 985 1124 1695 121 1030 1683 172 435 780 928 1539 1418 153 225 1132 690 1117 615 1099 1573 1452 989 712 1686 1210 1375 1502 806 724 1418 717 1126 1632 1526 780 1741 1331 1257 984 309 547 804 597 1265 509 991 769 1102 1404 1242 674 976 386 1562 364 1087 905 454 1692 1520 386 448 1391 683 1520 425 102 1407
1101 1477 162 1297 1102 133 1463 952 104 1027 942 1013 167 1061 1023 1469 1420 327 1539 1139 191 350 1303 1589 1176 278 206 258 1152 1272 1791 634 475 218 1231 1012 850 1490 1087 879 1140 1428 504 1509 1269 50 694 1255 1050 654 211 963 267 380 170 1691 461 538 1326 128 1352 1349 954 853 610 1074 479 1555 1538 1425 1554 733 302 997 979 297 877 1095 1122 846 945 453 155 1140 403 869 1361 663 150
1306 266 413 519 213 81 880 807 908 1793 867 1717 1155 1788 752 82 1082 949 1183 1386 423 725 1018 918 1591 1710 341 1601 753 923 1125 1416 219 1411 1081 1035 183 405 1203 122 685 1187 1372 543 998 1211 314 335 1375 1666 931 1012 1173 1157 707 1660 1741 1350 108 1026 122 1655 481 60 1124 636 1458 958 579 631 473 1026 57 1642 1336 1639 1793 867 1107 962 597 172 1280 46 1094 1688 1159 392 632
1390 71 1729 1194 453 552 1696 154 294 78 75 460 1083 1754 618 244 660 1121 301 105 396 442 984 451 1598 1080 510 697 184 1001 488 974 1056 195 1800 793 969 684 1779 919 631 1723 1375 1157 195 1630 1025 1643 316 1565 1569 52 1204 824 1716 56 320 637 739 866 283 1028 581 1627 1758 1561 1551 759 951 1264 306 1566 702 1737 786 858 268 608 1394 1721 1355 1598 1027 847 267 1159 711 100 563
1374 653 1243 213 1462 819 916 58 455 633 1198 1531 1332 688 1318 1747 586 1094 660 95 730 1260 1273 1429 1260 1755 952 967 127 698 1226 583 408 1757 1353 314 1665 761 1470 1101 1655 1406 828 1310 1600 330 967 1282 832 278 762 1708 1070 1184 268 377 1420 1388 1594 1276 966 155 368 817 613 1380 457 300 1406 211 110 685 1139 1417 501 1002 799 1175 1259 275 1508 1414 122 1236 479 1625 1656 1489 53
269 1632 155 289 975 1307 861 1189 193 726 240 1643 1408 1620 167 1763 435 1582 205 1727 1408 849 1244 225 377 607 437 1241 1676 387 815 1381 473 1423 1700 538 169 106 881 551 455 1184 698 712 931 684 205 1444 937 1170 1119 1048 380 1370 735 984 1168 159 933 774 819 790 106 678 876 1203 451 899 1044 309 836 1743 1370 107 1472 876 1799 94 760 973 100 884 44 1251 716 1241 994 1723 1076
1535 1328 419 337 604 412 1223 959 1094 866 1113 901 1751 1742 1747 211 1559 462 309 391 693 458 986 692 468 1790 1576 1424 1715 53 226 1510 48 580 803 1127 261 1455 376 1013 463 95 837 455 72 404 1541 622 1184 1344 965 651 253 1237 207 178 1306 1261 197 777 974 377 1788 683 466 537 1346 1736 1272 987 617 809 1443 1056 629 179 147 941 1314 1293 910 479 75 370 1630 328 722 1616 1639
1237 829 1590 1794 848 370 784 894 1009 1098 1737 950 1484 1245 1562 1407 137 327 1078 117 1641 1104 881 296 1268 554 1391 602 1152 312 371 1346 356 561 668 220 288 961 317 934 57 929 1091 1059 1551 428 941 349 1109 1448 543 1104 587 935 759 1523 1561 451 671 1548 527 267 1059 1314 1760 1187 482 1039 679 237 1269 215 1367 848 1419 926 364 672 1085 48 1210 1766 1484 1649 928 1660 999 888 1461
1245 342 990 1112 1575 457 551 1424 1245 1643 693 571 1610 676 494 192 785 1215 1443 1530 960 1078 895 1548 1365 946 101 473 604 1013 335 1570 1313 1170 1310 1209 1701 1080 1467 948 1096 1148 1343 1674 328 184 1509 1217 1074 630 1069 1073 1244 465 772 847 103 516 1162 973 215 1656 567 452 560 301 554 1304 202 1264 934 820 96 389 807 1632 1395 1756 143 1178 1336 207 1583 1694 1321 1013 959 577 1761
411 65 458 391 872 264 195 77 1181 1359 1185 634 296 1122 1734 55 1435 1502 126 1365 931 1171 829 475 1021 1207 1391 1471 1289 861 804 126 750 1131 407 879 438 384 849 97 1249 266 576 1121 1442 1551 880 165 60 519 924 1418 1230 461 1418 684 1513 1342 346 58 958 253 1602 1554 917 480 1458 781 980 1765 1204 770 1215 799 117 1394 765 496 1073 1783 1508 528 554 1458 730 1430 1669 1194 656
463 1416 1059 1413 1676 1007 157 51 441 179 1293 418 342 1672 896 1198 1657 874 1663 697 1390 352 1546 1350 1124 609 1727 1485 199 1291 1010 841 1002 1627 918 1341 1786 1703 1493 218 902 1575 1208 155 89 772 1441 1075 75 1457 226 471 1004 139 1139 971 734 1497 62 736 438 1616 176 697 1055 682 911 1792 497 1455 1613 359 932 677 292 304 856 890 406 621 913 1046 1625 1052 1266 449 893 383 965
1658 544 194 426 324 415 1637 918 467 689 1251 1753 1405 1128 928 672 1726 1669 801 1598 273 208 1271 48 1352 333 1473 471 1796 1697 624 1621 1714 70 906 1694 867 830 333 1473 1047 731 424 1079 1439 1056 1154 222 603 790 288 660 1038 1423 64 834 647 1219 1721 799 408 694 241 1192 958 166 867 1650 653 445 878 1514 1008 871 1604 915 669 575 168 1737 646 1597 1242 910 524 395 1117 1162 1005
207 1753 1435 1311 1343 562 1495 376 936 1414 956 326 1714 91 1545 778 155 1147 67 957 395 371 1419 1469 989 837 949 1208 274 1125 1123 916 733 88 806 317 1115 1056 149 1236 1205 688 1425 48 1594 107 754 1063 501 1000 105 1777 1144 550 1189 375 354 224 1506 650 1245 1613 763 1692 171 490 108 1546 770 1584 1616 1371 281 1584 1090 825 1599 1061 1025 1241 1281 692 1214 1203 341 515 1652 220 1556
1508 945 1055 1512 1325 429 284 1014 1132 906 49 1620 147 255 1141 1320 775 259 645 769 1085 1312 1257 1078 847 1212 52 65 465 832 774 890 1346 1519 342 317 316 1544 1735 473 305 1276 162 1234 1536 1415 990 439 1447 247 243 309 1235 867 1339 225 648 45 1398 1044 1134 1492 1249 1182 1643 1210 303 829 1771 212 479 100 1112 157 180 1252 1160 976 1640 487 71 1615 849 710 80 658 526 1148 375
1061 657 1532 1256 785 509 1444 1739 1403 343 1493 617 1627 1287 803 1500 518 1778 58 584 1027 237 790 1104 1292 534 1746 1214 826 1168 1479 137 311 487 1458 94 459 1500 533 167 477 856 1655 1107 880 567 1088 1490 1061 1218 107 148 1217 1382 1006 817 726 893 83 1102 1468 764 1578 1628 906 1796 1652 189 1583 1690 181 1341 560 342 575 707 680 427 921 933 371 1662 745 1215 1006 678 787 1709 617
1481 1095 1381 731 1390 526 605 418 1206 1100 461 394 1362 204 1204 1555 47 1440 1566 1646 519 1381 1409 919 225 1235 265 1567 1333 607 831 1544 1083 1140 564 1213 274 1402 811 456 477 467 1490 462 592 123 1434 78 591 1446 950 833 1555 1637 1299 419 1552 617 711 365 1560 933 338 454 887 1133 1068 826 344 1222 685 603 109 191 97 1306 1784 81 654 928 557 1223 1300 1649 523 703 1205 1108 1221
1361 1081 440 1267 952 598 572 1654 151 1206 809 949 998 1234 1597 1446 1752 667 984 592 1194 833 1608 781 1665 1296 136 746 955 1069 953 723 1564 1561 1414 298 1314 1172 1346 782 560 170 1575 1717 954 1188 1663 567 1763 312 395 272 270 884 773 208 211 151 1225 62 1098 1780 1320 1270 508 1601 184 1661 897 1451 1127 518 494 567 610 1091 1793 228 523 444 273 823 876 1480 1632 184 963 529 474
986 721 398 1444 1179 431 422 130 1046 141 778 1310 1286 884 238 1521 265 975 1456 1675 746 1442 257 620 1361 63 1292 658 185 1088 1048 710 1547 782 447 1023 1080 1665 877 1798 1394 1462 530 1615 992 1469 793 1466 1529 1533 836 504 468 1513 948 296 981 183 92 238 1186 428 159 73 1727 1129 593 472 245 125 1681 1232 1654 125 561 864 710 100 1285 956 125 468 221 1405 1439 738 301 1697 402
1516 1716 716 923 535 1534 661 1320 657 526 1397 1271 78 620 1249 1223 1346 1722 1326 411 910 1027 1660 998 1049 879 1583 1676 126 1235 1373 94 1271 1003 1157 478 1089 413 1463 1635 1732 1482 1243 1452 1521 1598 1413 1791 869 1140 1747 1794 736 605 1011 1329 1079 502 974 1266 422 625 921 573 125 247 475 1390 872 1321 611 998 623 487 1310 1425 1452 371 1350 1290 1769 1005 1205 970 449 1452 372 590 74
721 624 130 1764 1755 734 1334 180 414 1432 1516 448 982 935 516 1707 264 1126 1657 123 82 316 1064 44 564 1019 1053 1433 858 386 890 243 77 1284 1038 1780 1228 1468 1425 1245 1278 385 1562 1391 1257 1526 1688 1016 1571 1682 683 695 1343 1634 1725 1560 1738 1228 1468 1298 1742 980 233 721 1056 812 192 229 786 815 773 1035 1141 1057 1430 860 358 123 637 300 1585 1566 528 791 627 881 1394 1301 1598
