93 95 1900
1145 1633 76 408 270 1351 1772 403 1644 1125 1540 614 1045 91 1344 1525 650 605 1137 1302 1389 161 717 1723 1450 278 1023 1571 1470 1501 806 932 279 825 321 1397 1475 1502 1165 950 273 847 1101 1358 1455 674 1623 437 1463 1297 829 1725 307 1534 706 599 1205 502 975 1577 1126 1565 1369 572 1181 1032 1531 1174 1819 1137 177 1667 649 1235 412 1892 247 761 233 742 577 896 853 1830 185 1417 1178 761 1211 335 1601 249 294 1416 632
482 661 1770 1669 147 84 1642 1192 534 1065 1044 1370 220 1576 355 1451 1484 649 1682 82 283 1753 691 317 75 1720 66 1416 1827 1189 757 1749 1455 1475 1746 1554 770 1197 111 1066 1869 1260 1284 1359 74 1002 698 1153 1298 848 1853 1282 667 829 442 397 312 1738 1833 983 1757 86 1339 1721 593 233 1706 772 1601 1490 186 1155 1799 761 909 436 887 1668 773 1776 1283 1159 1639 1081 205 1629 1340 1447 1582 1316 186 1068 1619 436 1218
1861 933 1737 1586 1584 589 161 1001 158 1171 1139 313 296 858 1180 1612 635 695 551 464 1216 1661 988 578 1247 1153 74 739 1426 944 968 1124 1015 1632 960 1516 1735 1005 86 1492 1682 1637 1720 708 779 444 419 1177 1387 626 1058 413 564 1035 1890 1490 640 1190 108 302 1794 88 216 1371 904 1222 1878 411 206 1415 1074 179 1557 1379 1217 844 305 1742 70 291 1349 1762 414 1512 459 275 563 247 467 798 432 189 490 1043 798
1044 782 1105 1106 1471 680 1806 1710 505 734 1233 380 505 1587 1113 813 1423 88 693 1892 1544 186 900 196 1007 356 1730 1286 280 534 69 1047 1686 935 1462 576 1560 297 1362 165 1811 1387 407 1813 74 174 647 1070 1502 1265 565 557 547 1893 762 1315 543 119 834 669 1274 1464 994 103 954 620 408 1200 609 1305 688 1162 367 783 761 536 159 1031 1009 1320 1571 761 838 1728 1623 1181 1189 1783 1585 1635 1517 869 592 1805 290
999 1618 123 588 1429 801 847 1213 1641 1864 1504 59 1607 527 1143 193 1627 1223 802 965 1707 914 1637 1866 488 1324 1032 620 905 1600 64 1374 426 1128 547 735 131 1046 1577 68 190 113 1226 1812 1688 1576 763 1731 1239 666 960 1430 1301 503 1520 431 1030 1249 597 1135 1018 1509 1109 713 1622 1638 1555 613 461 1474 1046 518 1730 192 1718 94 513 1648 564 955 1860 942 180 870 703 1445 731 875 656 809 1584 930 433 820 390
93 1889 1013 160 606 1490 381 1507 315 1368 1855 442 1281 479 931 1205 987 1506 206 286 793 925 1115 1624 1048 923 880 1563 337 1439 1660 309 1098 985 1606 1150 67 238 158 1322 1499 546 758 1012 471 492 431 1519 1056 246 727 1663 860 116 1391 822 217 501 701 354 497 1623 633 1845 1416 100 260 1321 1216 73 731 904 784 917 131 78 1789 905 1565 324 1406 1827 1484 1011 732 1743 252 275 538 340 126 1464 517 1637 284
1874 1811 1449 1586 1372 1776 469 192 866 830 659 137 632 950 426 1445 1359 1884 995 1256 1375 688 472 397 1106 1899 347 654 217 721 1519 1724 347 1000 86 783 1379 275 907 1134 1623 814 600 1144 1169 230 422 60 789 1103 1703 874 1300 1413 1819 1658 1581 918 1861 494 934 618 286 322 1105 770 272 1846 1013 989 1066 624 105 734 1778 856 591 1492 838 1685 918 1155 1149 752 145 1338 655 995 982 350 94 935 1190 1147 1461
261 824 863 328 389 757 1223 1445 1454 1630 1604 728 868 457 1070 1810 164 569 1270 1242 1513 144 1362 452 281 1670 1528 1710 196 1622 595 578 1013 67 1623 222 199 692 1562 1114 77 884 1167 943 519 1106 416 1642 595 1640 1287 824 300 1470 1752 378 580 1896 858 1096 793 620 1334 1366 1429 1445 1161 1760 368 898 1772 778 1543 938 648 598 385 819 170 678 1738 1113 1866 978 807 830 746 830 1304 1774 698 1435 1143 1695 1235
376 988 1838 441 805 1006 1860 588 1555 1690 1382 662 1548 218 752 965 1519 294 266 1621 343 1811 242 1073 1182 1059 997 728 1005 494 1803 417 1136 177 173 224 397 996 1818 240 1481 1266 1198 989 739 1197 1653 1591 620 751 1609 396 614 861 914 963 1628 80 1302 1456 1352 330 146 651 1840 516 1110 1686 290 238 230 81 1473 1430 790 1020 228 1648 370 1459 788 634 488 78 635 837 366 488 1341 450 542 527 550 1535 648
1643 690 658 298 1083 1888 1718 1272 1303 803 67 985 1560 853 293 308 789 526 1157 1665 98 1900 517 1026 744 1129 1790 1488 287 353 482 264 1878 583 70 556 1024 1870 1443 1750 1225 374 1000 1783 1587 784 370 1191 1859 1409 1481 1297 1121 179 1134 419 1391 1179 1070 961 1654 1695 91 452 462 1365 477 1627 632 406 343 1123 626 288 62 1546 683 1876 1425 1303 1824 1739 1176 59 322 1886 1881 972 458 256 1385 706 220 598 839
1856 1811 609 1764 804 260 535 1403 292 910 217 1897 1711 1101 256 957 776 1518 1859 846 1482 1233 528 1535 1025 472 190 1341 420 179 1888 1346 404 932 207 320 1516 464 165 629 561 415 872 1318 642 167 1261 1176 1583 557 683 260 87 619 884 516 352 1300 1791 358 817 1833 1792 1879 1243 610 1218 541 1870 1809 1726 387 990 946 1319 1731 999 1564 195 1217 576 802 1225 1251 845 1192 1380 671 1387 966 1568 924 1597 1185 1655
1880 1334 1376 1428 1886 177 752 1894 381 1855 428 1443 204 1145 584 351 425 543 1049 1168 317 122 743 1472 1401 1439 361 1348 1438 196 1813 159 594 701 1106 1289 762 1510 103 1869 1333 778 473 109 561 1088 1309 922 194 1618 1312 857 1330 1860 1574 198 657 1098 1813 1123 86 814 1150 1726 941 1212 324 636 734 494 1247 1406 891 914 1249 1093 69 1849 462 1721 471 1062 1005 1460 1612 584 249 1308 910 552 1086 676 588 77 1143
120 1552 238 1210 124 248 1582 1867 471 1632 293 269 185 1527 561 494 709 1630 1666 760 1684 733 238 501 362 934 1205 1126 1019 1547 751 1064 782 639 462 1629 200 408 838 686 868 590 1445 1601 1367 152 1530 1403 1590 1786 287 799 1059 522 1691 326 503 337 777 158 1731 538 274 603 555 310 1504 68 1318 78 871 97 1331 538 154 504 226 1003 1891 1543 282 478 531 1560 1777 1779 1109 797 1586 963 1300 718 1781 1077 1008
1496 1397 1035 114 134 850 154 811 256 183 768 795 633 950 930 1233 93 692 1766 1098 1009 699 187 1206 934 1836 1180 496 1024 1360 126 802 771 763 622 415 307 1298 727 614 488 1081 160 1809 114 1580 691 786 524 786 75 67 1422 1660 1462 1214 991 910 593 586 950 1888 991 986 1594 410 1177 593 97 1270 1266 1659 536 1114 670 1639 1786 980 831 141 790 1805 1506 641 979 1724 1077 160 1015 921 640 326 366 78 1049
1255 583 247 1733 1899 447 1411 215 625 1157 1270 562 975 1519 1082 1275 124 1702 1511 1714 898 106 1652 1071 153 1253 295 1530 1531 1793 835 1556 692 1521 800 1531 681 1891 1159 115 1142 872 1719 1585 511 1333 549 1548 734 1615 945 1683 1795 1694 150 802 1441 527 1757 1026 491 599 669 710 837 616 1369 836 1470 1274 1365 1264 298 1865 374 168 1348 1811 487 1584 331 1146 324 953 382 1259 433 1693 1009 516 874 564 869 1360 1817
588 557 832 843 115 1832 560 1045 870 1317 404 888 102 899 468 1201 699 353 487 891 1331 270 1685 1007 1268 141 1069 985 1383 1203 874 994 1836 985 1650 1382 454 1180 494 1881 459 1695 731 1380 886 1298 1160 1348 866 600 249 822 929 982 1357 1604 1554 728 795 517 214 661 1870 642 1011 587 1532 1673 1708 362 1192 1251 1340 1381 1353 991 1197 775 991 1217 1412 1479 430 533 1751 1820 93 1341 898 368 1379 763 1366 844 327
961 1423 1310 577 398 1064 228 1143 1854 114 119 167 919 733 1870 345 1108 417 1356 1636 249 887 870 1800 157 1742 549 1022 1793 954 1328 1435 912 233 1620 926 133 1044 1004 1082 1273 1788 1546 1829 917 835 1376 1848 297 681 1046 1205 183 1571 717 1386 654 787 1526 183 1825 831 1062 763 1713 1574 593 1862 1200 64 262 929 163 501 1725 1574 949 1616 1432 1786 507 702 354 767 359 276 1698 502 100 266 72 1368 1540 1619 840
433 279 773 383 1021 229 1873 1510 600 1436 1053 1013 1803 568 930 1082 124 1625 824 503 1339 167 1466 1277 1017 491 169 755 1750 798 869 1456 1536 1314 723 1100 959 621 179 479 1041 1233 1687 1408 1430 1786 116 1840 732 675 769 269 1080 1271 592 199 1516 1549 678 1568 766 79 432 1865 660 501 1259 587 1370 1052 1803 1491 1757 1234 430 1429 1227 269 1132 1535 1727 1842 674 66 594 1421 1502 1053 1612 352 1575 116 304 261 1337
1020 141 1312 160 1611 1522 1849 1683 1091 1032 256 1066 1639 1134 483 1421 246 1445 916 678 1325 1719 1458 877 1307 915 1545 583 952 1231 1621 321 531 246 666 1145 801 293 1487 493 543 1238 993 1008 963 479 954 888 708 1495 445 708 1183 151 368 105 676 468 972 148 1058 928 1557 1484 1197 1868 803 973 301 1255 904 334 890 1686 625 956 1404 1664 1855 674 753 206 110 288 1073 188 1038 783 1753 502 203 660 900 1695 957
1760 539 1395 1097 904 426 1030 623 454 524 1055 1646 1207 452 950 1511 473 1275 620 415 166 383 1208 1223 1028 978 1241 412 1075 114 1533 704 1572 980 743 1742 767 1074 531 1381 91 87 1117 1844 814 924 326 1519 1219 1326 247 1246 689 548 1161 328 1196 1755 1472 1531 355 1418 486 454 1332 1074 390 474 1209 501 1495 220 532 219 1578 235 272 312 1171 1438 1178 991 904 438 960 958 449 1439 1665 1558 196 1657 529 1390 1671
889 849 1811 1432 1787 631 1072 333 737 1836 1565 516 1778 488 1435 971 1228 1481 1571 1534 1768 304 176 298 1290 1363 920 506 116 349 685 223 434 1356 310 874 1370 1313 1860 1649 1617 991 1894 101 975 935 1787 286 1465 809 1717 261 215 83 1686 291 921 1270 1406 1396 115 416 1415 692 1817 609 841 1649 237 1448 515 1035 725 1125 1444 1278 1147 873 910 1718 1502 1116 1295 1363 980 225 1399 835 554 1138 1711 1048 371 1118 145
1077 1825 665 307 1786 623 453 1233 842 1450 1893 238 1712 1721 1411 796 1731 683 1282 801 1522 682 664 1362 696 1840 925 1559 1732 1016 1003 205 1832 1144 913 1763 121 1092 1028 1667 1372 1456 278 1171 501 1098 1818 584 1296 409 799 509 513 1042 308 549 277 1518 1610 1488 1217 974 468 1443 140 452 139 1080 832 399 132 1298 878 651 848 1611 1863 751 744 831 150 1667 808 917 759 1133 726 606 397 1850 694 600 955 1613 1539
1662 756 1450 805 1724 93 1808 1693 1467 686 591 1816 145 1828 1132 937 1084 1103 938 187 459 592 226 616 913 1046 1626 1822 872 1176 1435 719 1118 1265 1336 1487 1005 232 1628 617 1251 75 1387 1605 1109 518 1044 431 1496 823 1664 1304 445 1617 1691 1556 1273 1198 655 848 1814 1078 1608 449 1708 1107 1205 1782 1764 293 1888 1655 1368 1397 1520 1093 1655 516 332 952 585 898 125 985 1155 941 287 193 1071 1460 182 1833 1719 75 839
1115 816 1140 707 58 907 1379 946 130 897 1269 902 336 998 1531 1285 1764 756 238 1405 982 620 1601 1027 1583 1330 1830 628 1452 505 1041 95 1887 1373 392 1548 421 1279 278 1036 989 558 193 468 1035 1416 207 1077 291 120 1455 1364 1819 967 293 1747 1352 622 256 1597 279 560 325 944 288 1169 745 930 1654 601 1775 721 783 1682 1342 1770 383 1499 150 360 710 1899 1831 793 320 230 672 700 1689 381 1852 1469 1339 990 1828
870 1216 263 411 1576 1094 1716 1027 598 157 1303 1744 826 1714 1278 1685 199 1269 520 284 474 1112 940 864 425 1293 1836 468 459 498 280 1889 429 1575 1573 1890 891 1626 505 563 1681 1202 755 879 831 1605 1597 636 1045 405 1048 652 1184 1843 103 428 817 302 486 1836 836 574 1227 532 371 1152 440 107 1398 1814 627 253 683 1076 1572 1300 255 528 643 1224 1295 876 162 1034 225 368 1285 1794 528 79 218 1239 772 96 66
1869 1862 1361 1628 1462 707 649 838 369 666 1251 1404 856 655 379 1106 704 791 97 1086 1169 1045 1717 462 1859 470 146 1657 716 898 1269 1846 1825 956 745 481 875 109 392 489 1808 389 1552 351 875 302 202 550 1449 1821 616 1720 183 121 1288 1609 1206 531 1252 1724 885 403 163 962 1444 1271 1542 325 241 1106 230 179 337 1683 1400 1591 1856 1770 1686 1667 1334 123 1078 790 1088 700 217 296 1442 1828 1900 1858 1531 123 210
1837 958 1313 464 195 627 1100 371 1105 532 1263 1035 106 218 1284 1416 1212 70 658 1571 1727 1786 1713 658 1719 82 144 378 1858 1424 77 552 308 1404 1222 348 139 238 362 1857 588 218 1571 1512 513 358 1218 59 846 648 1210 1564 794 1190 1083 882 1044 165 1110 509 697 1373 682 1352 394 352 1146 573 1847 1165 185 594 1264 1715 1776 206 449 938 657 1364 1825 526 386 529 1421 71 1632 587 1626 1044 1121 1404 1860 1172 1754
1542 587 1708 1834 707 872 389 638 69 237 592 1464 1651 1660 1445 1774 886 1719 1064 1705 599 1311 211 1489 708 883 441 890 337 231 408 229 1076 192 1194 1796 325 1561 1431 348 1729 1176 196 822 762 567 534 1610 321 351 1556 1728 1039 1022 531 1430 327 732 171 297 1738 515 305 223 1551 983 680 1583 1659 1718 861 1024 666 1594 1212 1482 647 136 155 75 138 823 1514 493 1117 102 1183 601 577 845 605 260 422 472 444
1748 1899 424 1814 313 1422 1600 977 1496 775 1474 1670 1588 1543 476 1426 976 1418 1519 1478 297 1731 954 1081 1423 551 892 896 864 1642 93 824 723 1260 1103 527 586 199 1668 185 1838 1249 987 407 103 411 1275 761 740 1765 421 1357 1789 1536 254 1403 1401 1578 1357 1629 359 1036 1635 209 1052 1638 486 118 289 1053 1776 1402 1085 869 118 571 905 1590 1208 709 1537 1646 1446 1278 97 1439 408 246 1319 1730 476 1140 64 368 190
1873 293 120 1163 196 1818 1301 1760 778 1357 1682 477 1617 507 396 994 145 405 1737 1140 1773 793 697 1778 218 1137 909 1609 413 278 1624 672 75 715 1375 1009 1807 1019 109 1070 820 457 635 1426 752 1149 960 123 801 1562 1483 1580 306 428 634 1650 1878 1435 1069 526 245 1088 1457 1234 957 487 1468 1177 1898 899 116 1390 1576 713 596 485 299 362 1887 128 1547 1845 1350 1561 682 687 1736 794 1486 538 1092 590 804 1155 208
452 1645 644 1174 1388 696 162 903 1138 1454 755 960 1110 331 589 1569 501 641 554 1607 1320 1798 1606 1431 1621 1440 1480 881 851 631 771 880 573 498 186 1068 954 1704 803 1213 1595 903 1055 918 1229 1326 1003 653 934 633 261 667 60 705 1795 1027 186 1273 540 545 363 512 239 1355 581 1603 1165 900 410 1050 294 1451 1588 388 449 1092 615 1725 568 1632 515 1211 63 1463 675 1417 1496 617 1151 1752 1364 1840 1867 421 462
337 883 657 1349 1444 913 1824 1241 1587 1366 976 236 872 882 1594 911 851 1594 1453 1706 1389 1559 572 1365 1299 167 156 436 979 324 731 511 215 869 523 340 1025 751 369 1321 1816 1604 1688 1709 1294 775 1211 794 190 384 637 403 1325 482 556 1850 709 462 933 1201 1353 1132 597 683 920 948 171 203 204 459 1205 1502 276 304 526 1655 1135 473 448 610 500 677 1517 1382 1735 341 1686 126 1799 1779 1168 754 1842 1100 1418
658 1354 1327 211 746 379 168 1074 698 1452 796 1627 1164 1221 1597 390 1172 1611 937 306 468 637 751 406 532 1370 383 1616 902 1532 97 95 1345 1456 165 231 957 685 416 619 892 211 1491 332 915 744 1455 1529 829 72 1270 785 1657 1159 923 1339 854 946 1548 1607 789 533 1273 488 380 1358 1764 834 444 873 1336 260 1204 829 1629 1396 1797 1760 230 1476 596 220 143 594 573 1515 881 518 1138 1838 1541 1296 582 1003 816
929 1126 789 1005 386 1680 494 188 1667 136 432 1466 155 1414 1407 358 1122 1686 1677 319 855 1418 1564 1681 1747 188 1268 515 1850 1473 1624 1878 1180 612 1108 349 513 1604 932 1199 349 1105 1243 1868 953 860 722 993 948 1224 791 673 640 424 749 69 240 96 337 674 1574 150 1065 647 191 969 1025 614 1826 1051 718 194 218 163 180 438 1181 193 319 1291 620 628 1694 1722 1689 1596 968 1601 828 1309 777 331 1444 1696 672
1496 999 650 1282 577 634 445 622 1402 684 932 1320 1731 1085 307 213 409 612 511 118 904 819 1774 1673 776 561 595 823 253 164 1160 343 209 706 365 1819 1465 1852 826 808 244 1560 481 1371 476 1735 1463 1436 1191 1617 1057 1829 987 794 671 869 904 1203 855 563 1004 1170 548 810 1161 312 1022 513 618 1785 1386 618 327 406 388 514 1637 311 1481 919 953 635 209 1537 1257 1706 1673 1078 1388 1234 905 490 1106 915 646
543 950 192 256 374 1109 1654 1528 1852 352 935 1614 373 1788 753 1858 109 73 601 824 708 795 379 1418 1127 418 1601 165 482 94 579 1010 471 1704 1748 1023 915 280 1665 241 987 1055 1733 817 1138 1397 1262 1431 852 586 1385 1458 811 108 803 843 1485 679 1810 936 1450 176 105 1192 292 429 444 1569 1250 175 377 1226 1456 1139 977 195 537 507 1682 59 702 1436 1416 1893 444 1559 1639 474 1802 363 146 1406 1219 891 1481
1766 1350 1505 143 151 495 1824 238 1834 560 530 1558 1109 802 1837 1647 64 1512 347 1185 482 869 1565 529 425 91 1126 1232 396 490 1573 147 239 886 501 1022 1561 1243 1338 1459 442 710 1806 1647 839 482 529 179 74 1033 576 551 899 1102 1867 441 1021 506 1568 1097 1420 785 1763 146 267 1879 1800 1814 1387 963 562 952 135 840 397 1473 1576 1818 519 1219 771 910 1070 1435 671 349 725 1259 330 1259 693 1298 1037 1161 799
191 371 954 973 1471 1160 414 105 358 932 499 727 1670 1211 1715 1046 1535 988 748 1399 1037 616 1105 1726 634 1132 1392 161 1139 311 679 67 635 1133 68 968 1189 1169 950 1002 489 1001 660 1287 213 704 1798 1550 969 1208 139 513 865 1121 1150 1288 1725 263 1781 824 1358 723 1061 1154 1215 468 356 1450 1758 277 870 587 1545 970 1287 163 603 1835 1636 645 1406 469 1758 234 986 1772 520 128 335 1739 1665 1064 441 1074 348
1138 653 1409 285 246 1712 1446 1540 1112 1673 1056 84 346 1840 241 1209 1460 1057 269 897 1354 1686 101 471 195 1678 1571 898 1327 557 1613 1897 796 525 236 1405 304 617 464 1455 539 1288 1280 1305 330 1483 1593 97 768 1802 1695 1054 1389 370 395 1457 364 738 292 1791 404 1216 129 884 894 576 187 1569 1700 1093 1310 1365 92 1813 627 1632 453 370 1327 1350 669 1035 110 592 1758 1409 798 838 1554 882 272 1335 1804 84 1166
1893 1181 129 1837 1713 825 1075 602 995 387 373 1572 612 429 1397 196 653 813 848 896 954 789 985 1304 295 393 1804 189 1225 1260 352 1281 298 985 359 446 917 1036 523 1088 1510 404 1886 1056 1684 598 1303 1619 440 426 1690 1870 921 1122 809 668 1698 1896 524 369 1523 1250 1741 1539 288 60 395 886 1751 977 1459 401 176 761 1629 322 93 1082 1541 620 905 1815 1773 437 1728 1306 1773 1744 988 1662 1446 1130 1871 1601 1500
139 1120 1016 1814 871 431 728 369 683 1636 1656 421 202 913 381 905 415 183 1556 1135 960 1540 1515 1490 1868 859 208 1179 1567 905 1516 783 193 1242 1139 1083 1387 1785 368 705 1615 1105 1461 1124 1739 1243 460 438 325 98 924 857 1047 570 1112 1877 1226 1759 914 1467 1391 1340 821 1549 915 1360 793 803 757 1415 1198 1823 421 1392 1813 458 439 418 227 1395 493 1046 590 564 1175 1898 1304 1570 1855 643 1425 1380 1120 162 159
853 1533 526 1358 310 172 1067 1052 1233 1079 1189 867 1281 206 1262 215 720 445 552 1019 519 1000 1438 1863 641 1491 1032 1843 1219 265 98 576 869 654 1078 1763 1794 1037 850 1232 752 206 1253 1293 1337 1468 1685 1175 69 121 642 416 1372 1610 1652 1122 186 129 702 1658 672 984 1207 468 487 770 1674 1547 492 1871 676 793 1166 142 691 1654 1853 1368 1646 360 1317 1096 1508 61 1130 618 1119 699 896 208 1121 162 1067 120 880
1289 1877 694 756 1891 244 598 447 631 599 770 1489 1342 974 539 688 775 990 236 876 626 1469 127 250 772 175 83 483 315 1273 1067 406 406 1892 467 459 491 779 1068 1708 1241 1892 1575 703 766 547 1858 1842 1112 144 756 165 116 1422 830 696 1524 144 556 1889 1003 362 1278 874 713 852 1359 1889 779 1026 377 1496 647 915 800 1546 536 1178 1041 1382 1502 1455 1570 172 423 1846 1349 1440 1292 264 1625 668 1503 72 669
1111 1420 729 1770 1444 862 1334 330 1149 158 98 1197 1083 1689 1833 356 693 639 849 1383 1294 989 1767 114 237 667 808 609 1150 78 501 988 562 301 212 1333 648 79 1033 1508 1805 1081 1458 402 1289 120 1084 1660 960 907 809 345 1466 1866 820 263 579 238 824 366 705 724 1131 105 1126 660 1266 903 809 632 1090 800 94 1444 1484 966 1893 960 1170 1897 1737 1002 940 1456 1280 1467 898 431 1856 595 797 1296 392 269 1648
1819 820 679 1764 315 1807 1237 1454 835 1445 716 1781 1542 162 106 656 1692 721 1466 1472 1792 1743 252 1223 681 1416 489 1208 1339 1683 1680 310 519 927 1821 1415 1663 1682 1443 836 548 1466 1019 1705 1200 741 1660 1590 1880 535 1808 379 1497 179 1354 1029 665 1311 918 692 1504 304 1381 75 613 693 833 959 270 1132 1812 1023 1337 472 1822 201 236 281 710 1499 1042 1543 1135 132 913 257 516 562 1277 1556 1445 754 968 1205 905
230 382 1194 1023 1132 276 1676 1268 1346 93 829 127 931 172 968 327 1206 218 223 1834 1577 1827 1747 1685 892 935 309 822 244 1352 124 768 664 1784 652 984 1448 490 118 1813 1336 262 801 1746 990 1104 276 100 702 443 1447 1577 431 1098 1363 1234 1042 1144 655 457 254 599 1799 662 658 431 965 1150 796 134 235 935 943 784 701 1028 1784 1479 589 446 396 714 1889 283 405 1124 1541 1047 859 124 1167 1759 1876 1566 1353
77 1532 329 147 116 120 1502 59 1046 722 185 646 914 1029 1192 1639 1364 1712 832 1309 1155 86 1846 1034 1186 1202 1425 1848 1016 888 1372 1067 1578 1341 981 919 164 770 742 908 1480 619 1296 739 1688 1155 1144 57 697 400 960 1843 1297 1868 1743 1147 850 882 1506 193 1283 1074 1248 1236 572 1784 185 1069 679 1731 1031 757 200 961 370 195 483 358 902 404 347 831 1619 67 994 96 1301 1017 972 1823 999 590 1106 66 167
1354 98 389 610 1739 95 948 1433 774 482 1075 945 730 805 1305 1259 297 118 1018 1838 441 1377 261 835 575 1792 588 955 432 1130 218 1190 277 504 571 1083 439 669 1535 257 217 1836 956 1264 1431 1402 505 1178 503 1168 962 591 522 974 1885 1795 985 834 1519 189 809 1563 1099 709 249 184 998 1085 363 1015 1466 900 1579 1477 348 1883 1854 1774 498 829 85 1381 1900 331 1545 1580 1208 720 1572 125 1200 593 554 573 1252
1047 1463 196 1164 1327 1416 179 1589 824 1832 1339 1043 499 735 598 545 1002 1394 893 959 434 460 1516 1219 1521 1453 1292 289 166 554 1437 1060 1869 839 163 143 65 653 470 1319 361 1020 272 536 1350 82 1257 312 644 419 1064 1627 1722 146 1557 1440 1358 568 217 1711 1823 1285 898 1317 1399 1430 527 1118 877 434 99 475 652 1631 1440 622 1312 1085 1002 903 538 528 605 630 1315 413 845 1178 448 79 161 598 1716 559 1617
160 735 1799 1733 1322 1609 269 1793 315 1210 1257 1231 1453 1555 1461 1164 552 1687 383 260 830 1467 251 1789 769 1070 131 1108 1720 504 1306 533 226 562 1110 1358 1472 1740 472 492 661 110 748 1790 1546 390 1574 219 771 370 277 373 393 1761 82 1478 1363 1810 1688 580 211 1517 731 319 466 753 381 1888 646 1171 1164 1369 1336 547 152 734 650 416 781 1353 1231 1675 1326 669 747 758 538 895 1051 1254 381 196 1656 1724 938
1390 241 551 418 1317 595 1219 211 1622 321 1618 1555 1841 1373 969 1089 366 573 1064 1780 1282 58 503 1840 1638 1795 858 658 1175 1595 355 775 681 1784 449 1413 78 803 1374 594 281 503 170 897 1301 595 1581 1029 859 313 559 1521 509 162 582 515 794 657 1668 1229 1646 1523 935 300 865 1582 714 691 672 961 1322 382 1302 894 421 64 1245 114 1581 564 891 937 1769 847 119 1478 1189 267 1594 634 1450 1001 369 671 1875
1628 106 1871 1833 1523 670 1589 547 513 850 697 1272 1761 1561 1308 1527 273 979 1089 1586 1285 1075 1752 690 702 1543 1039 837 326 1014 1751 352 524 1275 984 600 1846 926 128 1603 1511 828 147 1405 82 889 855 1774 730 1442 1257 397 1898 844 372 1740 1014 1819 152 1899 782 694 311 1739 1151 702 1563 774 1854 1675 568 1312 831 474 289 1560 1217 347 135 218 877 1777 87 210 327 180 1022 1665 1420 748 569 361 459 1026 502
145 1728 1049 100 990 1126 909 1789 380 639 669 955 225 496 427 1763 487 1085 656 1756 593 339 1058 1250 1492 505 332 1384 129 1546 1384 1560 936 688 1716 459 95 469 90 411 1372 846 1472 1756 1820 1847 1006 1186 1504 908 1677 599 489 1214 1367 648 1010 941 936 1509 1638 1120 926 1485 1497 548 659 1602 1029 1104 686 1252 489 543 1714 1898 328 803 1557 397 549 516 1462 1827 1708 992 1031 1264 1644 1519 1697 1478 1012 138 1690
1355 1471 1787 1163 833 1196 355 891 1338 695 875 1244 1622 1602 686 528 1809 1661 74 744 183 1562 1813 1011 1257 524 1428 118 1421 1553 380 784 1018 485 1192 1190 178 62 1492 120 1803 655 1545 1151 1354 649 1326 1277 1888 898 1800 1058 255 1450 1108 1240 428 1130 1507 655 1874 1440 354 442 117 1052 1698 1569 1255 149 1014 1480 83 265 217 264 1335 660 1127 1636 178 449 129 681 1099 116 192 1438 1840 585 1152 1226 1128 1097 200
655 1780 1573 297 461 1372 918 145 86 1406 1869 485 1307 1588 1760 1155 1692 516 1082 140 532 745 1826 387 925 1205 116 1407 550 1564 1163 880 169 936 871 128 1762 715 1823 712 1305 959 861 624 1056 1731 1825 831 507 1012 1515 1188 115 907 820 558 1679 1588 1150 1871 1866 1879 434 1305 1016 1121 1245 229 1802 1717 1100 866 1479 693 609 341 1214 1789 1379 1021 1644 1819 1071 1592 767 1052 140 795 561 1358 816 514 216 771 1791
1827 108 952 74 667 583 1690 1885 390 1049 296 1217 1803 816 1382 1165 1349 1300 1049 1744 1724 345 1460 1391 574 779 1334 1159 826 879 1844 1368 1563 705 282 684 1716 1191 1632 1595 293 1896 1719 114 1640 1761 131 485 1855 582 1513 820 733 1007 162 238 191 827 290 1146 170 125 1547 1230 446 1352 1414 665 365 1170 702 299 158 159 560 270 1819 627 719 1512 1559 1006 1323 692 1039 1839 722 1780 762 642 1705 162 1211 368 1237
378 263 603 1735 1496 1188 1553 1337 1342 1200 1197 1430 141 1018 1573 1332 887 703 814 1044 1110 1371 699 143 863 1351 354 263 1478 1515 544 428 1495 1561 482 1710 354 973 301 229 1727 1361 1566 332 441 1815 967 158 370 762 96 1851 1805 1699 1180 144 1548 1439 1126 1692 787 1703 610 73 297 1209 1798 1599 773 811 1519 1253 1733 221 886 1473 650 1250 103 1318 1314 1778 572 219 677 957 119 1823 1145 1729 1663 1491 541 1797 1541
498 494 988 839 1245 1769 1788 709 1103 199 1862 1032 1267 666 263 265 535 1382 305 279 1417 1763 1164 1305 1780 241 471 1075 892 739 374 1866 410 1697 628 1487 910 934 1515 1361 1596 1709 132 199 1453 992 1629 1100 1526 702 685 322 485 1116 1863 961 708 1262 417 1543 1331 143 314 1541 543 240 1709 442 1876 1182 874 204 1896 1003 756 1083 913 1522 556 215 1859 1242 1114 997 851 734 156 1451 1145 1511 1456 1158 1169 1616 1837
1134 418 447 886 348 97 101 1370 114 540 817 848 232 360 1534 1867 330 131 249 202 544 212 755 102 222 910 346 1831 1078 405 855 251 1016 366 1516 1381 165 540 192 810 487 1193 1228 403 1571 927 103 1790 1091 1687 311 1880 1706 1186 520 1663 868 701 811 1636 1030 276 313 71 1548 1750 395 460 1109 1007 1098 902 1331 145 1279 1457 222 1484 1626 1664 1541 1443 1139 246 1297 1879 784 1731 629 1619 417 1785 744 1597 394
496 235 189 182 1551 494 938 1223 1502 804 1875 1041 1742 1337 293 1079 797 1525 1060 1219 1279 1444 192 881 67 231 1084 357 110 1580 484 1704 719 511 734 1098 1717 1169 790 611 837 769 1238 1206 844 1266 943 1228 1139 1312 358 1695 719 188 169 344 110 1424 1012 200 1416 812 1438 1581 956 1514 1253 300 1312 460 1443 1158 811 608 466 1841 387 1266 667 731 766 759 189 1674 1064 886 1556 1780 1418 1041 1071 726 1085 1027 1390
1249 1228 1564 1677 876 884 1005 76 653 1699 540 1789 1382 972 757 1619 504 1022 737 781 1884 102 557 215 218 263 213 933 1091 1253 726 346 288 114 1029 907 1009 1804 1765 226 986 1518 1801 879 108 337 1007 1034 448 998 1518 114 1022 537 1536 1205 1538 97 1720 268 853 1193 1071 1171 949 901 1705 94 1533 327 267 106 158 1560 1120 375 542 1131 1634 1068 1881 401 1517 261 436 1172 1447 1824 1795 674 956 997 597 998 759
1408 1181 1561 1095 1828 1249 684 383 785 1897 1891 149 1074 303 891 1853 1207 1010 1806 795 642 659 418 791 1607 118 1341 491 1762 1314 144 1367 1269 979 58 381 1731 579 772 868 884 1138 1351 936 900 689 1034 1292 736 805 1848 1871 456 1814 566 668 915 1767 1246 1257 800 521 1178 1385 546 131 908 545 1364 160 936 1700 259 1602 617 833 652 344 114 799 578 746 1055 910 1374 1775 1447 965 314 1369 1375 900 441 639 98
1773 672 1498 1468 932 1477 223 88 614 591 1091 986 868 1536 154 378 1231 1864 1547 1797 1659 1788 252 1872 1356 980 1119 1896 767 1174 212 1090 1845 223 1803 527 881 350 1804 621 658 302 1698 1495 1869 1885 1629 992 980 802 435 91 1104 1306 235 660 81 1638 1569 314 1168 1237 1248 1170 102 1446 1245 548 964 1391 223 843 388 669 1218 1395 1188 1064 124 720 1721 368 991 1383 535 166 212 1323 916 1623 1443 686 1806 90 1472
232 365 1888 1663 526 934 227 1634 69 396 1334 1331 337 255 1095 1452 1182 1233 459 1060 461 1854 852 916 1042 455 68 476 317 1562 473 233 1429 1334 1549 1409 474 1158 674 946 1311 465 922 1264 1056 931 1749 150 1350 1389 1176 126 1133 203 324 1862 1694 1452 403 1071 1626 1775 1036 372 1583 1715 228 1097 1435 773 1423 433 1435 977 917 663 1565 1784 1365 1619 797 1820 172 1152 233 151 444 1121 1068 918 1761 1738 1092 304 1645
1856 991 1438 1205 1540 754 1371 1791 1339 376 695 1573 589 494 370 1559 1014 950 1535 1642 960 1775 318 421 1887 435 1805 1014 1190 527 1558 953 1587 1582 842 1813 1505 1113 1070 1286 1027 1765 418 1721 1087 1807 173 1484 1888 776 767 365 1695 955 971 901 603 1881 102 580 398 301 1346 672 961 173 678 214 986 1502 848 1070 1767 1027 1354 178 780 1466 1822 916 1859 1280 1192 1570 1204 149 1552 1503 456 1759 1831 1016 942 1401 400
1703 1593 335 266 1737 1617 91 1893 651 918 967 1032 276 1548 360 810 850 787 1228 177 850 1625 288 1306 813 756 112 119 432 1540 714 254 1046 1811 527 147 236 732 1602 476 569 553 1118 1482 1865 1602 1216 433 442 594 1832 221 156 1019 1077 904 1324 1625 867 778 825 1109 463 1433 1041 1380 1651 868 1448 991 319 1667 959 1714 1211 1866 1719 1598 412 1099 1314 1761 220 327 612 1113 591 1226 1626 929 995 1442 304 1643 1429
1793 937 1498 934 1545 666 127 763 311 1332 938 359 320 97 1582 471 365 1591 1080 681 939 891 1804 991 484 1744 845 942 1781 871 834 1320 1652 1640 1110 109 1078 1162 1013 484 458 795 1321 966 109 1145 1396 1259 898 1867 1900 1767 1476 1714 1345 963 380 1707 266 756 655 418 669 1123 1530 1589 598 1104 1247 1103 158 1554 1241 702 1241 914 596 1844 1703 787 451 1300 1631 601 1362 723 1472 622 1790 107 1361 58 807 135 1304
189 1535 1473 337 1765 1370 78 833 1726 1190 1599 726 1373 744 410 90 561 265 1298 962 1060 1651 891 1056 1109 1085 255 1801 1350 75 1197 220 1144 137 1576 1733 948 142 1566 576 404 262 1565 1019 1461 1146 164 494 1047 759 1833 578 475 120 1705 1420 901 1402 1555 62 1397 586 1297 1255 1079 1138 340 659 387 1391 660 1432 1700 1275 520 1738 1119 149 1574 1120 270 1527 1660 755 1085 1112 611 1025 938 1773 355 1805 1876 377 394
665 170 958 706 1388 581 135 1247 121 505 1322 857 1872 73 1416 185 1808 1775 530 1160 1360 424 354 1190 1406 309 411 1590 1004 1598 1584 275 1875 1240 940 713 1223 596 804 1077 931 1545 1793 1873 626 313 432 965 1789 918 1463 1743 1850 937 542 1296 1423 563 452 173 1469 1008 1628 276 1762 1796 575 1459 341 321 1083 1384 794 945 1416 434 481 1364 1681 1305 490 1450 1673 106 869 1175 1504 421 1794 183 927 1041 1075 561 594
968 58 1808 590 767 349 1279 693 732 1338 354 967 1369 1044 1735 844 644 415 773 962 1350 118 1133 1230 916 157 923 1079 952 1782 95 413 659 194 1641 893 1174 1011 284 798 764 927 1634 1838 106 291 1563 1386 467 1206 594 1181 328 702 1410 1183 435 94 439 762 1566 646 1486 958 732 677 1874 161 99 1275 499 97 1481 776 1109 910 1479 696 996 1651 623 1674 772 82 1113 1255 769 581 300 676 287 852 1890 654 1498
1296 1340 1247 831 1775 893 85 381 982 1655 679 1253 396 1730 1262 785 1211 756 643 1779 1777 404 1438 1857 1300 1445 1795 169 1619 307 1729 588 280 1622 1031 732 1550 977 1508 424 1130 1695 223 1873 1687 164 1800 1689 1074 1121 1228 1025 1556 836 506 1394 914 1103 888 1844 1886 1355 510 629 861 293 1199 107 1441 425 389 1133 882 1812 632 1556 1256 1835 1309 164 196 1365 405 1436 1481 956 987 793 685 397 1123 99 1716 1576 1007
441 463 993 60 348 1145 750 1007 552 581 980 1081 1129 287 1333 218 861 815 309 878 627 1757 1152 1317 1072 850 873 963 178 1783 387 74 1288 1018 191 214 1627 565 1622 1889 203 358 224 538 1225 1197 434 393 1254 1270 255 241 1324 1581 1595 1770 1194 1246 377 914 757 505 1704 494 1165 146 496 590 421 844 1278 1777 179 1784 1395 235 219 462 697 1447 261 937 651 1817 719 137 427 1808 945 463 1673 1682 726 1223 229
1363 1541 600 222 1534 385 241 202 444 1393 1313 801 978 1607 698 1024 1552 687 1225 1335 1350 1341 98 1101 886 1336 1003 1391 1736 1434 1737 1724 964 210 1230 139 125 1479 1531 318 717 1675 715 1107 1743 283 638 1133 1754 624 1301 320 1753 1209 1471 1136 303 921 840 1269 1777 539 1087 891 447 1095 81 812 202 1006 735 268 1550 1740 1357 1093 1706 1789 848 337 1874 831 1146 724 1231 589 1598 1332 133 510 831 997 1300 407 1582
214 338 758 917 762 680 974 1639 541 1268 1057 301 1364 1679 819 1288 1633 1108 1449 125 969 441 1800 901 428 449 299 399 1098 187 338 1648 1772 969 266 136 338 1708 325 677 1220 661 953 143 295 427 1682 1502 1869 710 1598 480 895 457 407 824 1476 1729 273 1625 1670 1207 248 1135 1083 1234 884 1107 937 570 1682 614 1764 109 697 1017 335 819 1123 837 1795 900 190 551 1175 713 1182 548 154 1383 831 851 770 1580 861
508 632 1869 199 426 1474 282 503 1768 1228 1835 787 1217 1079 1207 1405 64 1541 270 234 1342 1246 433 707 497 735 1539 1758 981 1779 1416 453 1066 1471 542 1522 1252 472 1403 648 1792 102 277 294 261 76 768 288 1600 1640 1504 439 1610 750 481 1712 270 1554 1850 1815 615 911 396 578 1626 558 857 1209 191 1159 1415 435 388 1536 119 1358 953 1826 316 1680 1105 381 1750 336 931 1375 702 578 890 139 751 1398 199 113 1278
532 1031 1599 70 121 192 1843 1495 649 122 1305 918 379 1789 601 458 1297 1192 1174 624 1088 508 518 1141 238 125 1574 1389 1317 1809 98 271 634 356 1557 966 1160 933 225 1587 1251 83 312 1415 1140 241 495 785 1813 997 1277 1424 992 738 275 1637 1777 633 1546 1788 328 155 568 753 386 483 1891 1827 1300 1470 1579 1019 979 378 676 351 246 1155 1718 1087 1398 895 823 72 198 1398 1729 604 555 1409 1456 1402 883 601 395
769 1344 1468 782 1341 1399 456 735 758 1845 917 1456 1583 248 983 994 1354 1091 220 758 1299 1303 834 419 1156 1548 404 1488 716 508 305 94 1441 1776 1734 1129 1063 1698 1051 1127 1161 324 1599 684 378 1236 678 1190 151 701 574 1623 1645 348 1893 1523 265 321 89 799 211 1860 1766 381 1841 569 1753 1521 299 603 264 1676 532 1505 1720 482 183 437 1196 876 338 1067 270 680 930 1167 869 1611 851 1649 676 387 1802 825 1120
336 1460 509 144 143 194 403 230 698 1065 1663 1188 725 1786 396 628 1076 1098 1173 700 1127 1625 1444 1025 1146 911 272 740 846 1466 266 659 679 1207 1094 1888 301 672 118 625 1833 1683 969 1745 1289 1883 1823 128 768 1598 217 594 1666 482 92 1319 1200 78 1168 1720 303 705 1803 619 898 566 190 1304 588 623 1833 96 929 1512 1838 435 1020 849 502 451 980 611 671 1137 1809 996 532 1120 1426 656 314 140 1197 1645 1132
211 1713 660 1187 1320 1846 1401 1494 577 192 1719 961 1258 1639 90 1037 1730 1504 1607 501 441 1072 1757 1882 1427 1865 1459 1862 1136 1251 254 79 1523 772 156 314 1793 1858 1485 1392 506 189 207 550 1862 558 1008 851 418 1525 700 539 919 1221 1352 800 1618 330 1098 557 616 439 1525 478 1307 1452 170 758 1758 1872 1006 1361 795 660 604 1187 729 1747 910 1880 1563 432 947 394 1506 1365 829 296 1670 956 444 975 632 170 1639
269 1850 1809 394 1202 862 80 904 1651 299 1768 806 168 826 1808 379 941 1410 67 1735 1509 1752 1836 614 107 1566 121 1383 1127 790 1857 1896 1897 319 1130 719 1354 1210 1825 1710 864 534 1818 345 123 1863 810 1029 172 1736 1665 1213 1855 788 309 1345 168 1697 1557 687 671 683 760 315 852 1665 1159 427 102 1024 175 1296 1702 1582 1787 1421 1425 256 480 1593 1096 1857 508 198 1237 422 1207 1814 1233 1433 611 1266 697 1551 1571
253 596 1005 155 839 1043 1387 1509 1625 317 1282 1420 1310 756 1036 481 1023 121 1497 1113 1549 1517 1014 367 1218 1193 143 1017 1325 1475 122 1396 753 916 1237 268 418 1022 1123 115 1190 1868 1352 1694 990 132 1037 481 922 1222 795 1016 1580 863 884 1808 406 196 673 375 300 206 1114 212 1886 575 1579 1603 1511 561 295 529 1538 1273 1264 919 1010 1561 1797 1177 1671 201 705 1453 897 1746 807 742 1848 834 1779 172 76 1458 1672
656 1064 377 629 783 327 1208 1424 728 1158 1645 1715 889 498 704 974 799 371 1644 747 994 928 1727 1768 1191 858 1618 1599 1069 82 1200 369 1271 1228 1540 1083 1601 1674 629 1489 127 1406 1796 1155 1757 1655 807 523 455 1707 121 856 1064 1054 205 241 212 524 1659 117 464 168 113 76 602 1220 573 111 1494 1348 983 147 391 761 1357 1104 1631 321 1828 547 220 524 1860 345 1266 452 878 1093 392 466 1516 1821 1270 1195 1338
1624 255 288 743 200 977 61 954 728 1749 575 1594 616 669 1567 250 1574 1608 1503 199 1810 1185 963 1102 1215 633 1518 99 958 1291 1569 636 1336 1653 1580 1013 153 363 162 1686 836 339 1384 95 189 1073 1851 1360 436 1417 106 1166 265 1235 1757 1095 1174 244 1450 827 1402 1193 521 1759 1676 1687 872 1575 625 1388 1139 632 532 1515 1878 578 730 1563 302 1440 514 1163 1635 551 1378 600 173 1070 1337 379 1715 566 470 1439 1167
269 194 343 274 1191 212 1085 1242 1390 898 1824 743 837 1090 660 340 1265 900 1332 1545 495 1390 508 91 641 844 1784 1107 1097 608 854 890 123 583 1481 273 258 1199 1817 1797 1212 1379 466 1382 703 126 1584 275 1415 1704 568 1445 682 1262 143 1718 226 1289 492 669 1335 769 1744 1584 1178 1216 779 943 1835 1163 403 1269 1027 598 550 1256 424 383 1013 459 1244 1809 1202 1722 581 305 1142 337 1891 167 315 219 1421 1346 63
1653 1662 1484 879 920 183 1370 1048 568 1572 667 1687 75 1474 511 1358 1040 912 1116 1880 292 1519 1115 1254 649 325 927 159 1824 882 1301 368 738 200 1393 522 682 816 1027 1605 1841 1327 1436 831 1450 1024 596 923 1554 386 1172 1250 1627 922 1577 1712 1835 454 851 153 1611 1501 1226 1489 519 754 752 1323 513 853 381 534 684 607 1121 64 992 1159 515 1716 921 656 858 207 172 1131 391 673 405 452 1338 424 1861 1167 904
1426 1658 1343 794 807 479 1516 1712 810 671 1377 1833 841 1899 288 147 198 516 861 1107 463 1017 811 356 1216 1064 1358 87 1100 537 837 311 1258 927 1821 1118 1807 452 1566 1368 898 674 68 1172 120 402 1107 1220 1034 1723 760 590 260 443 1071 993 873 536 520 1567 64 539 1073 460 830 420 1443 95 1851 1116 1805 204 1307 1607 1502 1039 1204 1131 1197 1563 690 1815 323 1467 1312 1287 779 801 476 1270 214 1425 101 1261 164
304 1631 588 677 394 1525 901 794 1326 1127 1523 67 1701 1459 935 1836 445 550 1766 323 1390 832 853 1250 531 842 1826 240 1671 937 1503 718 649 1259 1894 1229 176 1420 705 569 1693 245 111 790 1162 502 752 1623 608 1799 1312 1750 1497 942 756 526 1749 740 1588 1643 1650 1674 876 824 1675 172 693 712 685 282 1825 1114 1547 1439 1354 107 107 1637 298 1008 708 78 1014 272 261 701 1167 752 501 178 1577 336 287 1009 421
421 917 469 721 412 903 139 1466 580 917 912 439 1408 1453 1203 1538 1263 1028 1695 1227 1580 1267 1825 414 581 1832 1614 1576 1661 1437 1326 774 677 191 1393 794 1833 427 552 1546 999 1274 413 1559 1332 552 1069 89 171 1045 448 1068 111 125 907 726 926 1169 744 1384 924 754 293 1346 299 101 732 958 126 1312 270 1106 319 190 865 1331 195 739 450 377 646 1866 182 1106 1355 835 1510 1860 646 289 1874 1808 798 446 296
922 1066 1444 1823 1053 1089 289 295 840 1184 1800 1549 666 775 435 187 1295 1080 915 851 1890 1797 235 1666 1543 451 1783 296 797 480 1083 443 754 1079 928 1647 1337 488 643 190 407 310 1217 1547 78 535 113 1744 920 907 932 1583 296 1603 679 1659 962 1248 877 1128 810 193 1195 1058 1276 883 1609 1072 208 231 1363 552 496 140 526 145 1097 1018 1670 435 1421 161 1601 1304 366 1555 1263 740 1117 675 359 1508 195 558 1551
439 1482 1033 391 767 793 1818 401 1757 355 1282 784 516 951 299 1684 790 1899 730 956 987 812 1618 1884 226 1161 1684 1399 1027 592 1595 471 758 1802 1875 747 1605 1702 399 1662 718 1697 853 180 512 351 127 218 590 1861 604 1126 1403 1580 1343 1024 1621 1056 276 236 1323 969 1882 576 1530 413 483 1217 975 933 1363 1263 1501 703 73 595 1059 831 622 1014 1088 1435 845 561 1684 157 492 1650 1120 573 1452 1518 146 1524 207
1416 838 206 1092 969 1593 1401 1501 1871 396 516 1387 1851 823 442 1898 242 879 120 680 369 760 168 665 191 230 295 1009 868 573 1031 882 279 1885 382 1388 804 1259 691 878 424 251 186 690 1121 733 711 594 213 1624 508 1780 227 826 1564 798 1063 1487 392 876 882 1169 1525 1057 1628 1725 548 283 88 1254 901 584 410 1857 602 1041 894 1298 713 307 170 1515 1279 298 1035 815 1215 1884 1703 466 222 1147 878 294 1367
1157 920 284 523 789 1880 815 642 889 1840 1504 1838 1818 382 575 753 131 779 776 926 1390 1450 673 1723 1627 1413 111 170 1705 1401 1232 964 1193 971 1176 126 586 1245 600 1599 1649 214 1422 279 1160 1052 920 1336 588 1698 257 999 1008 1756 1585 170 1225 297 91 398 1007 1156 911 919 1793 1745 1456 1421 1050 1438 1287 1564 279 862 152 1115 902 1096 392 511 571 729 1214 1421 1233 400 625 1619 1868 1539 1510 69 984 69 1583
414 519 1352 1460 1564 1097 1627 1287 1000 1338 1545 1769 1352 1856 961 1753 1653 808 1412 190 268 877 1770 417 1710 240 129 756 1806 298 1761 179 1079 1890 1797 494 1803 1681 361 1060 1378 1415 1042 100 644 1343 472 1628 149 395 123 1723 114 1415 1854 286 597 1017 887 781 1079 1491 1453 796 245 1205 1605 739 318 1518 690 455 905 1807 996 657 707 786 1710 533 1835 671 1631 920 1090 1862 738 1421 474 1088 1061 224 1538 1181 304
