97 99 2000
1581 682 243 959 1739 1281 1975 330 1019 1755 1803 629 1855 1341 1378 948 1648 1167 1488 397 889 1085 1089 217 1238 677 604 511 1262 422 681 1832 209 818 1954 739 359 1092 321 1757 1733 432 1237 1031 665 1572 1299 668 1493 673 508 1587 746 1366 1576 82 1861 782 698 938 636 1968 1403 420 1210 271 902 865 1968 490 1555 1782 975 138 848 1867 567 391 1823 1006 632 1468 346 983 1064 358 1763 1605 361 523 1118 553 399 838 120 1155 1290 248 1865
1464 1412 354 425 603 1443 788 1439 885 1196 413 1748 1610 431 1143 1698 1358 1309 382 1882 509 1449 223 1617 1610 988 402 805 893 1000 813 1454 894 233 728 1068 1649 842 771 1714 539 246 459 415 467 1799 1853 224 1754 1561 377 1540 664 1327 59 1426 1464 1079 1227 1124 1884 612 1881 264 261 968 618 139 1181 1512 88 258 1313 1119 682 286 168 62 1861 282 1209 340 992 710 734 1797 1817 1415 593 1538 1470 283 382 1106 1845 1119 1831 1463 1527
930 852 415 934 1401 1135 1739 1952 1236 440 277 1447 1786 711 1492 462 1493 1236 866 1834 1934 260 884 1581 787 1959 1221 1878 434 1394 1550 586 1598 829 906 1434 134 1264 51 1168 1340 136 1540 334 404 862 47 109 1641 230 1354 1983 259 343 1001 1966 997 1681 993 1045 1564 1404 1467 1347 665 204 1551 149 732 400 1668 663 1004 550 1489 61 1674 673 75 1590 247 383 907 1821 403 1503 1423 1202 1988 594 966 1395 79 387 685 1610 746 708 1624
1762 1061 1749 457 1932 1384 1105 1611 1227 422 727 1750 1804 1480 1703 1017 759 1346 1256 539 953 1072 1011 229 703 835 196 1835 1092 104 1415 1496 207 630 275 296 1508 1253 1115 1938 742 1929 226 1138 1118 250 1159 345 1778 1748 834 1653 1256 1030 826 929 1105 1107 1505 1481 1016 1681 116 83 1627 970 1130 1366 387 1508 1568 1634 670 1348 527 1186 1027 470 703 610 451 917 1866 1416 1900 291 1164 1414 460 1187 852 1511 1772 1522 1961 146 1419 1917 52
919 486 664 590 1160 1343 568 814 1143 1398 714 627 1694 1018 1180 1055 430 1046 791 1282 336 1577 1223 271 1466 743 1724 1005 1033 1098 1026 1005 1323 1307 150 325 112 1571 1541 1257 463 1850 715 1899 445 1098 1001 603 285 1117 703 1701 193 1815 1837 1788 328 1743 1998 1591 48 861 1008 1674 1635 1721 770 1839 756 985 1390 1814 1958 961 164 667 1098 1297 1070 1529 636 360 913 1074 1443 145 1748 1535 615 868 1634 1885 102 934 1121 323 1317 144 1734
1374 1741 1233 1221 91 1001 1772 497 49 347 1081 971 717 957 112 1503 113 541 484 1318 350 1738 640 1258 532 307 222 1272 508 1231 1799 1627 1942 1051 1444 1824 744 1422 985 1148 1681 1276 553 1137 1133 1917 1255 1726 793 924 717 972 1611 175 1954 1279 194 1454 413 1835 681 1855 1469 1362 1935 1101 1187 125 1949 399 353 1920 614 1212 1228 1479 1225 1460 496 1992 1846 64 133 1399 1044 276 742 892 290 921 500 1085 1834 1728 539 56 1216 307 467
577 117 1402 588 817 46 919 544 414 1981 1856 179 121 1511 1827 1214 1594 50 910 739 833 1706 1890 295 1099 441 587 1522 911 911 1513 901 1810 668 76 980 1891 1689 115 303 142 661 306 1813 777 1844 777 199 611 1013 182 511 41 1883 996 837 1269 1020 1326 794 1411 1454 226 1204 172 1374 1698 363 342 877 783 580 1957 1575 98 1152 351 1858 623 1618 1112 1013 731 1125 1541 1694 477 649 78 615 1945 952 1954 821 308 1117 712 581 1554
1836 1927 96 1493 1301 158 795 1410 376 496 1629 871 1799 723 1628 1088 1438 879 1518 531 1442 1372 595 672 420 552 220 1032 1403 691 1345 1426 599 1586 1926 1523 1835 290 68 111 2000 682 946 359 641 1054 712 986 1813 238 248 1277 67 1416 152 446 1884 481 364 1392 1304 975 1410 368 1211 310 1779 458 1609 317 162 735 1028 1719 657 397 1821 851 1993 764 607 587 798 1969 1456 1045 1225 512 513 1458 1856 1676 877 735 682 591 717 1800 1633
1141 868 1604 261 1542 649 1445 1911 257 1401 882 1347 1753 231 130 1077 1193 582 979 1235 1106 1042 818 886 721 826 1749 1604 1376 423 1693 1013 1830 297 684 1117 819 667 409 446 302 594 1593 729 800 1676 166 57 1970 1877 1797 930 1698 103 1740 793 1209 125 1556 139 1442 1005 883 503 497 813 1211 1516 1972 431 1491 733 1403 644 744 1297 1043 1554 601 932 1152 989 622 1640 992 552 714 1087 1616 1319 1293 1469 700 1100 432 403 1511 53 634
232 964 1589 473 1830 1807 304 1276 1653 930 940 1892 1485 1602 471 526 964 263 282 76 1958 543 131 1960 369 59 681 1182 1485 142 983 1966 749 1047 445 564 1135 268 318 1480 595 105 1832 1724 973 1979 1358 338 1003 1195 1063 1945 352 1408 1359 514 1417 1824 638 1971 109 1188 1120 1607 1240 1747 693 1211 1028 1934 1281 1873 1423 1369 94 295 1289 864 200 1495 1305 1568 1458 1926 1743 1865 810 1824 749 1444 237 47 1159 1521 1758 352 75 859 1269
854 1643 688 304 1863 1543 287 1146 1506 500 1267 867 605 235 1533 1361 1676 1303 665 1202 1798 1169 1656 1833 1254 1565 482 1089 1018 711 1093 860 1231 249 734 1202 1710 519 1263 146 199 1862 237 788 224 661 474 1386 84 566 990 1182 539 760 888 854 1202 514 675 1076 803 918 468 1622 1901 1471 1684 1172 1355 455 291 641 605 877 1801 1753 627 347 346 1510 1682 575 57 1592 168 1136 930 325 383 1594 1870 788 305 1003 1540 364 1796 221 323
982 1385 1485 243 40 59 786 891 1275 977 1559 964 1848 1178 1878 1480 1749 1905 1740 1429 1061 622 638 1009 1485 975 1471 795 704 800 522 1205 1633 1482 1392 90 1772 1158 1201 587 1230 1087 873 791 298 1089 993 153 1996 1143 1625 1269 873 190 838 1634 1733 1980 64 428 125 927 606 167 845 1391 292 588 1371 188 252 760 1972 1238 743 1241 1772 1546 1000 909 361 804 419 1698 1248 1444 763 530 919 1965 1195 695 369 1014 557 233 1669 1707 666
1723 1178 1655 1459 412 160 1188 277 1206 1709 297 1739 1622 1195 535 497 1443 874 1606 835 290 829 424 248 882 966 1058 757 1007 1121 158 69 1342 1910 1003 1178 429 1331 757 156 1948 1769 1141 1382 878 650 1037 888 808 1322 228 1775 679 1724 255 243 1088 1780 1599 102 642 1164 1593 1754 1824 1484 1686 365 242 1059 1408 1432 1998 609 981 339 1108 617 526 1987 911 576 161 1643 1383 966 110 677 1617 1844 1588 335 1722 1449 729 124 861 703 854
1246 379 1626 1530 1637 1873 766 809 105 1125 1844 1995 461 1899 1085 112 354 48 663 77 1418 245 1694 720 1710 867 102 1774 967 471 704 1118 1628 1490 71 365 49 1708 983 405 689 1829 1006 853 616 607 1505 712 668 713 223 514 1158 457 1033 439 68 1090 782 1151 250 152 1204 1331 1961 1194 724 1346 70 489 545 1880 821 1876 1690 420 1855 1537 1031 1581 726 1456 80 1253 157 461 1274 770 1154 1991 1701 643 1781 976 1465 1298 1413 1744 504
704 376 741 1620 246 112 1220 1243 1734 1408 1953 1744 1335 1308 69 317 428 1601 42 1415 145 204 540 720 1714 1715 117 1874 1575 418 1980 108 1613 1805 1092 239 1277 612 1495 1962 1386 1211 1487 964 1300 744 1531 1249 1539 1225 1178 410 1875 400 1276 647 794 1884 1247 1194 1710 1466 660 465 838 674 1362 1204 1691 1331 1122 108 1531 644 1170 856 1002 1760 932 1874 502 438 949 1265 1381 300 810 217 1638 389 1178 1070 626 669 774 1568 1294 1726 1194
1424 1705 1755 204 1198 464 1831 1652 1374 339 122 1717 1419 1345 848 182 1642 1129 522 392 1535 417 39 674 1141 950 501 924 1298 73 679 840 1863 1115 1669 1517 1580 668 212 1055 261 1918 707 580 726 900 128 1103 126 794 399 196 1460 1418 880 315 1762 1347 396 1394 906 623 1088 1544 686 1258 1331 293 383 179 1819 1834 105 1250 638 1395 1073 976 1830 1629 350 1996 1320 526 1011 1140 1781 1294 1868 1637 1054 1602 322 365 615 1440 1696 295 1886
1700 1890 1223 1694 1167 109 888 1645 1285 837 898 1064 1666 1572 1606 1433 1986 268 859 1016 1870 1518 1605 1894 1675 1671 1112 1042 239 392 681 1030 1399 1392 1783 1930 561 986 1970 1421 1218 1383 254 1570 1726 1623 195 149 1384 334 945 776 1705 906 1984 1050 1458 1632 817 219 1016 77 1694 1854 1651 506 1074 889 964 649 703 1296 122 1761 661 1780 1354 1223 465 312 1134 1375 455 107 277 761 338 92 1510 1040 1035 1084 1365 261 818 1068 510 1285 744
852 974 1859 922 910 1942 286 862 323 1494 1426 1941 732 231 72 86 1184 1983 777 1858 476 731 1170 1422 300 662 993 413 1748 666 132 1128 168 592 653 1709 405 737 1190 253 1499 744 1864 1180 1689 930 601 1974 1868 1637 396 1886 1794 109 1185 1314 405 269 697 1039 588 603 563 277 1889 224 1840 1928 195 297 1501 1831 1373 1063 1713 200 1595 110 899 1260 595 1517 185 56 1180 349 484 110 1970 1367 683 876 852 688 1613 1605 1215 299 1544
1984 406 1582 1814 1012 1887 1685 1866 1188 1300 1629 719 611 1683 1172 845 677 172 704 74 811 1048 449 1420 227 1181 626 1584 359 1183 865 148 1654 1641 1550 1792 333 1052 1456 999 1189 577 1418 1423 1381 1795 178 1068 1163 1775 1725 1403 1385 1529 299 1757 937 1101 426 390 280 1102 818 335 1084 84 1005 1326 1627 206 1415 1465 959 1838 633 96 1471 721 475 1053 1638 1241 1129 466 449 241 591 874 1675 614 805 926 1656 1448 49 1198 1171 450 1258
1541 700 97 254 1237 625 916 144 938 1975 1784 1278 164 636 974 1861 759 426 1848 1201 1041 893 605 1618 1231 124 928 1020 996 1802 872 1378 1829 301 1462 612 205 1855 1586 746 1708 1710 250 1825 64 572 134 694 914 464 1990 1442 151 928 476 1466 363 222 790 917 870 1067 950 1935 646 691 520 1613 355 1386 452 607 1392 1715 1388 969 1375 1683 1899 1585 1172 564 1392 1826 560 1934 1301 1802 954 669 1688 465 1127 1145 178 465 811 1022 1537
439 285 1213 688 161 1171 548 64 342 748 444 317 1153 1628 405 976 1891 1621 106 1876 283 189 1234 1134 620 1619 1829 892 1102 280 1299 1302 567 1479 362 259 554 704 1540 1532 1188 1440 553 512 1824 1438 315 279 1202 476 1225 1884 1545 1576 377 556 1950 189 529 812 1225 580 1790 1515 197 1248 776 562 891 672 442 57 854 188 1566 58 1818 1163 1092 413 1895 1077 1227 1101 1508 1008 745 1960 1712 699 706 1469 99 1716 1658 530 686 1951 1222
925 583 820 912 1079 1220 1711 452 139 67 835 259 313 1797 63 1713 1155 728 703 742 1077 1695 291 1473 769 1420 1963 1498 1993 1838 196 46 181 1128 1916 406 223 1233 667 1018 276 520 1103 903 1659 927 887 1111 1807 854 567 797 685 759 1738 146 432 958 1412 214 318 139 974 268 392 404 451 568 953 453 101 1350 667 1165 709 289 1613 92 1447 1352 947 707 353 227 423 1122 307 882 309 1463 1177 107 1301 536 1183 767 376 339 1203
1726 1630 1008 1229 489 1990 494 590 660 82 324 769 1191 1073 1781 640 1955 1884 112 820 1323 144 1682 643 1197 1506 533 1189 380 1007 1202 752 1344 1980 925 1885 772 1293 1434 543 984 682 1101 764 1128 59 778 1268 1115 1554 377 1761 859 1353 287 1010 1019 1999 1582 522 276 1877 638 1411 284 349 598 820 1567 1404 1532 1795 1871 170 933 1130 1624 1177 794 351 1545 1801 1049 1569 214 1112 1754 1165 506 1495 240 422 1786 1296 723 433 844 1747 1235
1841 1235 731 1598 305 860 390 517 728 1544 1113 1508 366 288 1643 1082 776 1651 1408 1056 432 1649 1246 1525 1094 520 1006 117 217 1668 784 322 1823 847 1500 984 1897 264 45 166 515 1090 575 1938 1475 923 1674 1999 1829 540 983 1138 330 1784 538 665 1902 890 1263 740 64 1078 1869 82 1321 263 1518 725 66 1873 375 219 1986 1623 158 1606 939 821 1687 633 837 849 1221 742 270 683 1397 1731 587 211 1832 306 498 590 1556 1770 1807 1088 1821
605 1895 1858 858 1420 502 1124 756 1717 1759 754 1672 901 919 1615 1639 1866 1858 1516 1921 179 1696 1846 607 1750 317 232 1104 778 199 1750 1577 1502 1755 578 960 1198 778 1867 1191 1638 1282 385 1407 1239 818 1247 1641 1720 665 251 986 1298 1093 1093 676 1255 1306 677 1181 752 606 846 634 1668 1514 1793 729 729 223 1780 965 1043 429 1603 1070 1482 1777 1861 143 1356 1721 1968 1974 976 866 1059 1879 225 387 1108 482 647 1790 469 1482 1620 1518 892
406 1209 1091 128 260 314 1348 1850 1213 1084 1453 1024 661 374 1857 416 1198 1593 887 1879 230 1158 219 564 1619 1407 300 333 233 41 1757 790 225 905 85 1842 728 1516 534 796 1998 309 1761 1179 1509 1636 1093 1002 1436 52 1366 1305 1643 587 945 1893 138 454 871 1689 1909 1217 1285 1917 1788 69 922 43 1949 163 1979 340 827 1002 1031 1010 1092 456 854 555 1737 541 302 592 154 856 800 1329 1388 333 725 653 1434 922 971 459 1974 735 1181
1365 1049 125 1094 1065 1184 521 1262 742 1629 126 457 885 1731 977 538 367 1662 685 1975 87 311 1446 1342 182 94 534 1917 1099 613 833 537 1424 1721 480 1371 688 1245 1140 870 176 340 314 1617 731 1827 1266 160 1626 1765 299 40 1404 1654 295 1409 847 646 180 948 350 72 278 579 1884 1659 1017 63 323 1930 647 1357 450 218 817 399 1439 1052 544 133 1019 1837 1602 1984 1726 549 1635 1906 633 638 1084 628 1465 1922 1941 482 61 820 659
1539 1940 228 369 636 522 1803 358 1153 319 588 522 1967 457 798 1119 1502 696 1727 1023 228 1814 1436 1050 623 699 283 868 1336 115 1599 1384 1176 1887 379 487 92 101 1015 1713 1404 423 822 1150 830 1631 1382 1186 1745 387 1678 1098 576 360 1362 1731 828 1046 1424 1735 1610 1068 1972 582 1263 496 147 797 1649 434 1716 900 1664 1348 1750 58 864 308 1907 719 1589 973 812 1564 1221 1422 1970 776 410 466 1999 1980 518 1518 1185 75 806 1707 1208
1909 1094 972 1772 334 132 206 608 377 1245 469 1371 521 1140 933 113 393 1940 711 980 1441 1899 1696 617 1408 1332 231 1913 230 802 1876 138 711 1609 1328 1309 389 1916 57 1887 1927 904 374 1414 526 1906 768 1351 1647 300 572 1306 1804 621 475 590 436 597 849 1421 1339 140 553 560 1376 1618 108 344 1947 1579 1094 461 420 479 409 1018 1966 739 74 1189 1560 88 381 67 1040 571 657 1887 676 1086 1290 1199 860 107 1100 1783 1428 1838 1382
1533 511 978 1022 806 1991 361 1915 50 694 612 472 1378 1489 919 1641 363 793 1671 1649 1921 1598 603 226 76 890 264 1638 359 169 780 161 367 1905 444 947 532 822 1861 509 1602 1508 1800 1299 1906 648 1571 131 1846 81 1528 1746 847 1906 832 1994 1282 1866 1984 556 881 647 1209 256 1655 889 162 1656 1551 1514 155 407 811 690 101 1955 1374 823 1539 1019 1918 1564 1323 886 774 1499 1628 1083 1287 1602 990 1017 87 636 1722 343 1659 378 550
1448 286 1229 1357 894 170 919 384 145 1128 282 1063 1203 1005 1351 125 1032 1844 889 47 196 171 1754 1289 1737 1179 1065 1247 639 1249 74 1087 1437 1382 1073 1899 245 1678 666 1285 1685 1920 1240 517 1084 417 1947 1163 486 1640 990 742 239 274 566 66 526 1669 1307 1012 351 1385 1944 1692 1627 1835 599 717 620 1338 493 1086 99 1742 1810 1982 435 768 478 1630 955 1076 1367 1441 906 488 1882 1415 1143 1023 1551 1410 813 959 1612 1344 327 1968 1931
1798 1414 346 676 469 157 1534 1886 1995 775 1976 1254 331 1858 1848 818 1000 1674 590 1240 643 349 75 811 1793 186 534 98 1220 620 721 1126 1997 604 193 831 1725 1212 63 596 1552 1032 919 1041 1604 133 344 508 1154 1978 244 956 555 1645 824 291 1848 920 360 1303 385 1143 568 740 88 1250 884 288 526 514 213 1602 1197 1092 1628 1240 414 39 792 1628 1432 1622 1963 716 1844 948 1742 224 1804 920 1571 793 892 797 433 1769 1062 486 1935
1639 1799 1083 149 1913 1811 417 963 1214 600 1007 1144 1265 522 1161 888 132 139 914 302 1456 848 1791 681 146 1102 1884 226 1898 1027 325 201 1514 512 1288 984 1495 890 1180 978 630 1137 565 1102 247 584 140 99 1868 729 1127 263 725 1639 593 1560 1447 606 500 1022 1383 1139 394 1856 181 1090 1138 1654 1124 775 623 683 1825 64 1022 1150 804 395 231 1602 78 1495 1234 1831 1268 1693 433 1496 615 400 66 751 886 1513 1862 1778 586 1926 1495
1881 609 1597 76 1530 1764 952 1609 592 1446 825 723 613 1784 1136 764 902 841 1791 864 419 753 1535 1515 676 302 1430 760 1030 1465 1645 1526 789 954 1069 1033 1927 464 1926 1242 687 1494 1321 1653 498 779 1544 1653 1794 1734 1293 224 901 959 1756 1538 675 139 506 1922 1148 1479 1860 458 1422 1810 198 643 966 616 172 1444 135 1261 496 89 586 1964 916 1797 1763 960 686 357 1684 1427 238 1599 823 721 1240 1122 631 1961 696 1709 1717 688 707
932 1550 707 1747 285 766 1086 1603 1112 301 1526 1026 1117 602 1240 588 721 228 313 112 1266 1770 1609 200 389 1791 1213 1814 1116 189 219 351 1336 791 1107 1171 994 1468 1127 1965 945 332 1459 364 385 263 1776 780 937 1936 201 1225 1747 1028 221 1146 1124 1149 207 1464 1251 1438 303 354 1663 609 732 79 1382 921 775 1787 486 293 927 1373 637 1313 1794 209 791 326 1638 908 1176 608 1846 143 1759 1203 426 843 829 39 76 1689 1882 62 382
339 495 1335 1206 440 211 857 1767 668 1013 1766 340 704 437 1576 1754 1057 1091 1341 410 1038 305 1211 522 1383 201 1364 1834 571 1338 1054 1364 918 1774 1578 864 178 175 448 1613 779 1120 1587 1579 1094 1952 1940 735 463 1331 129 255 568 821 1693 1235 446 1951 177 427 1983 531 283 985 637 1457 1093 768 252 1181 514 1355 953 425 938 479 161 1306 1694 1441 319 627 539 246 1494 1645 1891 857 337 84 1834 1919 1436 1302 223 1569 1098 1353 310
1170 1245 1854 840 1604 1258 238 560 844 156 1110 1791 1939 1464 1898 245 1233 1812 694 1928 1143 1639 1639 1873 1004 865 1726 1684 852 1792 779 1995 1352 532 776 1684 1719 1615 560 597 1995 1706 209 730 1392 81 864 251 1923 442 761 441 1606 272 1738 1711 633 963 251 652 1588 1859 699 90 1410 1916 826 1439 780 1006 1066 602 1696 676 1745 1413 1637 1605 187 177 846 769 90 878 304 1412 1073 996 59 1203 1168 1260 1152 878 760 97 1055 310 327
1344 537 1194 122 119 868 1117 969 361 301 929 1420 425 1062 423 1217 688 1893 1068 600 543 1288 1778 117 1642 181 1999 291 1828 1986 1565 727 359 500 76 485 61 1045 942 1350 1452 239 440 290 217 1530 911 1543 1339 147 1954 750 1363 1250 1458 547 1992 405 1547 846 1163 1211 1267 679 497 97 1464 1637 158 239 950 47 1778 1472 799 54 1315 1818 1326 1383 469 151 749 845 532 1794 1896 973 1804 928 211 1498 1236 68 255 1957 1495 643 587
779 1308 1585 1102 856 691 1981 1346 895 963 1314 1885 428 1492 824 1630 473 1008 282 573 1451 84 1158 874 790 664 1881 673 1200 1424 1997 171 1848 91 1769 321 1265 771 1633 864 511 1698 601 1767 111 272 1592 1948 661 1227 954 604 826 1024 43 1763 1460 1977 1945 1283 1095 1583 605 43 410 141 1016 617 1679 1940 1388 1914 790 160 1461 1276 1240 1584 427 80 737 997 811 1518 1647 1066 758 1924 623 1228 1263 1382 1360 1992 1265 467 732 1360 164
411 1875 1667 1542 231 549 1037 1568 1637 1653 1274 1899 1311 96 905 1391 1217 1124 1839 1102 840 757 348 861 1577 1877 1972 266 564 873 894 657 1010 1414 646 1522 424 1417 367 1171 692 1315 381 485 766 1935 1326 1882 690 173 1933 1547 982 683 85 1381 1251 1317 1729 1462 685 917 1382 1800 335 1190 1044 1266 862 576 860 338 927 1729 2000 983 683 90 1662 1703 473 461 1000 321 1333 658 597 1731 511 679 1359 1571 241 628 1328 755 1155 303 204
630 354 1361 1290 1708 267 1225 93 1637 781 636 514 1850 1643 684 952 1459 1111 1206 1241 1020 1961 1128 1052 952 1427 419 808 594 1273 181 478 771 1280 899 1217 481 113 1840 1664 1202 46 1278 1190 1966 312 872 1629 487 1350 365 984 1136 109 653 1678 1851 1778 1171 476 1456 410 452 1360 1187 571 890 776 1687 1610 1645 863 1488 1038 1947 1104 931 775 841 417 493 1352 1740 750 1617 1369 1536 277 1922 441 491 392 959 1756 1498 1849 125 693 1338
299 955 1735 1628 168 1092 74 675 1000 193 1983 1740 478 566 273 1735 662 66 1708 1509 1627 502 134 1550 1398 1633 402 729 248 853 628 552 1281 995 1720 1770 1561 880 1177 1060 1028 233 1055 1749 1144 1092 1428 1146 454 1167 1155 49 994 773 88 524 200 149 1586 1603 257 85 963 239 1492 616 1173 1424 1822 1050 1337 291 1330 969 952 1761 1256 799 721 1421 438 1575 859 515 1968 1328 560 1499 1752 1430 488 688 1539 728 1353 1788 653 1584 1415
898 1746 1725 736 1121 1455 762 842 1073 918 1088 379 1723 1708 520 349 1336 386 481 867 394 987 616 1257 1771 718 1890 1886 1348 440 385 1554 79 57 1573 1167 1067 355 1720 1808 319 127 1322 1488 1279 50 182 861 1892 1986 388 1352 1240 89 1097 332 1747 780 1810 338 49 1936 1966 1619 977 873 1731 732 1247 315 85 1142 1088 1140 1167 478 369 1842 1010 45 355 1418 1168 628 869 65 1577 573 425 1671 1786 1396 459 1117 1869 805 1847 1144 509
722 1673 1650 1732 1187 1997 215 1001 1270 1887 1682 316 1188 945 1066 899 1876 1094 1914 1952 1254 327 679 486 374 699 1012 170 603 1892 462 849 116 1245 740 1959 1487 1624 180 1710 177 557 837 735 64 986 1654 1300 458 1826 153 182 1986 215 1658 1013 81 530 1711 688 880 484 475 904 1463 1675 1427 394 1131 878 1406 763 1997 1764 1735 215 630 1308 1831 881 225 695 477 1693 1543 392 708 1091 1014 1152 1717 1969 1252 1666 759 1882 490 1607 76
1989 336 1620 1606 64 1164 560 1908 1820 709 1526 926 1790 753 694 1314 1536 792 151 1081 328 972 694 1102 413 1670 1416 399 1193 1208 534 1886 329 1616 372 1724 849 1775 1487 1220 1175 420 835 327 1590 1268 366 699 1054 1931 912 238 802 538 1473 1106 1467 1836 1559 1119 474 806 179 1451 1969 1934 115 1037 737 516 1302 1111 400 424 1344 1513 313 639 687 379 240 1992 922 241 1760 145 1359 613 587 414 1738 816 1286 630 1739 1992 1511 1928 450
471 1982 1364 364 1047 848 136 613 1930 1047 345 1116 338 868 1295 1342 701 1201 462 1037 1051 1100 1903 181 615 1188 1291 1378 837 1429 1987 761 664 873 506 1057 1076 1147 303 494 1080 1705 1304 1783 1925 1983 880 951 1705 765 633 870 1875 856 1716 1575 942 205 1674 1413 606 93 873 1768 182 1268 43 1521 1439 327 1803 1042 1897 507 364 1305 1768 1281 1742 651 883 52 825 1284 1946 859 1686 755 563 252 1686 1086 1363 788 231 636 819 1057 172
1335 407 783 753 512 1319 1681 494 725 1405 198 1872 136 1849 546 1058 1010 910 1350 64 1359 1265 1786 298 1082 616 1143 872 1750 743 1393 532 929 1546 1391 1456 663 302 1914 1966 1153 786 579 1561 255 256 1690 1383 1591 364 631 146 1890 1209 472 841 1760 375 364 807 55 1146 598 616 997 1735 847 1491 78 1272 1152 1947 1414 848 1744 849 1029 1076 1271 530 1499 1898 543 1438 1217 997 537 1786 1584 1470 229 143 1053 767 49 1526 1127 216 419
1909 461 1832 1224 1381 396 1727 871 111 1673 150 539 215 58 1998 992 1439 922 150 625 460 1243 1590 1164 1488 1394 1774 1838 877 380 1115 608 961 724 1842 546 862 1178 420 54 850 777 1850 1048 424 1369 1652 1114 1117 204 628 1468 720 317 1547 662 523 1024 928 1299 444 47 1696 1151 1160 1524 1846 1172 41 1217 387 238 1565 1810 1415 936 210 1949 82 1244 1189 1761 765 1554 1356 615 390 167 1905 1631 384 163 1266 892 1763 1604 844 1132 898
1947 1561 1372 1947 814 507 554 651 428 435 1717 1012 160 1538 1198 1919 1840 423 1458 1670 939 1401 1733 426 1458 1866 815 527 757 62 1118 316 261 650 1389 312 992 186 222 82 56 236 1441 1687 588 1005 368 1236 1246 38 1308 1058 1869 341 415 596 1232 82 821 324 1698 1934 958 1459 1304 484 1996 1284 1086 1178 899 261 1116 856 1148 1573 717 1149 145 503 262 1362 776 1818 1389 650 103 1190 523 78 664 778 751 1602 535 918 1240 435 126
546 52 1216 1318 1663 338 69 1807 663 45 1663 434 1238 1223 1333 1128 1105 1997 1418 1953 563 624 700 645 669 211 1554 1023 1175 141 405 1190 894 1623 1737 1828 1071 1100 1124 499 74 230 1766 1925 997 1929 1804 1177 1649 1528 255 1905 53 1205 1910 1419 1099 834 1440 96 736 666 402 1761 973 1187 1055 601 1765 175 1489 454 850 1438 1707 1670 1121 1457 1179 558 1147 1940 1066 1536 1160 65 53 360 303 620 730 1444 1024 1061 560 1604 867 1179 1020
1240 132 1691 512 246 173 1079 1554 397 1737 937 1704 133 312 466 517 210 1628 984 619 173 1086 309 90 1454 287 631 145 512 927 307 757 42 1359 443 1977 442 205 1852 608 1713 590 807 1626 411 1092 1008 1566 1550 152 1160 1171 1656 48 841 1381 1940 1063 356 103 1674 1768 405 1375 1487 1370 1917 362 287 419 1352 745 1923 886 1009 871 379 605 1574 723 292 689 1809 1745 336 1903 1565 1777 1334 1344 1106 1505 1046 1520 1541 468 580 586 511
1255 638 1343 1093 319 796 1489 793 77 428 1332 368 1375 938 503 903 129 1608 242 854 1020 954 1449 507 1218 525 1713 1227 746 511 1934 320 154 1209 1017 1202 259 1195 1424 85 389 1007 718 1268 259 855 1919 1018 126 1876 1482 1586 1809 1863 1072 790 1916 867 1596 891 1022 1673 276 1813 1699 1769 1089 831 727 428 1844 871 711 835 400 500 1983 1294 1942 900 1332 1319 332 742 980 1541 276 1729 895 1305 1268 577 310 80 449 638 1232 1533 1890
1468 328 65 930 1304 655 243 1488 958 1751 499 90 1148 1302 937 989 596 488 1140 1248 1029 1258 719 306 525 1190 133 776 1172 1071 1528 1471 287 1032 841 952 1976 930 584 1439 1401 1263 390 170 1280 64 997 655 1656 149 772 1041 1788 733 388 1098 967 558 685 1911 1211 325 469 695 926 1287 1074 421 1815 204 1103 1104 195 1248 1262 1644 121 1488 827 1104 294 971 502 1583 1109 1476 69 1792 956 1219 133 748 607 367 56 1278 1919 1326 997
1348 1600 1577 1278 1605 1587 704 1783 215 514 145 1160 657 341 1823 1114 1046 314 1644 337 1182 1292 1290 754 1608 1854 737 464 488 416 1991 1563 1399 245 808 1024 989 592 789 1746 182 1851 923 825 1619 317 1597 1971 1892 1205 1863 1035 492 1803 1255 1821 540 278 1275 1517 1746 235 1396 1129 366 1266 842 1868 704 1642 726 1868 1703 1278 784 1432 677 699 176 223 1241 375 719 863 222 1515 1036 1569 817 1695 574 141 303 677 1398 148 1544 1009 1003
1263 1879 1699 933 66 973 1714 1121 1103 1839 1573 808 413 1885 1773 1815 1710 1926 240 171 734 1568 243 868 167 493 1618 543 784 1918 427 1327 1408 1193 84 1647 1653 439 82 1290 1537 1535 1438 1843 1154 305 221 830 401 746 1703 1559 1559 1297 1136 1179 1946 1235 1172 1703 1816 1772 566 1772 428 102 416 379 708 1337 868 361 942 969 1738 1072 1189 792 1028 1213 873 1904 1187 73 943 48 1249 246 1547 132 1365 1891 1570 587 605 51 1398 328 1417
1136 1458 1933 393 81 515 233 1161 411 1765 945 960 1031 827 871 1232 215 629 196 1268 657 579 354 1467 1863 86 1726 1572 1064 1740 318 1594 1856 1789 658 577 741 1099 861 1135 41 1711 1662 215 1999 744 648 1819 1797 736 1526 1390 994 1084 2000 1730 1608 1073 1660 82 991 103 1739 1613 885 1502 1405 478 1767 53 1517 536 552 398 82 256 1444 1749 1162 1546 1317 1131 854 530 350 1034 719 1612 1524 734 359 488 1237 1258 1404 170 1309 1908 385
1414 541 268 1511 777 1560 80 1557 682 921 689 441 1169 1565 1433 257 829 287 1770 1651 1350 67 902 509 176 962 602 722 1253 1902 932 1819 1255 257 1737 423 130 950 798 1008 390 533 533 907 646 1430 1596 1592 1974 912 1936 775 1174 816 414 1824 1140 1413 240 1547 994 90 1143 1659 717 689 379 58 197 732 969 980 1713 1094 763 331 1507 209 1323 1581 997 1671 1785 1010 1305 1283 1190 256 1923 805 369 317 817 1167 1928 149 406 746 197
1113 609 392 720 645 1777 1174 712 1462 1936 1732 655 449 1493 1138 1220 828 201 761 1564 1149 1367 1403 632 209 1552 236 1432 1418 437 1219 917 1797 406 1198 516 330 1522 1227 1911 641 110 1801 553 545 1265 360 1956 1515 819 1118 207 198 751 677 1108 1122 887 1646 886 737 812 1652 1530 1172 1955 1689 1156 323 1397 1042 237 1531 1457 751 1934 1249 1347 1681 58 700 223 1490 253 1902 1655 1117 355 1465 223 345 687 804 1044 1889 1262 1904 1731 812
57 695 1942 1300 1435 1590 1794 702 1921 1901 1692 691 1838 1958 184 250 1629 1698 246 627 1084 878 1944 1111 191 1348 1326 1699 951 836 1498 875 67 1475 1629 1635 882 1676 650 1628 727 452 768 1335 897 698 1290 100 880 488 634 164 1939 851 1754 493 1051 680 566 772 697 375 467 668 445 513 396 1985 867 952 1085 1568 275 1869 475 1596 295 1026 1958 1804 1561 1300 1723 1397 624 768 59 1739 748 1608 318 682 1422 1030 1178 763 1577 334 1413
1420 981 1979 855 1514 1450 1883 1431 755 983 642 1590 59 889 1645 1340 1791 1548 1857 1185 655 1021 1601 265 172 1939 1611 278 1755 1638 1663 1468 511 1638 323 1042 1895 376 692 1011 941 221 1434 1339 1157 340 368 333 1280 540 1284 1598 714 227 1246 1356 457 1293 1198 289 723 310 880 581 1308 1723 1626 762 1001 1360 829 1191 1867 216 254 1965 1600 1343 1780 1023 1095 338 607 1888 1492 777 1677 713 1502 1721 1683 1384 1241 1153 1792 1997 97 564 611
1286 72 1785 475 706 412 1067 1282 1472 847 1536 1333 1314 1602 1951 858 1258 1591 324 1263 59 1611 393 1094 186 817 595 1895 622 1523 269 700 540 1751 158 1114 347 1607 1730 528 1190 342 271 1119 1549 537 1527 587 866 1016 780 293 1798 388 1388 1067 188 1493 323 1402 1852 1513 1625 279 365 652 624 85 996 1591 426 1324 687 762 1945 258 990 1243 367 1945 104 763 1258 1387 580 699 205 750 161 1206 189 888 1953 429 355 1138 1425 433 400
574 1467 1902 1497 596 106 1231 1487 1956 755 1888 591 675 318 1851 1795 67 1545 410 1009 345 247 1640 587 307 1795 1303 467 820 1825 647 1755 1040 664 280 500 834 958 1479 42 1739 1466 944 1418 1804 1470 1784 214 1244 1289 855 1933 1878 781 575 1458 1940 380 1002 1106 270 249 1460 617 1072 1513 1445 1277 1454 1411 1849 1059 595 1091 347 1921 1606 1756 48 562 971 1802 1706 1928 1370 1887 124 1320 1558 524 824 1066 1282 1464 892 1301 246 1730 228
845 1352 616 337 470 1050 1027 1546 819 1513 1912 1838 1334 1939 454 1973 1175 1378 751 1633 1574 1769 41 1403 956 1997 416 124 1197 1818 1677 990 381 273 61 1052 49 1874 1185 232 991 880 1494 982 191 1114 1182 590 878 799 819 585 1997 253 1936 1333 1618 1988 1066 155 784 1769 431 369 912 192 844 1836 327 1412 401 451 71 294 50 1142 429 1720 1542 716 1098 1345 51 1306 153 1910 81 1473 407 1099 512 49 86 1339 1088 607 567 1385 717
551 412 1513 736 1457 1022 1985 1045 1875 1551 1843 359 1126 1750 1070 1291 880 617 820 217 1434 214 1985 941 648 1629 1344 748 530 1631 1443 176 1940 1123 850 1798 1840 774 1774 875 1974 1639 1107 1648 901 1223 843 1897 1514 1039 1041 1503 1334 1819 892 1395 1242 1011 220 733 261 358 1173 295 1749 1451 1013 1709 493 620 1046 1232 841 488 1852 495 1005 1480 1593 977 724 1954 1697 1227 423 935 219 1498 1141 1433 1074 1465 1020 1869 1245 969 640 1715 1208
1437 1151 710 663 458 832 190 312 314 947 792 1969 383 1731 1888 698 1285 625 390 1839 1066 1439 541 121 1702 1983 1714 44 1496 1056 406 1392 1254 1763 1631 964 1019 1779 420 527 890 951 1208 1469 788 521 874 1422 326 1619 1285 834 497 504 243 413 92 289 1179 1522 1169 957 1064 512 1526 1776 1276 1966 655 1958 223 1023 1108 1541 1290 1033 102 744 1245 937 431 1047 1820 197 1553 1235 441 1042 1849 642 1197 470 1235 667 1092 1605 1924 1737 905
1787 1230 840 1323 488 740 1994 1795 1279 359 1363 572 397 1612 393 46 433 896 1637 374 880 1886 609 389 1753 1758 1709 778 1983 834 1321 253 188 673 1056 97 1696 1611 1890 581 923 1619 574 688 538 48 862 722 352 1649 1703 1203 1509 303 1401 564 693 250 1501 1538 1878 1453 1501 870 1704 244 546 1107 1117 137 935 1831 913 1976 1692 1212 295 1033 1821 609 406 456 659 495 755 1808 431 1015 1313 684 1408 405 308 1568 1798 1203 537 405 408
818 1268 1466 515 941 499 1678 1383 725 1521 349 396 42 1110 43 1475 669 1320 1389 509 1676 638 1343 1828 258 1753 433 278 1512 1551 56 974 1916 1698 240 1937 803 367 765 639 895 931 1312 1479 1168 1867 962 1054 755 182 1190 63 1338 1642 1677 631 178 1255 1910 1401 1704 67 433 433 746 155 1591 546 1407 683 846 1855 387 1495 1064 1249 1656 386 1413 249 707 1749 897 1165 1780 508 1329 606 1754 1662 728 1700 164 1480 1006 134 285 442 935
42 638 704 185 569 370 843 1147 1106 402 526 760 1694 816 1367 1466 1296 121 154 1897 1227 1606 302 730 181 809 63 1237 659 888 48 254 1295 1120 1713 1166 777 181 1102 1236 996 663 909 525 1957 1122 1220 606 1579 188 227 1047 615 1406 1143 760 1068 734 1539 1956 1238 904 555 249 587 1993 1333 661 1199 1661 433 1097 787 1218 1213 846 764 2000 1112 44 1099 944 1424 1151 1224 411 1842 1511 1044 1395 1502 1437 921 189 572 336 593 288 1174
1828 1546 1685 500 1179 64 110 1179 96 413 1029 1008 228 1614 1206 1375 1235 228 1755 426 1809 51 557 704 1871 1125 1100 1421 1990 575 1117 1354 1727 969 218 1374 649 1674 332 1602 1733 1645 1218 1039 1697 1261 1399 1693 521 1886 1441 1352 1746 1290 1724 954 928 160 1617 1455 1480 1675 1391 1264 1538 986 108 1122 1899 1914 599 1964 191 717 1608 912 957 854 222 1124 771 1638 1314 426 336 1211 201 987 1574 458 848 1737 262 832 1799 1349 471 973 1404
1518 361 1891 1238 1428 1664 1349 1957 1289 1870 1507 939 1025 1191 1038 215 90 407 1864 164 977 877 1930 1570 1737 1266 409 129 946 1653 1706 1154 1749 1163 296 1051 593 774 1399 1390 830 1131 1125 371 469 394 1841 661 199 1543 918 927 1951 615 1757 226 300 837 324 288 1999 1142 1028 667 1954 1683 44 653 325 1151 1883 1713 1316 1412 1458 493 1345 320 1319 994 1764 1460 269 278 1276 1178 77 1641 1733 1300 617 150 1626 87 1318 1205 475 562 1424
104 381 739 1674 177 1938 1940 636 174 1091 943 1070 477 1248 1893 359 754 1682 1194 1762 1758 902 363 1839 1748 1719 1999 1436 1409 1119 1250 1311 694 578 605 258 636 91 277 838 1475 167 1053 1929 86 575 1916 1755 1605 1655 452 1493 189 1857 539 334 1080 1682 160 1056 666 1383 1786 1011 1394 1790 636 1447 425 1383 1724 40 217 265 608 830 548 1251 1286 1993 941 1706 314 1236 222 1755 1480 1592 1053 1189 1404 1430 456 1477 1682 1752 243 1820 918
442 1523 404 1863 1436 305 793 1720 208 377 1020 1230 1279 1235 649 554 611 183 463 1174 1215 1472 1350 1164 1081 632 1979 541 1931 223 1078 1322 1690 1938 1130 298 93 1571 843 1401 1353 180 1126 900 916 1473 1486 1345 52 1481 180 1423 1198 1406 1577 955 1897 1002 1466 1781 659 42 1035 540 1409 598 437 1819 223 946 738 372 71 1310 433 922 1541 84 813 690 984 1942 515 199 708 950 762 1701 868 921 1633 481 1275 809 84 1384 1723 696 873
714 73 897 1273 1513 425 1913 515 1222 964 855 585 1292 934 1688 1446 78 795 1017 812 977 1483 665 213 831 1941 146 609 1944 655 1246 434 1375 949 403 1341 637 1991 674 1936 1824 1423 1715 476 754 383 591 1739 1182 469 1788 946 479 1750 463 1190 646 539 418 747 1679 1347 1015 616 826 737 55 688 1196 1412 1711 918 1467 1158 1823 1013 390 1208 1406 1701 772 624 1129 61 519 1076 92 1455 1554 1551 709 74 1413 289 1066 535 106 586 1466
1289 949 658 1249 316 1533 1665 1157 821 1914 398 1543 1801 1704 1871 1853 659 1401 1239 454 1395 1354 739 135 1771 207 1053 838 844 935 190 803 82 400 725 154 1979 160 822 922 959 153 848 1297 915 51 236 537 1966 1077 1871 1410 980 1860 849 1787 1817 1420 558 1480 986 617 337 1141 747 632 1260 621 70 1466 1731 596 1755 141 763 712 1804 1408 97 80 1513 1211 669 1196 341 270 825 1734 1758 960 55 555 1356 270 360 491 552 755 1143
1055 103 1025 1526 1473 1259 817 1304 753 1709 1244 457 483 433 1701 1621 1927 1150 548 504 988 1445 998 232 674 552 1106 1683 1429 368 664 450 399 494 1767 1777 1738 1709 1316 1693 1551 1960 1798 239 807 509 1062 100 549 734 462 1019 415 203 767 807 72 88 1093 730 878 543 245 1038 1068 1990 40 1220 1396 1479 1935 1762 1023 918 896 839 1725 1239 1340 1316 1809 506 826 294 326 1344 1834 146 1447 853 1631 526 711 901 1543 1453 130 200 134
1268 1470 1175 619 372 558 826 1932 1609 422 429 448 1071 192 1458 1558 477 1087 217 280 1734 570 178 672 678 1861 361 502 643 1460 123 343 1674 675 291 404 334 121 1748 1544 1036 995 455 1005 876 1117 822 1495 1679 1921 1837 411 444 1398 69 977 514 1777 450 1114 1507 46 1823 1222 944 121 547 595 355 601 575 1353 1452 1302 823 1110 889 531 1295 1327 594 1115 504 840 192 1750 149 684 860 688 414 887 1463 55 1405 461 636 568 595
1076 335 674 1622 1903 1187 1014 519 1606 1877 601 1812 1838 514 1902 1767 963 1376 573 1579 577 97 843 352 1835 500 485 1222 562 1647 1253 1108 550 1958 1313 935 1666 251 1210 1341 579 1678 1284 888 1358 524 107 1043 1926 1870 282 1175 1530 1241 1182 1213 279 1182 1459 662 193 1253 1060 479 263 1048 694 610 1170 155 1061 51 818 1488 324 1914 655 220 426 284 1937 1126 1082 1804 1177 172 700 85 1552 1761 890 445 464 780 1858 1875 278 303 465
360 451 550 1146 1529 1970 950 310 1184 1967 1078 1902 536 954 1957 1755 1195 1752 718 1175 998 1376 1306 950 288 1403 686 70 1468 66 487 847 60 1983 1416 519 904 339 1488 1621 1628 1740 1951 1469 946 1093 1112 628 784 287 1150 315 1573 1348 1839 222 66 384 560 1576 206 1635 1594 1027 1127 1863 285 47 249 66 626 1836 1449 1610 1995 1010 1511 538 1045 289 1968 377 1218 1943 281 1096 1481 378 1199 1930 705 1506 1062 720 689 523 1215 203 1287
832 1697 979 1594 44 770 1932 1077 679 1324 803 1482 1116 2000 1202 794 516 1747 1030 1310 89 1931 1053 1727 1319 1005 691 1535 1943 898 1722 625 1077 1762 146 1555 1758 1255 604 1537 481 123 847 210 98 846 455 846 1320 1432 1552 1252 1699 286 1088 1020 741 1373 1190 1042 970 912 1805 694 1970 358 513 246 267 1599 1889 919 71 1254 790 1897 248 1185 54 890 1443 1154 1094 852 39 138 167 410 729 841 1852 1822 884 779 1432 91 1212 1590 712
1147 1756 659 538 1992 712 275 1155 631 1190 761 1804 947 1164 831 832 264 1464 1802 1813 268 1682 1278 339 1418 204 393 101 1051 664 1979 1916 500 977 1382 999 1356 387 270 1463 337 720 1615 343 960 791 648 1935 838 305 1835 421 99 718 896 399 1498 921 396 738 1813 1451 71 573 839 275 404 556 1622 1618 1841 256 835 1303 442 214 210 1273 264 465 1985 251 1465 873 705 1663 1512 1054 1206 850 420 277 1910 1596 565 1382 797 960 1791
508 1784 1096 1344 1168 1764 821 986 165 243 661 1568 1499 773 434 1706 96 848 929 1665 150 1467 896 1437 457 593 935 1952 982 1377 956 1922 872 754 258 1667 764 2000 1619 1062 1385 1941 372 1998 500 176 703 192 1200 970 1840 1537 822 481 922 274 945 961 1499 1997 1301 853 1656 94 1762 707 391 1458 315 1611 1870 1402 850 1597 505 52 182 1029 72 1600 1299 849 311 1577 1688 188 1919 396 1505 734 1248 894 543 1447 1657 1448 1217 987 1056
1590 297 1278 667 355 1109 1697 805 1932 503 266 644 172 1526 770 337 332 1943 1179 1085 716 1992 892 340 865 1996 487 477 512 1499 860 288 1038 589 1501 779 1732 1872 925 667 1364 1028 322 729 914 939 942 468 1126 981 526 285 720 980 1546 156 471 1886 1210 721 998 46 685 486 1003 681 1224 213 285 1163 820 508 1746 1900 525 1928 1735 860 1291 273 491 1319 624 728 441 857 1356 1527 1675 1728 1376 1407 311 1066 160 357 1577 437 790
448 1531 52 1084 600 1643 709 1191 90 120 535 493 1726 1494 1161 939 1613 277 1557 276 1996 232 1067 727 1890 1318 223 73 1010 1156 707 1537 749 1339 675 550 68 1060 920 1287 623 1771 1856 279 357 994 461 167 1101 794 560 1905 518 1770 819 1962 1274 1166 1123 551 1239 161 1543 313 1510 1629 749 1900 1818 1642 1481 1561 250 578 1506 343 976 1800 160 955 1611 758 1123 1329 1781 998 1303 1331 960 502 205 1438 1651 67 441 261 1494 766 633
1058 1930 1759 1536 1408 1917 1986 1563 1469 574 1889 1570 469 804 474 1880 1404 517 1527 869 1375 139 928 1057 1327 541 1037 980 1004 977 1583 1369 1721 642 1423 1979 46 269 1589 1446 1232 1881 1849 1106 409 599 412 390 779 1300 1145 611 1324 1675 82 892 494 360 363 638 1020 1563 1600 166 1035 1966 1499 1938 1223 300 1233 1257 1434 1390 1362 270 918 1291 1410 1950 1365 907 1040 239 1396 714 685 151 509 279 1876 430 361 1649 259 800 960 1133 364
1909 1834 867 384 1189 664 745 173 1347 203 1548 343 966 1656 864 119 246 1250 999 116 1328 115 1459 61 1363 1069 760 1881 465 447 865 1963 418 1549 1751 1803 740 570 1619 1629 725 800 1163 1714 172 654 1171 101 1114 364 514 837 1715 1314 1195 452 1681 492 922 1725 373 1301 1573 1867 1869 1616 519 187 878 170 443 1878 88 1931 853 1553 1220 621 1476 220 186 1959 130 1347 656 1315 148 412 1204 311 368 720 1830 738 970 1010 263 1344 1548
1962 1875 751 1728 87 522 1466 1083 769 1732 199 1278 1939 682 645 84 511 1899 1762 210 1495 1702 267 1006 339 1522 1782 138 1968 190 1827 1906 982 760 387 615 783 1147 815 694 433 1383 117 897 309 515 862 747 1283 1053 1669 164 807 431 510 1362 1252 154 1289 217 908 350 841 1544 79 539 998 1701 912 1862 239 1028 1195 528 238 1882 1835 1715 783 1652 1481 675 1147 1988 231 1694 1796 89 165 1070 751 410 147 1393 1871 750 694 977 883
213 1407 1769 993 220 1907 995 142 1505 1309 422 1356 1294 668 285 228 630 539 181 194 1686 1415 449 791 1740 1479 1417 373 939 305 557 1807 249 1502 955 431 1660 414 575 1497 1195 1641 612 1183 1254 914 666 1414 699 805 1174 1988 968 1449 1036 1956 1153 1079 1260 260 1899 682 401 1125 254 1492 1260 1613 1609 1781 1664 1764 273 704 1161 851 1489 1521 1320 1828 1944 1545 722 1128 1144 421 1157 1962 927 482 1756 758 415 1594 353 1615 1864 1524 1379
157 995 1633 1656 1667 1044 1939 348 183 329 1169 1843 480 1799 1576 755 403 454 408 1580 1785 645 1490 390 909 1662 1418 1723 1851 275 258 1376 1514 673 1057 1759 1058 1539 209 1541 783 1739 75 549 808 683 569 645 1252 228 1305 1991 1533 123 871 1316 368 1136 1626 1205 331 544 337 1307 1937 1658 1101 1899 300 225 658 455 941 212 1373 357 1665 40 1592 1920 1010 757 1796 798 1235 404 756 1035 1743 172 925 94 1943 1292 748 1424 1218 967 47
135 1053 1105 645 1438 1315 1175 1686 939 245 1167 1512 1389 370 705 144 220 844 601 406 1725 607 1028 1317 951 314 1573 741 392 549 1663 62 1089 184 1357 340 1361 1797 379 1341 102 339 880 1762 566 233 1237 1245 1985 1406 1257 1694 1833 1376 1789 463 1338 764 881 218 611 1528 264 1717 1632 371 558 184 1420 1716 789 1213 256 949 560 1702 371 934 518 1934 67 1341 1571 871 385 1224 85 896 80 687 907 925 144 1266 1675 1824 1863 872 1273
1464 52 1981 204 784 1154 995 1824 1133 1717 666 1557 1548 101 1335 797 341 528 1072 1347 1980 607 533 645 1126 1378 1003 1328 1870 1972 870 413 438 983 186 1675 86 92 1870 50 1117 1582 782 57 1963 761 1613 1556 1984 98 1074 744 1278 1143 1259 494 350 1389 1413 1668 1746 1457 641 629 99 86 1797 1125 1479 1522 378 277 1989 1068 1282 490 298 1781 745 1812 685 1640 1994 1041 61 592 613 1497 1316 1173 445 761 1508 696 1759 880 369 1863 124
316 1599 177 1475 1307 424 475 1196 1191 718 643 1143 1141 1403 1014 1077 1621 1519 1876 567 1005 541 1128 1752 347 1963 547 1005 1355 61 413 1648 555 588 1866 1018 1005 626 303 1540 832 287 1194 1220 1310 1516 1539 1481 622 1953 163 1846 529 1866 1062 962 1328 360 787 971 1099 800 1596 900 353 711 137 1260 221 1562 1041 1187 1760 161 902 1271 1395 1013 637 880 645 1160 322 967 258 1549 772 1571 1609 1757 1669 829 973 1140 81 78 517 1851 197
1623 828 705 1208 1585 771 1072 1049 1312 704 937 822 109 118 1068 841 1048 617 622 251 222 802 1975 409 1638 109 1278 1333 614 230 129 1666 865 1801 1273 694 74 882 1953 1254 691 945 432 1666 612 1730 1804 1477 1583 302 973 659 843 233 1889 786 1626 1414 95 1379 40 386 1055 1888 800 1761 482 754 1079 352 144 819 644 925 285 571 1690 1243 526 119 1609 612 1415 1387 506 189 195 584 318 183 1453 1742 1390 1042 1870 467 616 559 1497
1464 1581 1698 793 724 159 1648 1343 1018 1295 844 1029 633 1638 1705 239 1615 231 120 263 433 1674 1371 53 602 1249 426 1938 1611 1180 826 1071 140 1926 1889 983 1249 900 1423 1586 594 329 892 1588 893 1722 1631 714 923 857 397 532 853 934 1735 1460 1428 1324 1817 206 1570 735 919 149 180 314 191 1093 606 327 754 1605 805 1097 1113 1815 240 255 1217 872 641 497 1933 979 1872 525 1603 906 2000 975 1771 1665 1988 1955 1212 1316 1636 1240 1505
1871 436 532 1168 1669 1974 1799 1950 315 1243 852 1148 973 1505 1594 1847 1543 861 43 1154 362 472 1752 1103 1079 1265 1550 732 1920 42 1960 1260 1477 1098 1953 708 1524 1079 1040 463 1155 96 1752 580 1544 1110 139 1724 1356 1168 967 216 1272 1284 896 762 635 1819 662 526 951 352 340 1309 988 1086 1812 987 596 594 790 1311 1305 142 1115 281 2000 378 1759 146 1476 1524 777 814 841 816 185 477 723 659 150 1083 214 633 538 301 1057 743 1766
720 922 819 669 264 1237 1481 743 1254 1233 1398 711 744 779 754 591 1690 1630 740 41 697 1898 975 1001 784 988 1897 59 175 541 711 640 1021 1669 874 1114 1275 416 383 602 429 1740 1945 1672 1601 61 1698 1656 443 585 962 1295 1034 1157 1341 1957 994 895 1228 358 1042 421 1318 1108 103 1482 661 215 1577 1017 270 961 1059 778 955 707 1720 1866 1994 1012 1584 1973 1966 877 263 758 1593 1096 180 958 208 1333 213 1257 56 1838 924 441 661
1386 699 871 148 841 747 1172 902 962 1231 262 1128 717 1626 1104 1680 632 631 576 1665 138 1756 1292 1205 740 1223 639 1951 47 1199 859 172 598 470 137 875 1528 80 124 120 1479 602 1455 1436 992 1828 817 1363 470 1585 1438 995 138 1521 1285 103 283 884 832 1141 1893 1424 799 1035 907 1092 107 269 510 671 202 1067 1323 47 1805 631 403 166 87 301 117 948 998 87 113 1013 1382 44 1485 853 339 293 512 1360 939 1363 89 1344 97
549 293 1435 899 304 1140 118 789 1030 772 1907 118 528 1874 801 1789 1116 174 834 1502 821 391 1163 1957 203 1905 214 258 1220 253 1514 1346 891 552 1319 1976 1646 424 1704 1770 1123 1884 985 1591 728 599 1015 1205 1434 936 1229 1245 1048 1707 1595 1382 184 1398 382 1926 1252 1569 1641 1331 364 301 1873 1292 469 1626 143 629 77 1279 412 941 371 1570 1209 937 653 394 925 1446 1292 531 1682 950 1223 1497 1359 155 922 688 137 446 883 1020 1542
